0.3227 0.198666 195
0.146795 0.202945 177
0.312721 0.192875 189
-0.25359 -0.160968 217
0.193769 0.0752104 284
-0.131931 -0.418585 278
-0.321891 -0.208679 192
-0.251898 0.161802 119
0.0908462 0.0691555 272
0.24598 0.194619 189
0.00238074 -0.0331945 293
-0.0901589 0.111847 170
-0.187249 0.175495 122
0.117884 -0.0159486 280
-0.06582 0.0433051 217
0.156421 0.0323494 279
-0.0164069 -0.23083 286
-0.050643 -0.0333916 301
-0.211988 -0.39661 276
-0.128756 0.00453456 212
-0.119242 -0.317308 274
-0.228076 -0.452151 277
0.321145 0.0925934 297
0.209237 -0.00387853 290
-0.243631 -0.287175 295
0.171438 0.187667 187
-0.00611712 -0.499165 218
0.106344 -0.195942 253
-0.243167 -0.238831 272
-0.188364 0.0491376 178
-0.291709 0.0713999 129
-0.301313 -0.384846 265
-0.0593247 -0.157677 289
-0.027307 -0.19081 288
-0.0080802 -0.0402652 301
0.191084 0.00702362 286
0.273569 0.041015 291
0.199895 -0.317981 231
0.133753 -0.015223 272
-0.323168 -0.0336765 152
0.0935746 -0.435752 230
-0.0285787 -0.151227 291
0.178046 0.194808 183
0.0479405 -0.269711 242
0.244892 -0.0860492 285
-0.313447 0.0384503 136
0.208547 -0.145532 256
0.286048 -0.000692459 280
-0.0567668 0.143177 185
-0.0499427 0.194469 140
0.0526218 -0.114588 279
-0.222263 -0.421032 288
-0.175399 -0.331869 280
0.201327 0.105538 264
-0.108909 0.0857136 171
-0.130109 -0.342356 271
-0.3162 0.171948 94
-0.183795 -0.262512 286
0.295761 -0.0629665 269
0.181284 -0.170033 237
0.316849 -0.261255 210
-0.281063 0.0981215 123
0.190838 -0.0860519 265
0.0614273 -0.112707 270
0.151319 0.162895 206
0.126901 -0.310621 231
0.116883 0.0429002 293
-0.0699917 0.0402968 217
0.0400123 -0.239666 264
-0.189756 -0.0991338 245
0.0177914 -0.468109 224
-0.0622645 -0.484537 240
-0.0957044 -0.126902 283
0.0603355 0.0593754 264
-0.0933756 0.175508 149
-0.224615 -0.0983823 219
-0.0683097 -0.172957 278
-0.0732577 -0.516073 243
0.147521 -0.272158 236
-0.0724296 -0.403363 258
0.27787 0.0707134 280
-0.0415236 -0.291589 283
0.235741 -0.1286 260
0.078234 -0.400763 224
-0.247294 -0.0735135 194
-0.0182281 -0.327772 259
-0.103857 -0.0344407 259
0.0193973 -0.00808913 292
0.140465 0.0361137 296
0.317447 -0.187094 220
0.00357403 0.160003 179
0.0378747 -0.410716 229
0.00207351 0.0943627 220
-0.0243918 -0.121243 285
0.0302848 0.222101 160
-0.0340701 -0.466368 236
0.230393 -0.192991 241
0.0677505 -0.44501 229
-0.000946279 0.196424 160
-0.302694 0.0561828 130
0.310051 0.0879774 285
-0.0889288 0.126521 169
0.116688 -0.461673 203
-0.0999483 -0.225163 277
-0.295711 0.0750514 130
0.104078 -0.20144 254
0.162462 0.157986 201
-0.238553 -0.388615 285
-0.263019 -0.415846 283
-0.141262 -0.422949 280
0.196372 0.126969 231
-0.274588 -0.0902216 181
0.0827998 -0.112605 287
-0.319739 -0.416284 247
0.117187 0.114773 231
0.0220565 -0.0584587 295
-0.0398666 -0.261786 280
-0.195292 -0.140063 258
-0.235299 -0.223644 279
-0.0764836 -0.468025 255
-0.298694 -0.432511 268
-0.160579 -0.387069 280
0.00310115 -0.345036 244
0.209693 -0.21205 235
0.210246 0.152037 222
-0.128812 0.18359 142
-0.293836 -0.156852 194
-0.163899 -0.158061 298
0.0286365 -0.27171 255
0.252022 0.15004 223
-0.101504 -0.248065 282
-0.303375 -0.441598 274
-0.219133 0.060189 156
0.245287 -0.232696 222
-0.188304 -0.343732 289
-0.147711 -0.222066 287
-0.00491271 -0.452659 229
-0.179777 -0.42602 273
-0.00630403 0.181538 172
0.295713 0.192101 193
0.0987796 -0.0935936 287
-0.0420903 -0.348915 263
0.0343728 -0.260131 258
-0.290451 0.0908955 123
-0.115368 -0.513447 268
-0.0617621 -0.492732 246
0.200939 -0.0381634 277
-0.157108 0.0237918 179
-0.2406 -0.0391905 186
-0.00433755 -0.186807 292
-0.0789747 -0.114743 290
0.142005 -0.302759 243
-0.137927 0.0335196 194
0.0802331 -0.383284 231
0.202718 -0.00991842 283
-0.12187 -0.387367 275
-0.0742882 -0.248637 278
-0.101446 -0.0557861 286
0.20525 0.0601706 283
0.110035 -0.464156 188
-0.0783778 0.172039 154
-0.026977 0.0567845 233
-0.127651 -0.159906 301
0.266867 -0.198106 229
-0.00739849 -0.189912 281
0.166263 -0.295238 238
-0.25476 -0.143619 212
-0.0691666 -0.141921 296
0.240621 0.0882208 278
-0.0904405 0.0711236 202
0.271127 -0.0417614 276
0.0284736 -0.241043 282
-0.233907 0.0836853 147
-0.195083 -0.125381 253
0.291801 -0.261955 218
0.318571 0.179251 201
-0.168951 0.131957 151
-0.314262 -0.112383 174
-0.0724001 -0.0581437 296
0.181798 -0.0847165 285
-0.0151853 -0.369193 230
0.0260897 -0.299065 242
-0.313007 -0.171807 193
-0.198578 0.108232 150
-0.0382047 -0.355559 262
-0.228911 -0.396969 290
-0.169323 -0.354252 288
0.194775 -0.198226 234
-0.0175402 -0.291673 263
-0.266615 0.167535 107
0.0939578 -0.202344 265
0.0864914 -0.386388 229
0.0548485 0.153661 185
0.147325 0.209811 176
-0.0944852 -0.195848 290
0.117264 -0.441661 212
-0.219486 -0.21846 293
-0.238071 -0.0788279 200
-0.0327886 -0.328341 264
-0.297665 -0.0728677 167
0.193287 0.00841183 280
-0.216089 -0.35869 291
-0.113774 -0.302493 271
0.101257 -0.285916 230
-0.0518765 -0.206875 288
0.183241 -0.144106 267
-0.251425 -0.460863 279
-0.206978 0.075761 150
-0.152152 0.171641 138
-0.16631 0.0227482 188
-0.25952 -0.158543 210
-0.101187 -0.0911062 302
-0.141942 -0.347037 288
0.304616 -0.180863 233
-0.186048 0.197316 121
0.0688533 -0.114896 278
-0.177742 -0.134148 277
-0.201561 -0.351304 285
-0.0639785 -0.158327 292
-0.0563611 -0.0569549 301
-0.214401 -0.0156483 181
-0.130616 -0.228364 286
0.0887046 -0.249423 245
-0.226477 0.215986 107
0.24958 0.138876 226
0.298494 0.159965 216
-0.313257 0.0721379 124
0.0538501 -0.450966 224
-0.111931 -0.273482 282
-0.241107 -0.015204 174
-0.135225 -0.422585 263
0.225621 0.0159206 288
-0.175003 -0.444929 270
0.00128335 -0.034682 302
-0.323961 -0.15437 181
-0.31685 0.0592888 133
-0.138719 0.0112778 198
-0.260846 0.15279 114
-0.0749091 0.143192 167
-0.0940234 -0.274378 287
0.142981 -0.000940626 284
-0.282461 -0.376643 286
0.00900847 -0.502094 228
-0.0494141 0.0330557 238
0.123371 -0.149983 278
-0.159937 -0.165058 300
-0.0640123 0.153542 161
-0.15309 -0.0676 253
0.282263 -0.0617502 273
-0.0178586 0.119582 192
0.0720955 0.0791171 244
-0.00753877 -0.0924589 300
0.00943772 -0.387808 234
-0.165737 -0.345051 282
-0.108547 0.139884 158
0.00153554 -0.503494 213
0.0624377 -0.157574 283
-0.123399 -0.399055 275
0.300948 0.20901 188
-0.17394 0.00952085 194
0.160488 -0.149646 267
-0.115354 -0.171684 293
-0.118149 -0.480286 272
0.294107 -0.0135211 283
0.0225687 -0.493177 216
0.282492 -0.133763 260
0.108624 -0.452452 218
-0.136702 0.0886114 172
-0.282409 0.0881603 125
-0.174272 0.0168297 189
-0.19818 -0.0302961 194
-0.050558 -0.136054 296
0.283436 0.204731 183
-0.232559 -0.0382564 183
0.0930677 0.0752479 261
-0.0177241 -0.184652 289
-0.0409936 -0.200706 280
-0.166192 0.0939853 155
0.00384762 -0.462398 227
-0.275272 -0.394959 280
0.139038 -0.231797 236
0.0761832 0.0985348 233
-0.202095 0.0775233 157
-0.0669618 -0.479647 235
-0.144518 -0.225557 283
0.232765 -0.129843 265
0.265809 -0.2124 217
0.0762314 -0.0323551 291
-0.207468 -0.05402 201
0.00976542 -0.306012 244
0.211011 -0.201262 230
-0.0914391 -0.513385 260
0.205476 0.213048 178
-0.134298 -0.399624 281
-0.213123 -0.445338 272
-0.00468677 -0.245693 280
-0.198039 -0.376411 286
0.2368 -0.157734 233
-0.192272 -0.27038 293
0.075577 0.188723 177
0.245733 0.165249 210
-0.0698951 -0.485492 251
0.290275 0.0283936 283
-0.216646 -0.32316 290
0.30672 -0.207873 216
0.0415772 -0.114097 300
0.0639398 0.182053 179
-0.239706 -0.211692 258
0.0434053 0.212289 160
0.0353472 -0.298909 239
-0.123182 0.000824069 217
-0.246578 -0.0252459 178
0.154564 -0.120655 280
-0.16723 -0.00142086 198
0.209858 -0.0251041 282
-0.204441 -0.391401 283
-0.12176 -0.428989 275
0.248122 0.22431 175
0.113238 -0.396659 223
-0.284347 -0.1041 186
-0.239485 0.1364 124
-0.266531 -0.0231185 169
-0.319596 -0.382175 238
-0.0282682 -0.248313 272
0.0872972 -0.179456 267
0.0193459 0.211228 156
-0.00138487 -0.407696 228
-0.106731 0.116642 171
-0.160665 -0.0414266 221
-0.173111 -0.242796 285
-0.212444 -0.381807 278
0.0623877 -0.20381 266
0.147481 -0.163483 268
0.134654 -0.0828694 287
-0.172402 -0.355359 281
-0.0143028 -0.236536 271
-0.313162 -0.0877602 169
0.10057 -0.30717 236
-0.274256 -0.0621818 165
-0.0177001 -0.326039 254
0.322709 0.0932822 289
0.0208634 0.211998 157
0.259633 0.0226866 276
0.177386 -0.267092 231
-0.192556 -0.086948 231
-0.0813718 0.154731 159
0.226258 0.13474 227
-0.112645 0.0883204 179
-0.112621 -0.329454 269
0.103487 -0.0792328 279
0.0563972 -0.508116 212
-0.293161 -0.206056 219
0.175478 -0.290461 232
-0.00536109 -0.403886 237
-0.00768039 -0.390925 235
-0.0460677 -0.207836 292
-0.068427 -0.454328 258
0.179695 -0.0761073 279
0.30859 -0.171807 230
0.161528 -0.00303802 277
0.0874263 -8.41109e-05 283
-0.278083 -0.0461019 176
0.0866861 -0.499797 202
0.0187984 -0.473395 218
-0.132491 -0.2853 286
-0.113537 -0.126852 291
0.085228 -0.0341657 280
0.321429 -0.219286 204
0.0104311 0.0899859 223
0.145895 0.0137692 285
-0.165376 0.201487 122
-0.10898 -0.1265 297
0.161596 -0.281141 234
0.118928 -0.445778 211
0.117826 -0.066781 287
-0.273752 0.0591017 142
-0.0266914 -0.20741 293
-0.280875 -0.325146 269
-0.280059 -0.409757 285
0.0175778 -0.314246 244
-0.154668 -0.194936 301
-0.0108061 -0.129643 276
-0.239976 -0.181932 243
-0.263614 0.131529 123
-0.246752 -0.136461 212
0.305394 0.182717 196
0.166583 -0.0467182 289
-0.150685 0.19327 136
-0.0547544 -0.0179083 276
-0.016433 -0.308202 262
-0.288963 -0.0211439 151
0.0739337 -0.00364463 288
-0.00609753 -0.474005 222
0.27188 -0.0241255 276
-0.127514 0.108294 172
0.188566 -0.266653 235
-0.177952 0.0603897 166
-0.0331813 -0.018501 291
0.00657079 -0.519964 213
-0.175089 -0.0733721 231
0.137723 -0.234922 231
0.314894 0.161993 216
0.100889 -0.524137 202
-0.147766 -0.178163 285
-0.0201399 -0.206738 282
-0.323049 -0.179313 188
-0.0348244 0.0526198 225
0.306114 -0.283146 215
-0.126969 0.0635545 190
-0.185179 -0.171482 302
-0.16407 -0.498178 276
-0.00885879 0.0163185 280
-0.0601238 -0.169886 296
-0.184841 -0.410459 268
0.0261639 -0.269157 259
0.144966 -0.0694581 285
-0.140599 -0.381191 275
0.0278604 0.0288201 279
-0.109215 0.163068 146
0.196146 -0.323204 219
0.232097 0.049125 292
-0.31532 -0.383504 242
0.250213 -0.309376 213
0.0605065 -0.456665 219
-0.268959 -0.092843 191
0.276169 -0.0124776 278
0.268918 -0.115055 264
0.312492 -0.205703 218
0.260014 -0.0416679 281
0.292314 -0.0392868 286
0.282439 -0.0157374 278
-0.319589 -0.04816 151
0.180566 0.183881 200
-0.308127 -0.368299 250
0.0571201 0.00696127 290
0.0973575 -0.347827 226
-0.111646 -0.435453 275
-0.252798 -0.069522 189
-0.244223 -0.187397 251
0.308045 -0.180956 228
0.0215992 -0.0285414 291
0.105495 0.0527141 285
0.135367 -0.262336 246
-0.28032 -0.0284928 167
-0.191129 -0.212881 292
-0.0432707 0.106447 187
-0.317725 0.0996876 115
-0.279979 -0.332669 275
-0.10201 -0.0649044 288
-0.12205 -0.0883131 284
0.320283 -0.119445 262
-0.150108 0.127456 159
-0.0938529 -0.286444 274
0.224157 0.179872 205
-0.18386 -0.0408361 208
0.302219 -0.165403 212
0.137925 -0.0455123 284
0.313734 -0.116463 270
0.168934 -0.0395164 279
-0.199381 -0.117086 241
-0.0958168 0.015785 219
-0.197405 -0.133129 255
0.215844 0.220278 176
-0.0288186 -0.477306 225
-0.108756 -0.221565 279
0.219869 -0.18872 235
0.0353007 -0.250638 257
-0.246437 0.0476285 151
-0.187081 -0.0540777 216
-0.00569448 0.0539853 239
-0.0587244 0.17464 157
0.168682 0.204556 182
-0.0929083 -0.380979 283
0.313001 -0.00280025 283
0.217504 -0.130947 277
-0.0863236 -0.127242 292
-0.292093 0.120855 117
0.309115 -0.16136 227
0.222683 -0.229908 225
0.240149 -0.0214266 275
-0.275926 0.0309435 134
-0.303956 -0.134961 182
0.0740557 -0.264215 248
0.0750931 -0.085431 283
0.10571 -0.328391 235
-0.152173 0.0411999 192
-0.248042 -0.193198 245
-0.121507 -0.00915294 222
0.241875 -0.255579 217
-0.173132 0.0272551 181
0.200238 -0.228969 229
0.0367456 -0.0124381 293
0.288335 0.00303558 280
0.00240725 -0.193271 288
0.108171 -0.510317 181
-0.225572 -0.276857 292
0.307599 -0.206768 221
0.0869485 -0.322297 236
-0.208878 -0.37721 287
-0.276807 0.0912909 133
-0.00326639 -0.202559 274
0.185887 0.140828 218
-0.0229582 -0.231613 268
0.248971 0.0518358 293
0.0957898 -0.227406 255
0.262107 0.0813856 301
-0.321117 0.0413078 126
0.125815 -0.241953 243
0.0553083 -0.362986 228
-0.256515 0.0678054 144
0.318708 0.186978 195
-0.175505 -0.279326 292
-0.10861 -0.0215517 240
0.123099 -0.196016 241
0.299923 0.100125 269
-0.177711 0.0516407 165
0.24456 0.121485 266
-0.0443661 0.217404 146
-0.0189232 -0.139182 278
0.0403666 0.138211 195
0.21945 -0.0839805 272
-0.228599 -0.408936 287
0.0905308 -0.375103 243
0.322136 -0.219784 213
0.0906062 0.0365293 288
-0.0393131 0.0941879 198
-0.306548 0.0674723 124
-0.270952 -0.286107 262
0.0197387 -0.124452 293
-0.201395 -0.422781 269
-0.154812 -0.0160108 215
-0.0310409 -0.153617 266
-0.0259825 -0.382717 229
0.112864 -0.153746 275
-0.209981 -0.414294 284
-0.20291 -0.483769 257
-0.262284 0.113035 130
-0.114482 -0.10458 304
-0.214288 0.172207 120
-0.308923 -0.0024996 149
0.214918 -0.0879068 282
-0.165862 0.0865479 161
-0.232677 0.13426 130
-0.223963 0.216684 97
-0.128043 -0.524608 274
-0.303178 0.124079 111
-0.0589619 -0.0655751 300
0.18403 0.217463 165
-0.0368083 -0.12924 278
-0.313633 -0.165357 187
-0.13924 0.0760107 177
-0.213645 -0.151429 251
-0.263803 0.150639 111
-0.146957 -0.0940041 278
-0.194113 0.108884 147
0.164526 0.0289802 290
0.195572 -0.0855097 284
0.0559547 -0.339949 235
-0.00195356 -0.0251878 303
0.0591326 -0.462388 226
0.0447145 -0.0555302 283
-0.204686 -0.0292916 188
0.261077 0.0223139 280
-0.3091 0.143064 105
-0.153155 0.211727 127
0.183635 0.0517718 282
0.0648064 -0.0889151 294
0.03654 0.171235 178
-0.262254 -0.0899322 192
-0.0660456 -0.434355 264
-0.299063 0.122033 106
0.0553259 -0.161778 290
-0.0564103 0.108642 185
-0.240803 -0.367946 284
0.0708103 -0.110781 286
-0.288986 -0.0525875 167
-0.0311585 -0.0639649 294
-0.00974065 -0.253191 270
-0.28116 -0.487851 286
-0.181346 -0.157823 286
0.0938371 -0.380617 236
-0.0514452 -0.383196 255
0.120727 -0.493011 181
0.12104 -0.0486016 276
-0.174677 -0.3136 289
0.321604 -0.121052 260
-0.0418645 -0.00362772 286
0.158465 -0.150663 265
-0.105267 -0.123149 301
-0.0891048 -0.191113 291
0.146301 -0.157232 265
0.219379 0.114749 252
-0.066277 0.130446 174
0.228602 -0.322279 205
-0.213458 -0.368654 278
0.290806 -0.101265 282
-0.0969172 -0.0447661 275
-0.0748289 -0.212228 283
-0.0651755 -0.370518 265
0.141938 0.18595 182
-0.283412 -0.418469 275
0.106942 -0.400155 235
-0.210398 -0.059281 194
-0.0838773 -0.0947177 298
-0.21554 -0.485942 277
-0.251418 0.173401 112
-0.225827 0.0214963 162
-0.0679141 0.0283812 231
-0.0672912 -0.477447 248
-0.306823 0.12033 107
-0.032479 0.175804 166
-0.260947 0.213299 93
0.270412 0.119204 259
-0.0218939 0.0641692 220
0.161934 -0.139967 276
0.1536 -0.226058 243
0.101756 -0.424552 218
-0.184728 -0.501833 261
-0.29153 0.179356 98
-0.286846 -0.29902 245
-0.0510856 -0.30335 288
0.201767 -0.275298 230
-0.119068 -0.174699 295
0.24966 -0.0388512 274
-0.0590797 -0.506079 249
-0.193981 0.106655 156
-0.308425 -0.105726 175
-0.281814 0.115575 119
0.114658 -0.264091 242
-0.272301 -0.19048 222
-0.110883 -0.48432 265
-0.0847731 -0.392169 273
0.192957 -0.027894 289
-0.210285 -0.276878 283
-0.264738 0.148865 117
-0.286251 -0.436384 290
-0.138511 0.216313 118
0.140391 -0.120013 272
-0.0041978 0.00518806 293
0.263331 0.224619 174
-0.0620405 -0.309113 285
-0.281205 -0.214108 215
-0.081234 -0.17637 289
0.226576 0.0479678 293
-0.0879397 0.088653 187
-0.232303 -0.449834 277
-0.0508953 -0.391412 259
0.239826 -0.255274 223
0.0219001 -0.133586 277
-0.0685319 -0.273113 276
-0.109027 -0.393248 267
-0.297029 -0.36829 266
0.231735 0.153865 220
-0.207549 -0.0184566 185
-0.108344 -0.173649 295
-0.0446132 0.159099 173
-0.112151 -0.446991 269
-0.160816 0.0341596 177
-0.239483 0.0272006 162
-0.266161 -0.103604 192
-0.143296 -0.0770915 262
0.0508033 -0.300047 231
-0.0955435 -0.424408 258
-0.118974 -0.365549 273
0.179881 0.146206 218
-0.0843833 -0.47141 263
-0.200534 -0.343135 297
-0.317834 -0.484684 239
-0.0700216 -0.193708 283
0.316734 0.147894 228
0.0896693 -0.454972 228
0.0786854 -0.294475 229
0.276312 -0.182957 221
-0.312356 0.221542 74
0.143263 -0.27593 237
0.0591999 -0.30199 245
-0.288268 -0.478466 287
0.0902059 -0.301317 235
-0.132293 -0.490237 265
-0.023036 -0.145929 291
0.291157 0.0460694 277
0.0337561 -0.0516975 289
0.0022167 -0.457581 221
-0.238331 -0.464353 276
0.138531 0.0579304 293
0.276315 0.153851 226
0.262307 -0.124671 274
0.08859 -0.443134 223
-0.10272 0.0943566 183
0.106375 -0.271427 240
0.103747 -0.30452 237
-0.149215 0.0347351 184
0.0924821 -0.517248 211
-0.045985 -0.488664 225
0.196438 -0.0240629 267
-0.109081 -0.072399 287
0.136829 -0.130423 279
0.100281 0.0222821 299
-0.168574 0.00544011 200
0.272426 0.0610328 289
0.0674942 -0.309017 237
-0.0758904 -0.00560101 257
0.182082 -0.107498 282
-0.00324692 -0.227609 281
-0.0663081 0.0601316 213
-0.14434 -0.271812 285
-0.167358 -0.0691006 242
-0.324031 0.0309405 128
-0.0682583 -0.44639 253
-0.193702 -0.429084 271
0.176849 -0.112845 272
0.0704969 -0.161078 288
0.181387 0.142857 221
-0.000395066 0.0742202 231
-0.0750677 0.0257558 235
-0.241828 -0.470336 280
-0.162718 -0.458604 269
0.00204919 0.0737631 228
-0.241663 0.182256 107
0.311146 -0.0122133 277
-0.179791 0.0170434 184
0.118675 -0.442235 217
-0.0333398 -0.43688 237
0.111838 -0.0444616 288
0.266088 -0.278389 218
0.220195 -0.034641 277
-0.187272 0.0368486 167
0.293196 -0.0876107 273
0.24563 0.0300242 291
0.305964 0.0262182 287
-0.0501089 0.202949 150
0.21923 0.125198 239
-0.264342 -0.460324 284
0.112727 -0.250173 237
-0.261059 -0.248101 256
0.12837 -0.0112286 297
-0.184632 -0.0765438 227
0.18059 0.067023 284
-0.272521 -0.24926 251
-0.0615542 -0.370479 257
-0.190131 -0.46 276
-0.269729 0.0539504 146
0.0124686 -0.370744 233
0.311017 -0.233796 215
-0.217041 -0.111166 226
-0.126911 -0.0435445 253
0.0525781 -0.16164 274
-0.072753 0.061449 195
-0.321091 -0.449545 247
-0.318552 -0.30445 225
-0.196058 -0.34697 285
-0.0693016 -0.126846 297
-0.197262 -0.456376 279
0.217918 -0.221013 224
-0.274818 -0.440787 293
-0.135577 0.0633209 182
-0.145938 -0.306322 281
0.0791089 -0.0723499 285
0.273761 0.198317 190
-0.178478 -0.200636 293
-0.139883 -0.00393585 206
-0.269988 0.0435745 144
-0.111932 -0.200518 285
-0.291136 -0.0333765 158
0.0720748 -0.442684 228
0.0289723 0.17532 171
-0.0988625 -0.384404 271
0.0175283 -0.325366 238
0.32491 0.0733727 290
0.230912 -0.159297 233
0.261926 0.0517187 294
-0.241276 -0.227995 271
0.0752817 -0.320296 233
0.31709 -0.0200288 277
0.0946521 -0.202827 260
0.162716 -0.186196 233
0.167292 -0.0676071 279
0.108319 -0.480448 207
0.0260179 -0.288141 238
0.149666 0.0545416 295
0.181832 -0.00267526 291
-0.00737943 -0.431001 218
0.0609431 -0.427386 234
-0.274055 -0.519135 284
-0.30214 -0.207668 223
-0.0830626 -0.0333201 269
-0.274356 0.0171919 157
0.184722 -0.126593 268
-0.0148721 -0.443387 216
-0.0385759 -0.0511752 299
-0.141834 -0.430125 266
0.0109233 -0.424273 220
-0.0858906 -0.451054 261
-0.248371 -0.41848 288
0.0641062 -0.398812 232
-0.314221 -0.377813 238
-0.0209448 -0.28689 261
-0.25577 -0.287678 278
-0.104826 -0.361828 273
-0.26852 -0.336719 286
-0.191647 0.144692 129
0.0115564 0.00241742 291
-0.0150935 -0.108197 283
-0.302126 -0.386675 254
0.229408 0.16035 212
0.312195 0.00503641 273
0.2355 -0.106658 274
0.20885 -0.289928 233
0.0638506 -0.0581271 284
0.212403 0.215951 186
0.024444 -0.397176 234
-0.215942 -0.227401 288
-0.312722 -0.469504 262
0.231725 -0.011928 286
0.221895 -0.223209 220
0.187322 0.212126 188
0.149187 -0.223362 235
0.152456 -0.059496 292
0.0562012 -0.409223 222
0.0410994 -0.238991 269
0.0684042 0.0435843 287
-0.259141 0.128333 123
0.0773595 -0.261917 249
0.151983 -0.0108482 288
-0.135873 -0.304389 288
-0.117894 -0.127028 286
0.0480303 0.0993175 224
0.0918214 -0.0768824 287
-0.288976 -0.273517 237
0.311945 -0.300581 208
0.190136 -0.185556 230
0.0904672 -0.208016 258
-0.114188 -0.255295 285
0.307241 -0.106261 264
0.00340272 0.031909 270
0.273938 -0.206749 217
0.0452477 -0.202983 280
-0.0348747 -0.431345 234
-0.246872 -0.307361 286
0.3152 -0.28686 205
-0.17552 -0.0347324 211
0.0630474 0.192702 174
0.045726 0.176798 176
0.172018 -0.181585 233
-0.0570813 -0.344641 259
-0.288675 0.0479235 137
0.00390111 0.0444955 253
-0.213173 0.030486 166
0.0188669 0.0327663 277
0.0224361 -0.44556 228
0.118745 -0.0138297 286
-0.017922 -0.177555 274
-0.109971 -0.365878 283
-0.0815653 -0.451111 257
-0.235348 0.0926809 145
-0.110955 -0.402323 279
0.104329 -0.0255096 276
-0.283567 0.145792 111
0.264801 -0.137581 250
-0.256972 0.00202673 170
-0.260487 -0.409807 280
-0.0698618 0.190093 158
0.107685 -0.119337 285
-0.00286104 -0.0151996 296
-0.0244451 -0.497578 213
-0.187664 0.0819029 164
-0.0588232 0.0364642 234
-0.254979 -0.43486 280
-0.00694128 -0.131216 285
-0.252315 -0.280625 281
-0.0919108 -0.115163 293
-0.136069 -0.225839 291
-0.111928 -0.21368 287
-0.156631 -0.389447 277
0.0293847 -0.33346 233
-0.279739 -0.509598 281
-0.313728 0.167757 96
-0.237303 -0.0347251 174
0.257751 0.17446 210
0.0673811 0.165823 185
0.294375 0.0709934 292
0.269206 -0.0919544 275
-0.167472 -0.194973 299
-0.0369632 0.0389598 231
0.0407435 -0.353498 229
-0.0967609 -0.47686 267
-0.301159 0.0504971 128
0.0414592 -0.0215984 296
-0.0993271 0.0114094 233
0.176619 -0.0434544 277
0.0846231 -0.210714 262
0.255196 -0.231928 218
0.235296 0.0871051 287
-0.105552 -0.286929 279
0.106458 0.0859048 265
0.119835 0.0668051 286
-0.0649473 0.114198 182
-0.313045 -0.145773 181
-0.322344 -0.048254 156
-0.071306 0.188171 142
0.324962 -0.192027 219
-0.194958 -0.479986 279
0.0832278 0.125062 219
0.272664 -0.0516084 280
0.229309 -0.258695 226
0.213097 0.222752 171
-0.145685 -0.0356617 234
0.0942563 -0.071257 290
-0.0531777 -0.234566 281
-0.0190154 -0.506149 219
0.113968 -0.209166 241
0.0462169 0.0193315 298
-0.0400775 -0.247228 276
-0.11697 0.10617 164
0.270052 0.0256723 284
0.31337 -0.0967306 276
-0.143192 -0.392359 269
-0.312145 0.193038 89
-0.106406 -0.326008 274
0.250996 0.168436 205
-0.252678 -0.357172 284
-0.12215 -0.244827 284
0.0161361 -0.459375 215
-0.247406 -0.0449126 176
-0.121775 -0.491212 261
-0.137158 0.0173801 207
-0.113223 -0.264422 273
-0.0574229 -0.0295374 290
-0.15382 -0.237099 293
-0.00882806 -0.0544901 291
-0.177639 -0.508763 280
0.280346 0.157927 220
-0.296044 0.075419 129
0.309709 0.0343856 286
0.183947 0.0848346 278
-0.0321595 -0.23752 280
-0.185924 -0.0620406 226
-0.257986 -0.0933789 191
0.0292438 -0.127461 292
0.0234567 -0.318698 245
0.109158 -0.338528 233
-0.272458 -0.186271 219
0.0954053 -0.354215 228
-0.230267 0.0783372 154
-0.06299 0.214578 137
-0.0497598 -0.123252 289
0.092505 -0.459692 230
0.0751752 0.0765686 264
0.194771 0.216859 176
-0.0372159 -0.47479 228
0.130161 0.179549 184
-0.152515 -0.012121 220
-0.288791 0.0628024 138
0.134866 -0.124397 275
0.195433 0.13902 224
0.303748 0.149254 224
0.319834 -0.0555468 286
-0.297545 -0.421598 264
-0.284167 -0.388394 282
-0.0770318 -0.493635 256
-0.241983 -0.444794 279
-0.0395456 -0.0626674 296
-0.319408 0.179746 88
0.243102 -0.259158 231
0.251559 -0.217028 221
0.012022 0.213262 161
-0.126244 0.184184 140
-0.0673429 -0.0175165 271
-0.0632839 0.216227 140
-0.178783 0.0501235 172
0.0333447 -0.272476 240
-0.139168 -0.0282136 229
-0.0836995 -0.341876 283
-0.292851 -0.30337 244
0.204193 -0.0148662 279
0.0788441 -0.129115 287
-0.122972 -0.216305 279
-0.176087 -0.0730213 237
-0.044971 0.03789 227
0.145936 -0.0873501 278
0.235344 -0.111156 274
0.118373 -0.087322 284
0.0501895 -0.141135 286
-0.216392 0.0146776 174
0.0893713 0.222117 158
0.319528 -0.259099 216
0.266095 0.203444 193
-0.0169724 -0.265163 289
0.0715966 0.139908 207
0.258579 -0.183979 226
0.138112 -0.21493 240
-0.0483774 -0.361701 256
0.0179774 -0.430759 218
-0.176417 -0.293314 281
0.256478 0.0195783 273
-0.25429 0.062154 141
0.29244 -0.00465929 284
-0.0662479 -0.517648 239
-0.30678 0.10741 112
-0.0344067 0.166749 164
