0.3227 0.198666 254
0.146795 0.202945 191
0.312721 0.192875 266
-0.25359 -0.160968 195
0.193769 0.0752104 272
-0.131931 -0.418585 92
-0.321891 -0.208679 154
-0.251898 0.161802 266
0.0908462 0.0691555 245
0.24598 0.194619 245
0.00238074 -0.0331945 261
-0.0901589 0.111847 238
-0.187249 0.175495 231
0.117884 -0.0159486 262
-0.06582 0.0433051 254
0.156421 0.0323494 265
-0.0164069 -0.23083 184
-0.050643 -0.0333916 255
-0.211988 -0.39661 93
-0.128756 0.00453456 255
-0.119242 -0.317308 135
-0.228076 -0.452151 68
0.321145 0.0925934 274
0.209237 -0.00387853 272
-0.243631 -0.287175 136
0.171438 0.187667 204
-0.00611712 -0.499165 64
0.106344 -0.195942 199
-0.243167 -0.238831 160
-0.188364 0.0491376 281
-0.291709 0.0713999 270
-0.301313 -0.384846 93
-0.0593247 -0.157677 232
-0.027307 -0.19081 207
-0.0080802 -0.0402652 260
0.191084 0.00702362 261
0.273569 0.041015 260
0.199895 -0.317981 128
0.133753 -0.015223 265
-0.323168 -0.0336765 259
0.0935746 -0.435752 87
-0.0285787 -0.151227 231
0.178046 0.194808 215
0.0479405 -0.269711 162
0.244892 -0.0860492 253
-0.313447 0.0384503 262
0.208547 -0.145532 210
0.286048 -0.000692459 266
-0.0567668 0.143177 197
-0.0499427 0.194469 185
0.0526218 -0.114588 272
-0.222263 -0.421032 86
-0.175399 -0.331869 125
0.201327 0.105538 274
-0.108909 0.0857136 258
-0.130109 -0.342356 121
-0.3162 0.171948 266
-0.183795 -0.262512 168
0.295761 -0.0629665 249
0.181284 -0.170033 205
0.316849 -0.261255 135
-0.281063 0.0981215 271
0.190838 -0.0860519 284
0.0614273 -0.112707 273
0.151319 0.162895 209
0.126901 -0.310621 139
0.116883 0.0429002 266
-0.0699917 0.0402968 245
0.0400123 -0.239666 174
-0.189756 -0.0991338 253
0.0177914 -0.468109 73
-0.0622645 -0.484537 60
-0.0957044 -0.126902 255
0.0603355 0.0593754 258
-0.0933756 0.175508 194
-0.224615 -0.0983823 245
-0.0683097 -0.172957 217
-0.0732577 -0.516073 53
0.147521 -0.272158 153
-0.0724296 -0.403363 100
0.27787 0.0707134 261
-0.0415236 -0.291589 157
0.235741 -0.1286 219
0.078234 -0.400763 97
-0.247294 -0.0735135 250
-0.0182281 -0.327772 144
-0.103857 -0.0344407 266
0.0193973 -0.00808913 247
0.140465 0.0361137 263
0.317447 -0.187094 170
0.00357403 0.160003 188
0.0378747 -0.410716 97
0.00207351 0.0943627 228
-0.0243918 -0.121243 264
0.0302848 0.222101 177
-0.0340701 -0.466368 75
0.230393 -0.192991 186
0.0677505 -0.44501 81
-0.000946279 0.196424 181
-0.302694 0.0561828 270
0.310051 0.0879774 282
-0.0889288 0.126521 227
0.116688 -0.461673 78
-0.0999483 -0.225163 168
-0.295711 0.0750514 265
0.104078 -0.20144 193
0.162462 0.157986 211
-0.238553 -0.388615 93
-0.263019 -0.415846 81
-0.141262 -0.422949 90
0.196372 0.126969 255
-0.274588 -0.0902216 233
0.0827998 -0.112605 271
-0.319739 -0.416284 76
0.117187 0.114773 232
0.0220565 -0.0584587 258
-0.0398666 -0.261786 163
-0.195292 -0.140063 217
-0.235299 -0.223644 166
-0.0764836 -0.468025 77
-0.298694 -0.432511 68
-0.160579 -0.387069 103
0.00310115 -0.345036 127
0.209693 -0.21205 181
0.210246 0.152037 250
-0.128812 0.18359 212
-0.293836 -0.156852 187
-0.163899 -0.158061 214
0.0286365 -0.27171 159
0.252022 0.15004 262
-0.101504 -0.248065 162
-0.303375 -0.441598 64
-0.219133 0.060189 273
0.245287 -0.232696 160
-0.188304 -0.343732 114
-0.147711 -0.222066 179
-0.00491271 -0.452659 81
-0.179777 -0.42602 86
-0.00630403 0.181538 187
0.295713 0.192101 265
0.0987796 -0.0935936 267
-0.0420903 -0.348915 126
0.0343728 -0.260131 167
-0.290451 0.0908955 262
-0.115368 -0.513447 49
-0.0617621 -0.492732 59
0.200939 -0.0381634 279
-0.157108 0.0237918 276
-0.2406 -0.0391905 263
-0.00433755 -0.186807 213
-0.0789747 -0.114743 259
0.142005 -0.302759 142
-0.137927 0.0335196 258
0.0802331 -0.383284 112
0.202718 -0.00991842 269
-0.12187 -0.387367 108
-0.0742882 -0.248637 174
-0.101446 -0.0557861 256
0.20525 0.0601706 261
0.110035 -0.464156 74
-0.0783778 0.172039 205
-0.026977 0.0567845 238
-0.127651 -0.159906 230
0.266867 -0.198106 178
-0.00739849 -0.189912 205
0.166263 -0.295238 141
-0.25476 -0.143619 206
-0.0691666 -0.141921 241
0.240621 0.0882208 262
-0.0904405 0.0711236 251
0.271127 -0.0417614 267
0.0284736 -0.241043 168
-0.233907 0.0836853 265
-0.195083 -0.125381 225
0.291801 -0.261955 144
0.318571 0.179251 272
-0.168951 0.131957 261
-0.314262 -0.112383 213
-0.0724001 -0.0581437 262
0.181798 -0.0847165 274
-0.0151853 -0.369193 113
0.0260897 -0.299065 152
-0.313007 -0.171807 176
-0.198578 0.108232 262
-0.0382047 -0.355559 123
-0.228911 -0.396969 94
-0.169323 -0.354252 111
0.194775 -0.198226 190
-0.0175402 -0.291673 144
-0.266615 0.167535 262
0.0939578 -0.202344 192
0.0864914 -0.386388 109
0.0548485 0.153661 202
0.147325 0.209811 190
-0.0944852 -0.195848 191
0.117264 -0.441661 86
-0.219486 -0.21846 173
-0.238071 -0.0788279 262
-0.0327886 -0.328341 138
-0.297665 -0.0728677 237
0.193287 0.00841183 269
-0.216089 -0.35869 100
-0.113774 -0.302493 148
0.101257 -0.285916 148
-0.0518765 -0.206875 194
0.183241 -0.144106 221
-0.251425 -0.460863 66
-0.206978 0.075761 256
-0.152152 0.171641 222
-0.16631 0.0227482 274
-0.25952 -0.158543 185
-0.101187 -0.0911062 266
-0.141942 -0.347037 116
0.304616 -0.180863 174
-0.186048 0.197316 217
0.0688533 -0.114896 271
-0.177742 -0.134148 229
-0.201561 -0.351304 119
-0.0639785 -0.158327 229
-0.0563611 -0.0569549 274
-0.214401 -0.0156483 265
-0.130616 -0.228364 173
0.0887046 -0.249423 171
-0.226477 0.215986 221
0.24958 0.138876 262
0.298494 0.159965 259
-0.313257 0.0721379 281
0.0538501 -0.450966 87
-0.111931 -0.273482 154
-0.241107 -0.015204 267
-0.135225 -0.422585 92
0.225621 0.0159206 266
-0.175003 -0.444929 77
0.00128335 -0.034682 249
-0.323961 -0.15437 181
-0.31685 0.0592888 278
-0.138719 0.0112778 266
-0.260846 0.15279 262
-0.0749091 0.143192 209
-0.0940234 -0.274378 159
0.142981 -0.000940626 272
-0.282461 -0.376643 92
0.00900847 -0.502094 60
-0.0494141 0.0330557 260
0.123371 -0.149983 228
-0.159937 -0.165058 210
-0.0640123 0.153542 193
-0.15309 -0.0676 271
0.282263 -0.0617502 260
-0.0178586 0.119582 216
0.0720955 0.0791171 246
-0.00753877 -0.0924589 267
0.00943772 -0.387808 105
-0.165737 -0.345051 128
-0.108547 0.139884 221
0.00153554 -0.503494 53
0.0624377 -0.157574 232
-0.123399 -0.399055 108
0.300948 0.20901 271
-0.17394 0.00952085 273
0.160488 -0.149646 224
-0.115354 -0.171684 223
-0.118149 -0.480286 72
0.294107 -0.0135211 265
0.0225687 -0.493177 62
0.282492 -0.133763 200
0.108624 -0.452452 86
-0.136702 0.0886114 259
-0.282409 0.0881603 280
-0.174272 0.0168297 278
-0.19818 -0.0302961 270
-0.050558 -0.136054 237
0.283436 0.204731 258
-0.232559 -0.0382564 277
0.0930677 0.0752479 245
-0.0177241 -0.184652 206
-0.0409936 -0.200706 197
-0.166192 0.0939853 270
0.00384762 -0.462398 77
-0.275272 -0.394959 88
0.139038 -0.231797 177
0.0761832 0.0985348 239
-0.202095 0.0775233 265
-0.0669618 -0.479647 67
-0.144518 -0.225557 178
0.232765 -0.129843 225
0.265809 -0.2124 164
0.0762314 -0.0323551 271
-0.207468 -0.05402 271
0.00976542 -0.306012 146
0.211011 -0.201262 177
-0.0914391 -0.513385 47
0.205476 0.213048 202
-0.134298 -0.399624 101
-0.213123 -0.445338 79
-0.00468677 -0.245693 169
-0.198039 -0.376411 105
0.2368 -0.157734 202
-0.192272 -0.27038 146
0.075577 0.188723 172
0.245733 0.165249 267
-0.0698951 -0.485492 64
0.290275 0.0283936 260
-0.216646 -0.32316 122
0.30672 -0.207873 164
0.0415772 -0.114097 261
0.0639398 0.182053 188
-0.239706 -0.211692 167
0.0434053 0.212289 171
0.0353472 -0.298909 156
-0.123182 0.000824069 260
-0.246578 -0.0252459 258
0.154564 -0.120655 251
-0.16723 -0.00142086 272
0.209858 -0.0251041 268
-0.204441 -0.391401 91
-0.12176 -0.428989 91
0.248122 0.22431 223
0.113238 -0.396659 105
-0.284347 -0.1041 215
-0.239485 0.1364 266
-0.266531 -0.0231185 266
-0.319596 -0.382175 90
-0.0282682 -0.248313 165
0.0872972 -0.179456 206
0.0193459 0.211228 180
-0.00138487 -0.407696 105
-0.106731 0.116642 246
-0.160665 -0.0414266 270
-0.173111 -0.242796 166
-0.212444 -0.381807 98
0.0623877 -0.20381 200
0.147481 -0.163483 211
0.134654 -0.0828694 276
-0.172402 -0.355359 122
-0.0143028 -0.236536 175
-0.313162 -0.0877602 217
0.10057 -0.30717 138
-0.274256 -0.0621818 251
-0.0177001 -0.326039 140
0.322709 0.0932822 269
0.0208634 0.211998 167
0.259633 0.0226866 274
0.177386 -0.267092 155
-0.192556 -0.086948 267
-0.0813718 0.154731 208
0.226258 0.13474 260
-0.112645 0.0883204 262
-0.112621 -0.329454 133
0.103487 -0.0792328 260
0.0563972 -0.508116 48
-0.293161 -0.206056 165
0.175478 -0.290461 143
-0.00536109 -0.403886 95
-0.00768039 -0.390925 108
-0.0460677 -0.207836 195
-0.068427 -0.454328 77
0.179695 -0.0761073 261
0.30859 -0.171807 173
0.161528 -0.00303802 263
0.0874263 -8.41109e-05 258
-0.278083 -0.0461019 269
0.0866861 -0.499797 52
0.0187984 -0.473395 73
-0.132491 -0.2853 152
-0.113537 -0.126852 249
0.085228 -0.0341657 254
0.321429 -0.219286 157
0.0104311 0.0899859 248
0.145895 0.0137692 254
-0.165376 0.201487 223
-0.10898 -0.1265 249
0.161596 -0.281141 151
0.118928 -0.445778 81
0.117826 -0.066781 278
-0.273752 0.0591017 274
-0.0266914 -0.20741 194
-0.280875 -0.325146 117
-0.280059 -0.409757 84
0.0175778 -0.314246 140
-0.154668 -0.194936 194
-0.0108061 -0.129643 255
-0.239976 -0.181932 180
-0.263614 0.131529 272
-0.246752 -0.136461 216
0.305394 0.182717 260
0.166583 -0.0467182 270
-0.150685 0.19327 204
-0.0547544 -0.0179083 251
-0.016433 -0.308202 146
-0.288963 -0.0211439 271
0.0739337 -0.00364463 258
-0.00609753 -0.474005 78
0.27188 -0.0241255 274
-0.127514 0.108294 250
0.188566 -0.266653 149
-0.177952 0.0603897 261
-0.0331813 -0.018501 243
0.00657079 -0.519964 49
-0.175089 -0.0733721 264
0.137723 -0.234922 179
0.314894 0.161993 261
0.100889 -0.524137 39
-0.147766 -0.178163 195
-0.0201399 -0.206738 195
-0.323049 -0.179313 174
-0.0348244 0.0526198 247
0.306114 -0.283146 134
-0.126969 0.0635545 258
-0.185179 -0.171482 200
-0.16407 -0.498178 56
-0.00885879 0.0163185 243
-0.0601238 -0.169886 229
-0.184841 -0.410459 92
0.0261639 -0.269157 158
0.144966 -0.0694581 270
-0.140599 -0.381191 106
0.0278604 0.0288201 260
-0.109215 0.163068 217
0.196146 -0.323204 123
0.232097 0.049125 248
-0.31532 -0.383504 86
0.250213 -0.309376 131
0.0605065 -0.456665 79
-0.268959 -0.092843 229
0.276169 -0.0124776 274
0.268918 -0.115055 220
0.312492 -0.205703 163
0.260014 -0.0416679 277
0.292314 -0.0392868 273
0.282439 -0.0157374 277
-0.319589 -0.04816 243
0.180566 0.183881 211
-0.308127 -0.368299 92
0.0571201 0.00696127 269
0.0973575 -0.347827 123
-0.111646 -0.435453 89
-0.252798 -0.069522 257
-0.244223 -0.187397 185
0.308045 -0.180956 168
0.0215992 -0.0285414 267
0.105495 0.0527141 253
0.135367 -0.262336 157
-0.28032 -0.0284928 267
-0.191129 -0.212881 179
-0.0432707 0.106447 224
-0.317725 0.0996876 256
-0.279979 -0.332669 115
-0.10201 -0.0649044 264
-0.12205 -0.0883131 261
0.320283 -0.119445 207
-0.150108 0.127456 244
-0.0938529 -0.286444 145
0.224157 0.179872 235
-0.18386 -0.0408361 277
0.302219 -0.165403 184
0.137925 -0.0455123 273
0.313734 -0.116463 204
0.168934 -0.0395164 269
-0.199381 -0.117086 244
-0.0958168 0.015785 263
-0.197405 -0.133129 227
0.215844 0.220278 214
-0.0288186 -0.477306 75
-0.108756 -0.221565 176
0.219869 -0.18872 183
0.0353007 -0.250638 168
-0.246437 0.0476285 273
-0.187081 -0.0540777 266
-0.00569448 0.0539853 251
-0.0587244 0.17464 197
0.168682 0.204556 203
-0.0929083 -0.380979 111
0.313001 -0.00280025 277
0.217504 -0.130947 221
-0.0863236 -0.127242 258
-0.292093 0.120855 262
0.309115 -0.16136 187
0.222683 -0.229908 173
0.240149 -0.0214266 268
-0.275926 0.0309435 283
-0.303956 -0.134961 197
0.0740557 -0.264215 163
0.0750931 -0.085431 255
0.10571 -0.328391 138
-0.152173 0.0411999 273
-0.248042 -0.193198 178
-0.121507 -0.00915294 255
0.241875 -0.255579 146
-0.173132 0.0272551 264
0.200238 -0.228969 170
0.0367456 -0.0124381 263
0.288335 0.00303558 268
0.00240725 -0.193271 203
0.108171 -0.510317 48
-0.225572 -0.276857 147
0.307599 -0.206768 162
0.0869485 -0.322297 138
-0.208878 -0.37721 106
-0.276807 0.0912909 271
-0.00326639 -0.202559 191
0.185887 0.140828 242
-0.0229582 -0.231613 180
0.248971 0.0518358 256
0.0957898 -0.227406 172
0.262107 0.0813856 273
-0.321117 0.0413078 269
0.125815 -0.241953 168
0.0553083 -0.362986 126
-0.256515 0.0678054 267
0.318708 0.186978 267
-0.175505 -0.279326 151
-0.10861 -0.0215517 254
0.123099 -0.196016 201
0.299923 0.100125 276
-0.177711 0.0516407 271
0.24456 0.121485 274
-0.0443661 0.217404 189
-0.0189232 -0.139182 242
0.0403666 0.138211 196
0.21945 -0.0839805 260
-0.228599 -0.408936 87
0.0905308 -0.375103 117
0.322136 -0.219784 154
0.0906062 0.0365293 251
-0.0393131 0.0941879 238
-0.306548 0.0674723 262
-0.270952 -0.286107 129
0.0197387 -0.124452 260
-0.201395 -0.422781 77
-0.154812 -0.0160108 272
-0.0310409 -0.153617 230
-0.0259825 -0.382717 109
0.112864 -0.153746 226
-0.209981 -0.414294 88
-0.20291 -0.483769 63
-0.262284 0.113035 267
-0.114482 -0.10458 264
-0.214288 0.172207 247
-0.308923 -0.0024996 276
0.214918 -0.0879068 267
-0.165862 0.0865479 265
-0.232677 0.13426 267
-0.223963 0.216684 219
-0.128043 -0.524608 42
-0.303178 0.124079 273
-0.0589619 -0.0655751 263
0.18403 0.217463 185
-0.0368083 -0.12924 262
-0.313633 -0.165357 173
-0.13924 0.0760107 266
-0.213645 -0.151429 203
-0.263803 0.150639 259
-0.146957 -0.0940041 268
-0.194113 0.108884 263
0.164526 0.0289802 262
0.195572 -0.0855097 257
0.0559547 -0.339949 135
-0.00195356 -0.0251878 251
0.0591326 -0.462388 76
0.0447145 -0.0555302 276
-0.204686 -0.0292916 274
0.261077 0.0223139 265
-0.3091 0.143064 268
-0.153155 0.211727 203
0.183635 0.0517718 267
0.0648064 -0.0889151 268
0.03654 0.171235 180
-0.262254 -0.0899322 231
-0.0660456 -0.434355 88
-0.299063 0.122033 265
0.0553259 -0.161778 227
-0.0564103 0.108642 244
-0.240803 -0.367946 101
0.0708103 -0.110781 286
-0.288986 -0.0525875 256
-0.0311585 -0.0639649 272
-0.00974065 -0.253191 177
-0.28116 -0.487851 49
-0.181346 -0.157823 209
0.0938371 -0.380617 111
-0.0514452 -0.383196 100
0.120727 -0.493011 60
0.12104 -0.0486016 262
-0.174677 -0.3136 134
0.321604 -0.121052 194
-0.0418645 -0.00362772 263
0.158465 -0.150663 217
-0.105267 -0.123149 258
-0.0891048 -0.191113 213
0.146301 -0.157232 210
0.219379 0.114749 254
-0.066277 0.130446 208
0.228602 -0.322279 125
-0.213458 -0.368654 107
0.290806 -0.101265 212
-0.0969172 -0.0447661 262
-0.0748289 -0.212228 194
-0.0651755 -0.370518 115
0.141938 0.18595 206
-0.283412 -0.418469 79
0.106942 -0.400155 107
-0.210398 -0.059281 273
-0.0838773 -0.0947177 276
-0.21554 -0.485942 53
-0.251418 0.173401 260
-0.225827 0.0214963 269
-0.0679141 0.0283812 254
-0.0672912 -0.477447 78
-0.306823 0.12033 261
-0.032479 0.175804 183
-0.260947 0.213299 241
0.270412 0.119204 263
-0.0218939 0.0641692 247
0.161934 -0.139967 221
0.1536 -0.226058 178
0.101756 -0.424552 92
-0.184728 -0.501833 44
-0.29153 0.179356 274
-0.286846 -0.29902 121
-0.0510856 -0.30335 146
0.201767 -0.275298 148
-0.119068 -0.174699 206
0.24966 -0.0388512 282
-0.0590797 -0.506079 51
-0.193981 0.106655 278
-0.308425 -0.105726 216
-0.281814 0.115575 267
0.114658 -0.264091 164
-0.272301 -0.19048 176
-0.110883 -0.48432 68
-0.0847731 -0.392169 105
0.192957 -0.027894 280
-0.210285 -0.276878 148
-0.264738 0.148865 259
-0.286251 -0.436384 67
-0.138511 0.216313 200
0.140391 -0.120013 248
-0.0041978 0.00518806 254
0.263331 0.224619 244
-0.0620405 -0.309113 147
-0.281205 -0.214108 168
-0.081234 -0.17637 209
0.226576 0.0479678 254
-0.0879397 0.088653 261
-0.232303 -0.449834 69
-0.0508953 -0.391412 116
0.239826 -0.255274 157
0.0219001 -0.133586 252
-0.0685319 -0.273113 158
-0.109027 -0.393248 106
-0.297029 -0.36829 100
0.231735 0.153865 256
-0.207549 -0.0184566 266
-0.108344 -0.173649 208
-0.0446132 0.159099 195
-0.112151 -0.446991 82
-0.160816 0.0341596 265
-0.239483 0.0272006 268
-0.266161 -0.103604 224
-0.143296 -0.0770915 268
0.0508033 -0.300047 148
-0.0955435 -0.424408 98
-0.118974 -0.365549 109
0.179881 0.146206 245
-0.0843833 -0.47141 73
-0.200534 -0.343135 114
-0.317834 -0.484684 39
-0.0700216 -0.193708 199
0.316734 0.147894 271
0.0896693 -0.454972 76
0.0786854 -0.294475 146
0.276312 -0.182957 179
-0.312356 0.221542 270
0.143263 -0.27593 153
0.0591999 -0.30199 151
-0.288268 -0.478466 50
0.0902059 -0.301317 138
-0.132293 -0.490237 58
-0.023036 -0.145929 249
0.291157 0.0460694 282
0.0337561 -0.0516975 276
0.0022167 -0.457581 84
-0.238331 -0.464353 66
0.138531 0.0579304 247
0.276315 0.153851 270
0.262307 -0.124671 213
0.08859 -0.443134 89
-0.10272 0.0943566 250
0.106375 -0.271427 166
0.103747 -0.30452 145
-0.149215 0.0347351 262
0.0924821 -0.517248 46
-0.045985 -0.488664 70
0.196438 -0.0240629 271
-0.109081 -0.072399 256
0.136829 -0.130423 244
0.100281 0.0222821 253
-0.168574 0.00544011 267
0.272426 0.0610328 272
0.0674942 -0.309017 148
-0.0758904 -0.00560101 260
0.182082 -0.107498 261
-0.00324692 -0.227609 177
-0.0663081 0.0601316 261
-0.14434 -0.271812 156
-0.167358 -0.0691006 282
-0.324031 0.0309405 284
-0.0682583 -0.44639 90
-0.193702 -0.429084 89
0.176849 -0.112845 239
0.0704969 -0.161078 222
0.181387 0.142857 236
-0.000395066 0.0742202 240
-0.0750677 0.0257558 257
-0.241828 -0.470336 57
-0.162718 -0.458604 73
0.00204919 0.0737631 254
-0.241663 0.182256 251
0.311146 -0.0122133 270
-0.179791 0.0170434 272
0.118675 -0.442235 81
-0.0333398 -0.43688 97
0.111838 -0.0444616 269
0.266088 -0.278389 138
0.220195 -0.034641 262
-0.187272 0.0368486 268
0.293196 -0.0876107 232
0.24563 0.0300242 268
0.305964 0.0262182 288
-0.0501089 0.202949 186
0.21923 0.125198 261
-0.264342 -0.460324 58
0.112727 -0.250173 168
-0.261059 -0.248101 150
0.12837 -0.0112286 264
-0.184632 -0.0765438 266
0.18059 0.067023 256
-0.272521 -0.24926 153
-0.0615542 -0.370479 110
-0.190131 -0.46 68
-0.269729 0.0539504 263
0.0124686 -0.370744 117
0.311017 -0.233796 147
-0.217041 -0.111166 235
-0.126911 -0.0435445 263
0.0525781 -0.16164 232
-0.072753 0.061449 246
-0.321091 -0.449545 58
-0.318552 -0.30445 109
-0.196058 -0.34697 123
-0.0693016 -0.126846 253
-0.197262 -0.456376 67
0.217918 -0.221013 170
-0.274818 -0.440787 75
-0.135577 0.0633209 257
-0.145938 -0.306322 141
0.0791089 -0.0723499 271
0.273761 0.198317 245
-0.178478 -0.200636 184
-0.139883 -0.00393585 254
-0.269988 0.0435745 261
-0.111932 -0.200518 192
-0.291136 -0.0333765 265
0.0720748 -0.442684 82
0.0289723 0.17532 199
-0.0988625 -0.384404 110
0.0175283 -0.325366 146
0.32491 0.0733727 281
0.230912 -0.159297 198
0.261926 0.0517187 274
-0.241276 -0.227995 158
0.0752817 -0.320296 133
0.31709 -0.0200288 260
0.0946521 -0.202827 187
0.162716 -0.186196 189
0.167292 -0.0676071 276
0.108319 -0.480448 68
0.0260179 -0.288141 158
0.149666 0.0545416 259
0.181832 -0.00267526 260
-0.00737943 -0.431001 98
0.0609431 -0.427386 97
-0.274055 -0.519135 25
-0.30214 -0.207668 158
-0.0830626 -0.0333201 259
-0.274356 0.0171919 267
0.184722 -0.126593 234
-0.0148721 -0.443387 90
-0.0385759 -0.0511752 274
-0.141834 -0.430125 90
0.0109233 -0.424273 94
-0.0858906 -0.451054 82
-0.248371 -0.41848 83
0.0641062 -0.398812 108
-0.314221 -0.377813 91
-0.0209448 -0.28689 144
-0.25577 -0.287678 132
-0.104826 -0.361828 111
-0.26852 -0.336719 120
-0.191647 0.144692 257
0.0115564 0.00241742 263
-0.0150935 -0.108197 276
-0.302126 -0.386675 94
0.229408 0.16035 248
0.312195 0.00503641 273
0.2355 -0.106658 235
0.20885 -0.289928 138
0.0638506 -0.0581271 260
0.212403 0.215951 203
0.024444 -0.397176 99
-0.215942 -0.227401 172
-0.312722 -0.469504 41
0.231725 -0.011928 260
0.221895 -0.223209 165
0.187322 0.212126 212
0.149187 -0.223362 182
0.152456 -0.059496 274
0.0562012 -0.409223 104
0.0410994 -0.238991 181
0.0684042 0.0435843 265
-0.259141 0.128333 262
0.0773595 -0.261917 159
0.151983 -0.0108482 269
-0.135873 -0.304389 144
-0.117894 -0.127028 250
0.0480303 0.0993175 231
0.0918214 -0.0768824 266
-0.288976 -0.273517 133
0.311945 -0.300581 120
0.190136 -0.185556 194
0.0904672 -0.208016 178
-0.114188 -0.255295 161
0.307241 -0.106261 222
0.00340272 0.031909 259
0.273938 -0.206749 171
0.0452477 -0.202983 191
-0.0348747 -0.431345 96
-0.246872 -0.307361 127
0.3152 -0.28686 129
-0.17552 -0.0347324 265
0.0630474 0.192702 188
0.045726 0.176798 189
0.172018 -0.181585 198
-0.0570813 -0.344641 135
-0.288675 0.0479235 279
0.00390111 0.0444955 260
-0.213173 0.030486 279
0.0188669 0.0327663 257
0.0224361 -0.44556 88
0.118745 -0.0138297 258
-0.017922 -0.177555 221
-0.109971 -0.365878 116
-0.0815653 -0.451111 83
-0.235348 0.0926809 268
-0.110955 -0.402323 103
0.104329 -0.0255096 268
-0.283567 0.145792 263
0.264801 -0.137581 202
-0.256972 0.00202673 284
-0.260487 -0.409807 84
-0.0698618 0.190093 192
0.107685 -0.119337 259
-0.00286104 -0.0151996 264
-0.0244451 -0.497578 63
-0.187664 0.0819029 259
-0.0588232 0.0364642 243
-0.254979 -0.43486 71
-0.00694128 -0.131216 271
-0.252315 -0.280625 140
-0.0919108 -0.115163 253
-0.136069 -0.225839 178
-0.111928 -0.21368 176
-0.156631 -0.389447 105
0.0293847 -0.33346 133
-0.279739 -0.509598 30
-0.313728 0.167757 264
-0.237303 -0.0347251 275
0.257751 0.17446 267
0.0673811 0.165823 181
0.294375 0.0709934 265
0.269206 -0.0919544 236
-0.167472 -0.194973 196
-0.0369632 0.0389598 250
0.0407435 -0.353498 126
-0.0967609 -0.47686 70
-0.301159 0.0504971 263
0.0414592 -0.0215984 257
-0.0993271 0.0114094 246
0.176619 -0.0434544 281
0.0846231 -0.210714 190
0.255196 -0.231928 164
0.235296 0.0871051 259
-0.105552 -0.286929 152
0.106458 0.0859048 244
0.119835 0.0668051 257
-0.0649473 0.114198 227
-0.313045 -0.145773 180
-0.322344 -0.048254 243
-0.071306 0.188171 198
0.324962 -0.192027 168
-0.194958 -0.479986 55
0.0832278 0.125062 225
0.272664 -0.0516084 274
0.229309 -0.258695 151
0.213097 0.222752 208
-0.145685 -0.0356617 270
0.0942563 -0.071257 264
-0.0531777 -0.234566 176
-0.0190154 -0.506149 56
0.113968 -0.209166 188
0.0462169 0.0193315 251
-0.0400775 -0.247228 166
-0.11697 0.10617 264
0.270052 0.0256723 275
0.31337 -0.0967306 218
-0.143192 -0.392359 97
-0.312145 0.193038 260
-0.106406 -0.326008 130
0.250996 0.168436 250
-0.252678 -0.357172 110
-0.12215 -0.244827 164
0.0161361 -0.459375 77
-0.247406 -0.0449126 270
-0.121775 -0.491212 62
-0.137158 0.0173801 260
-0.113223 -0.264422 163
-0.0574229 -0.0295374 268
-0.15382 -0.237099 175
-0.00882806 -0.0544901 260
-0.177639 -0.508763 46
0.280346 0.157927 269
-0.296044 0.075419 280
0.309709 0.0343856 273
0.183947 0.0848346 252
-0.0321595 -0.23752 169
-0.185924 -0.0620406 258
-0.257986 -0.0933789 225
0.0292438 -0.127461 258
0.0234567 -0.318698 135
0.109158 -0.338528 125
-0.272458 -0.186271 178
0.0954053 -0.354215 113
-0.230267 0.0783372 269
-0.06299 0.214578 187
-0.0497598 -0.123252 257
0.092505 -0.459692 74
0.0751752 0.0765686 259
0.194771 0.216859 201
-0.0372159 -0.47479 73
0.130161 0.179549 191
-0.152515 -0.012121 272
-0.288791 0.0628024 267
0.134866 -0.124397 249
0.195433 0.13902 253
0.303748 0.149254 260
0.319834 -0.0555468 249
-0.297545 -0.421598 77
-0.284167 -0.388394 89
-0.0770318 -0.493635 58
-0.241983 -0.444794 76
-0.0395456 -0.0626674 260
-0.319408 0.179746 260
0.243102 -0.259158 145
0.251559 -0.217028 167
0.012022 0.213262 181
-0.126244 0.184184 208
-0.0673429 -0.0175165 265
-0.0632839 0.216227 201
-0.178783 0.0501235 255
0.0333447 -0.272476 160
-0.139168 -0.0282136 259
-0.0836995 -0.341876 132
-0.292851 -0.30337 120
0.204193 -0.0148662 274
0.0788441 -0.129115 250
-0.122972 -0.216305 181
-0.176087 -0.0730213 274
-0.044971 0.03789 246
0.145936 -0.0873501 272
0.235344 -0.111156 231
0.118373 -0.087322 270
0.0501895 -0.141135 246
-0.216392 0.0146776 272
0.0893713 0.222117 187
0.319528 -0.259099 138
0.266095 0.203444 247
-0.0169724 -0.265163 165
0.0715966 0.139908 197
0.258579 -0.183979 183
0.138112 -0.21493 184
-0.0483774 -0.361701 115
0.0179774 -0.430759 95
-0.176417 -0.293314 144
0.256478 0.0195783 260
-0.25429 0.062154 264
0.29244 -0.00465929 276
-0.0662479 -0.517648 48
-0.30678 0.10741 263
-0.0344067 0.166749 188
