0.3227 0.198666 234
0.146795 0.202945 285
0.312721 0.192875 237
-0.25359 -0.160968 233
0.193769 0.0752104 272
-0.131931 -0.418585 90
-0.321891 -0.208679 191
-0.251898 0.161802 216
0.0908462 0.0691555 293
0.24598 0.194619 293
0.00238074 -0.0331945 274
-0.0901589 0.111847 283
-0.187249 0.175495 218
0.117884 -0.0159486 253
-0.06582 0.0433051 263
0.156421 0.0323494 261
-0.0164069 -0.23083 164
-0.050643 -0.0333916 277
-0.211988 -0.39661 108
-0.128756 0.00453456 268
-0.119242 -0.317308 132
-0.228076 -0.452151 80
0.321145 0.0925934 188
0.209237 -0.00387853 213
-0.243631 -0.287175 150
0.171438 0.187667 289
-0.00611712 -0.499165 43
0.106344 -0.195942 159
-0.243167 -0.238831 176
-0.188364 0.0491376 265
-0.291709 0.0713999 259
-0.301313 -0.384846 110
-0.0593247 -0.157677 222
-0.027307 -0.19081 179
-0.0080802 -0.0402652 283
0.191084 0.00702362 224
0.273569 0.041015 201
0.199895 -0.317981 88
0.133753 -0.015223 250
-0.323168 -0.0336765 272
0.0935746 -0.435752 60
-0.0285787 -0.151227 206
0.178046 0.194808 294
0.0479405 -0.269711 129
0.244892 -0.0860492 162
-0.313447 0.0384503 265
0.208547 -0.145532 147
0.286048 -0.000692459 178
-0.0567668 0.143177 268
-0.0499427 0.194469 236
0.0526218 -0.114588 212
-0.222263 -0.421032 96
-0.175399 -0.331869 129
0.201327 0.105538 276
-0.108909 0.0857136 266
-0.130109 -0.342356 122
-0.3162 0.171948 217
-0.183795 -0.262512 162
0.295761 -0.0629665 154
0.181284 -0.170033 158
0.316849 -0.261255 83
-0.281063 0.0981215 247
0.190838 -0.0860519 177
0.0614273 -0.112707 210
0.151319 0.162895 284
0.126901 -0.310621 105
0.116883 0.0429002 282
-0.0699917 0.0402968 271
0.0400123 -0.239666 153
-0.189756 -0.0991338 280
0.0177914 -0.468109 49
-0.0622645 -0.484537 56
-0.0957044 -0.126902 238
0.0603355 0.0593754 285
-0.0933756 0.175508 230
-0.224615 -0.0983823 281
-0.0683097 -0.172957 205
-0.0732577 -0.516073 40
0.147521 -0.272158 119
-0.0724296 -0.403363 93
0.27787 0.0707134 208
-0.0415236 -0.291589 140
0.235741 -0.1286 155
0.078234 -0.400763 81
-0.247294 -0.0735135 281
-0.0182281 -0.327772 120
-0.103857 -0.0344407 281
0.0193973 -0.00808913 291
0.140465 0.0361137 280
0.317447 -0.187094 111
0.00357403 0.160003 278
0.0378747 -0.410716 76
0.00207351 0.0943627 286
-0.0243918 -0.121243 230
0.0302848 0.222101 281
-0.0340701 -0.466368 68
0.230393 -0.192991 130
0.0677505 -0.44501 61
-0.000946279 0.196424 266
-0.302694 0.0561828 250
0.310051 0.0879774 200
-0.0889288 0.126521 254
0.116688 -0.461673 45
-0.0999483 -0.225163 173
-0.295711 0.0750514 283
0.104078 -0.20144 150
0.162462 0.157986 276
-0.238553 -0.388615 113
-0.263019 -0.415846 93
-0.141262 -0.422949 92
0.196372 0.126969 281
-0.274588 -0.0902216 282
0.0827998 -0.112605 204
-0.319739 -0.416284 94
0.117187 0.114773 289
0.0220565 -0.0584587 273
-0.0398666 -0.261786 155
-0.195292 -0.140063 253
-0.235299 -0.223644 183
-0.0764836 -0.468025 63
-0.298694 -0.432511 99
-0.160579 -0.387069 108
0.00310115 -0.345036 119
0.209693 -0.21205 131
0.210246 0.152037 280
-0.128812 0.18359 215
-0.293836 -0.156852 234
-0.163899 -0.158061 234
0.0286365 -0.27171 140
0.252022 0.15004 259
-0.101504 -0.248065 169
-0.303375 -0.441598 93
-0.219133 0.060189 257
0.245287 -0.232696 111
-0.188304 -0.343732 125
-0.147711 -0.222066 192
-0.00491271 -0.452659 68
-0.179777 -0.42602 88
-0.00630403 0.181538 264
0.295713 0.192101 263
0.0987796 -0.0935936 208
-0.0420903 -0.348915 113
0.0343728 -0.260131 136
-0.290451 0.0908955 247
-0.115368 -0.513447 47
-0.0617621 -0.492732 52
0.200939 -0.0381634 194
-0.157108 0.0237918 260
-0.2406 -0.0391905 272
-0.00433755 -0.186807 184
-0.0789747 -0.114743 251
0.142005 -0.302759 100
-0.137927 0.0335196 277
0.0802331 -0.383284 90
0.202718 -0.00991842 212
-0.12187 -0.387367 105
-0.0742882 -0.248637 162
-0.101446 -0.0557861 277
0.20525 0.0601706 248
0.110035 -0.464156 38
-0.0783778 0.172039 237
-0.026977 0.0567845 272
-0.127651 -0.159906 223
0.266867 -0.198106 116
-0.00739849 -0.189912 181
0.166263 -0.295238 102
-0.25476 -0.143619 258
-0.0691666 -0.141921 222
0.240621 0.0882208 245
-0.0904405 0.0711236 276
0.271127 -0.0417614 171
0.0284736 -0.241043 156
-0.233907 0.0836853 257
-0.195083 -0.125381 271
0.291801 -0.261955 87
0.318571 0.179251 234
-0.168951 0.131957 234
-0.314262 -0.112383 271
-0.0724001 -0.0581437 270
0.181798 -0.0847165 183
-0.0151853 -0.369193 102
0.0260897 -0.299065 120
-0.313007 -0.171807 218
-0.198578 0.108232 243
-0.0382047 -0.355559 122
-0.228911 -0.396969 107
-0.169323 -0.354252 122
0.194775 -0.198226 137
-0.0175402 -0.291673 141
-0.266615 0.167535 213
0.0939578 -0.202344 157
0.0864914 -0.386388 81
0.0548485 0.153661 295
0.147325 0.209811 279
-0.0944852 -0.195848 188
0.117264 -0.441661 48
-0.219486 -0.21846 181
-0.238071 -0.0788279 284
-0.0327886 -0.328341 129
-0.297665 -0.0728677 279
0.193287 0.00841183 227
-0.216089 -0.35869 120
-0.113774 -0.302493 142
0.101257 -0.285916 121
-0.0518765 -0.206875 174
0.183241 -0.144106 154
-0.251425 -0.460863 82
-0.206978 0.075761 264
-0.152152 0.171641 235
-0.16631 0.0227482 272
-0.25952 -0.158543 232
-0.101187 -0.0911062 272
-0.141942 -0.347037 126
0.304616 -0.180863 107
-0.186048 0.197316 215
0.0688533 -0.114896 215
-0.177742 -0.134148 248
-0.201561 -0.351304 124
-0.0639785 -0.158327 214
-0.0563611 -0.0569549 275
-0.214401 -0.0156483 270
-0.130616 -0.228364 179
0.0887046 -0.249423 137
-0.226477 0.215986 219
0.24958 0.138876 265
0.298494 0.159965 241
-0.313257 0.0721379 271
0.0538501 -0.450966 54
-0.111931 -0.273482 160
-0.241107 -0.015204 272
-0.135225 -0.422585 88
0.225621 0.0159206 219
-0.175003 -0.444929 83
0.00128335 -0.034682 281
-0.323961 -0.15437 238
-0.31685 0.0592888 266
-0.138719 0.0112778 274
-0.260846 0.15279 221
-0.0749091 0.143192 257
-0.0940234 -0.274378 150
0.142981 -0.000940626 255
-0.282461 -0.376643 108
0.00900847 -0.502094 43
-0.0494141 0.0330557 297
0.123371 -0.149983 168
-0.159937 -0.165058 225
-0.0640123 0.153542 266
-0.15309 -0.0676 267
0.282263 -0.0617502 156
-0.0178586 0.119582 271
0.0720955 0.0791171 293
-0.00753877 -0.0924589 245
0.00943772 -0.387808 93
-0.165737 -0.345051 128
-0.108547 0.139884 232
0.00153554 -0.503494 38
0.0624377 -0.157574 187
-0.123399 -0.399055 102
0.300948 0.20901 250
-0.17394 0.00952085 275
0.160488 -0.149646 164
-0.115354 -0.171684 214
-0.118149 -0.480286 67
0.294107 -0.0135211 171
0.0225687 -0.493177 47
0.282492 -0.133763 141
0.108624 -0.452452 44
-0.136702 0.0886114 272
-0.282409 0.0881603 252
-0.174272 0.0168297 275
-0.19818 -0.0302961 257
-0.050558 -0.136054 222
0.283436 0.204731 282
-0.232559 -0.0382564 275
0.0930677 0.0752479 286
-0.0177241 -0.184652 189
-0.0409936 -0.200706 177
-0.166192 0.0939853 252
0.00384762 -0.462398 59
-0.275272 -0.394959 100
0.139038 -0.231797 136
0.0761832 0.0985348 283
-0.202095 0.0775233 276
-0.0669618 -0.479647 63
-0.144518 -0.225557 187
0.232765 -0.129843 155
0.265809 -0.2124 116
0.0762314 -0.0323551 269
-0.207468 -0.05402 272
0.00976542 -0.306012 126
0.211011 -0.201262 128
-0.0914391 -0.513385 41
0.205476 0.213048 278
-0.134298 -0.399624 105
-0.213123 -0.445338 85
-0.00468677 -0.245693 157
-0.198039 -0.376411 118
0.2368 -0.157734 141
-0.192272 -0.27038 166
0.075577 0.188723 287
0.245733 0.165249 290
-0.0698951 -0.485492 57
0.290275 0.0283936 184
-0.216646 -0.32316 138
0.30672 -0.207873 106
0.0415772 -0.114097 212
0.0639398 0.182053 275
-0.239706 -0.211692 186
0.0434053 0.212289 292
0.0353472 -0.298909 123
-0.123182 0.000824069 275
-0.246578 -0.0252459 277
0.154564 -0.120655 173
-0.16723 -0.00142086 287
0.209858 -0.0251041 190
-0.204441 -0.391401 117
-0.12176 -0.428989 89
0.248122 0.22431 282
0.113238 -0.396659 78
-0.284347 -0.1041 274
-0.239485 0.1364 228
-0.266531 -0.0231185 265
-0.319596 -0.382175 112
-0.0282682 -0.248313 165
0.0872972 -0.179456 175
0.0193459 0.211228 275
-0.00138487 -0.407696 90
-0.106731 0.116642 270
-0.160665 -0.0414266 270
-0.173111 -0.242796 170
-0.212444 -0.381807 105
0.0623877 -0.20381 167
0.147481 -0.163483 164
0.134654 -0.0828694 199
-0.172402 -0.355359 121
-0.0143028 -0.236536 159
-0.313162 -0.0877602 282
0.10057 -0.30717 104
-0.274256 -0.0621818 276
-0.0177001 -0.326039 119
0.322709 0.0932822 197
0.0208634 0.211998 271
0.259633 0.0226866 202
0.177386 -0.267092 109
-0.192556 -0.086948 272
-0.0813718 0.154731 237
0.226258 0.13474 290
-0.112645 0.0883204 278
-0.112621 -0.329454 135
0.103487 -0.0792328 216
0.0563972 -0.508116 28
-0.293161 -0.206056 199
0.175478 -0.290461 114
-0.00536109 -0.403886 87
-0.00768039 -0.390925 89
-0.0460677 -0.207836 172
-0.068427 -0.454328 77
0.179695 -0.0761073 187
0.30859 -0.171807 112
0.161528 -0.00303802 240
0.0874263 -8.41109e-05 268
-0.278083 -0.0461019 268
0.0866861 -0.499797 23
0.0187984 -0.473395 54
-0.132491 -0.2853 145
-0.113537 -0.126852 250
0.085228 -0.0341657 261
0.321429 -0.219286 96
0.0104311 0.0899859 288
0.145895 0.0137692 261
-0.165376 0.201487 220
-0.10898 -0.1265 257
0.161596 -0.281141 109
0.118928 -0.445778 54
0.117826 -0.066781 218
-0.273752 0.0591017 266
-0.0266914 -0.20741 173
-0.280875 -0.325146 135
-0.280059 -0.409757 100
0.0175778 -0.314246 120
-0.154668 -0.194936 192
-0.0108061 -0.129643 218
-0.239976 -0.181932 211
-0.263614 0.131529 231
-0.246752 -0.136461 250
0.305394 0.182717 238
0.166583 -0.0467182 213
-0.150685 0.19327 219
-0.0547544 -0.0179083 267
-0.016433 -0.308202 128
-0.288963 -0.0211439 283
0.0739337 -0.00364463 275
-0.00609753 -0.474005 58
0.27188 -0.0241255 172
-0.127514 0.108294 251
0.188566 -0.266653 117
-0.177952 0.0603897 282
-0.0331813 -0.018501 286
0.00657079 -0.519964 23
-0.175089 -0.0733721 285
0.137723 -0.234922 129
0.314894 0.161993 232
0.100889 -0.524137 0
-0.147766 -0.178163 215
-0.0201399 -0.206738 175
-0.323049 -0.179313 209
-0.0348244 0.0526198 282
0.306114 -0.283146 77
-0.126969 0.0635545 270
-0.185179 -0.171482 216
-0.16407 -0.498178 54
-0.00885879 0.0163185 277
-0.0601238 -0.169886 208
-0.184841 -0.410459 100
0.0261639 -0.269157 142
0.144966 -0.0694581 199
-0.140599 -0.381191 110
0.0278604 0.0288201 283
-0.109215 0.163068 236
0.196146 -0.323204 87
0.232097 0.049125 228
-0.31532 -0.383504 112
0.250213 -0.309376 83
0.0605065 -0.456665 55
-0.268959 -0.092843 281
0.276169 -0.0124776 188
0.268918 -0.115055 136
0.312492 -0.205703 109
0.260014 -0.0416679 169
0.292314 -0.0392868 165
0.282439 -0.0157374 178
-0.319589 -0.04816 264
0.180566 0.183881 282
-0.308127 -0.368299 118
0.0571201 0.00696127 280
0.0973575 -0.347827 98
-0.111646 -0.435453 84
-0.252798 -0.069522 267
-0.244223 -0.187397 211
0.308045 -0.180956 108
0.0215992 -0.0285414 289
0.105495 0.0527141 279
0.135367 -0.262336 120
-0.28032 -0.0284928 262
-0.191129 -0.212881 195
-0.0432707 0.106447 274
-0.317725 0.0996876 257
-0.279979 -0.332669 130
-0.10201 -0.0649044 272
-0.12205 -0.0883131 280
0.320283 -0.119445 133
-0.150108 0.127456 240
-0.0938529 -0.286444 148
0.224157 0.179872 274
-0.18386 -0.0408361 279
0.302219 -0.165403 122
0.137925 -0.0455123 221
0.313734 -0.116463 142
0.168934 -0.0395164 206
-0.199381 -0.117086 272
-0.0958168 0.015785 275
-0.197405 -0.133129 253
0.215844 0.220278 289
-0.0288186 -0.477306 56
-0.108756 -0.221565 176
0.219869 -0.18872 137
0.0353007 -0.250638 148
-0.246437 0.0476285 263
-0.187081 -0.0540777 284
-0.00569448 0.0539853 274
-0.0587244 0.17464 242
0.168682 0.204556 285
-0.0929083 -0.380979 99
0.313001 -0.00280025 174
0.217504 -0.130947 155
-0.0863236 -0.127242 235
-0.292093 0.120855 237
0.309115 -0.16136 119
0.222683 -0.229908 122
0.240149 -0.0214266 179
-0.275926 0.0309435 259
-0.303956 -0.134961 255
0.0740557 -0.264215 135
0.0750931 -0.085431 224
0.10571 -0.328391 109
-0.152173 0.0411999 268
-0.248042 -0.193198 200
-0.121507 -0.00915294 269
0.241875 -0.255579 103
-0.173132 0.0272551 273
0.200238 -0.228969 118
0.0367456 -0.0124381 280
0.288335 0.00303558 179
0.00240725 -0.193271 182
0.108171 -0.510317 9
-0.225572 -0.276857 158
0.307599 -0.206768 99
0.0869485 -0.322297 107
-0.208878 -0.37721 121
-0.276807 0.0912909 252
-0.00326639 -0.202559 175
0.185887 0.140828 286
-0.0229582 -0.231613 161
0.248971 0.0518358 219
0.0957898 -0.227406 139
0.262107 0.0813856 227
-0.321117 0.0413078 267
0.125815 -0.241953 134
0.0553083 -0.362986 95
-0.256515 0.0678054 278
0.318708 0.186978 230
-0.175505 -0.279326 165
-0.10861 -0.0215517 268
0.123099 -0.196016 152
0.299923 0.100125 230
-0.177711 0.0516407 263
0.24456 0.121485 256
-0.0443661 0.217404 237
-0.0189232 -0.139182 209
0.0403666 0.138211 283
0.21945 -0.0839805 168
-0.228599 -0.408936 106
0.0905308 -0.375103 87
0.322136 -0.219784 98
0.0906062 0.0365293 294
-0.0393131 0.0941879 283
-0.306548 0.0674723 269
-0.270952 -0.286107 145
0.0197387 -0.124452 218
-0.201395 -0.422781 95
-0.154812 -0.0160108 277
-0.0310409 -0.153617 217
-0.0259825 -0.382717 105
0.112864 -0.153746 182
-0.209981 -0.414294 94
-0.20291 -0.483769 67
-0.262284 0.113035 244
-0.114482 -0.10458 282
-0.214288 0.172207 206
-0.308923 -0.0024996 268
0.214918 -0.0879068 167
-0.165862 0.0865479 275
-0.232677 0.13426 221
-0.223963 0.216684 213
-0.128043 -0.524608 41
-0.303178 0.124079 228
-0.0589619 -0.0655751 284
0.18403 0.217463 286
-0.0368083 -0.12924 229
-0.313633 -0.165357 222
-0.13924 0.0760107 270
-0.213645 -0.151429 249
-0.263803 0.150639 229
-0.146957 -0.0940041 273
-0.194113 0.108884 237
0.164526 0.0289802 255
0.195572 -0.0855097 171
0.0559547 -0.339949 105
-0.00195356 -0.0251878 279
0.0591326 -0.462388 55
0.0447145 -0.0555302 267
-0.204686 -0.0292916 284
0.261077 0.0223139 198
-0.3091 0.143064 221
-0.153155 0.211727 219
0.183635 0.0517718 266
0.0648064 -0.0889151 222
0.03654 0.171235 289
-0.262254 -0.0899322 276
-0.0660456 -0.434355 77
-0.299063 0.122033 231
0.0553259 -0.161778 181
-0.0564103 0.108642 272
-0.240803 -0.367946 116
0.0708103 -0.110781 211
-0.288986 -0.0525875 288
-0.0311585 -0.0639649 285
-0.00974065 -0.253191 155
-0.28116 -0.487851 66
-0.181346 -0.157823 236
0.0938371 -0.380617 81
-0.0514452 -0.383196 110
0.120727 -0.493011 21
0.12104 -0.0486016 221
-0.174677 -0.3136 140
0.321604 -0.121052 123
-0.0418645 -0.00362772 272
0.158465 -0.150663 160
-0.105267 -0.123149 252
-0.0891048 -0.191113 192
0.146301 -0.157232 161
0.219379 0.114749 285
-0.066277 0.130446 266
0.228602 -0.322279 82
-0.213458 -0.368654 118
0.290806 -0.101265 146
-0.0969172 -0.0447661 284
-0.0748289 -0.212228 181
-0.0651755 -0.370518 105
0.141938 0.18595 281
-0.283412 -0.418469 101
0.106942 -0.400155 80
-0.210398 -0.059281 282
-0.0838773 -0.0947177 270
-0.21554 -0.485942 72
-0.251418 0.173401 203
-0.225827 0.0214963 270
-0.0679141 0.0283812 271
-0.0672912 -0.477447 60
-0.306823 0.12033 229
-0.032479 0.175804 261
-0.260947 0.213299 202
0.270412 0.119204 233
-0.0218939 0.0641692 276
0.161934 -0.139967 169
0.1536 -0.226058 132
0.101756 -0.424552 61
-0.184728 -0.501833 61
-0.29153 0.179356 219
-0.286846 -0.29902 150
-0.0510856 -0.30335 140
0.201767 -0.275298 108
-0.119068 -0.174699 212
0.24966 -0.0388512 180
-0.0590797 -0.506079 45
-0.193981 0.106655 250
-0.308425 -0.105726 282
-0.281814 0.115575 235
0.114658 -0.264091 130
-0.272301 -0.19048 210
-0.110883 -0.48432 67
-0.0847731 -0.392169 103
0.192957 -0.027894 211
-0.210285 -0.276878 157
-0.264738 0.148865 234
-0.286251 -0.436384 98
-0.138511 0.216313 213
0.140391 -0.120013 176
-0.0041978 0.00518806 286
0.263331 0.224619 276
-0.0620405 -0.309113 137
-0.281205 -0.214108 184
-0.081234 -0.17637 205
0.226576 0.0479678 229
-0.0879397 0.088653 267
-0.232303 -0.449834 85
-0.0508953 -0.391412 96
0.239826 -0.255274 107
0.0219001 -0.133586 206
-0.0685319 -0.273113 158
-0.109027 -0.393248 100
-0.297029 -0.36829 115
0.231735 0.153865 293
-0.207549 -0.0184566 270
-0.108344 -0.173649 215
-0.0446132 0.159099 250
-0.112151 -0.446991 77
-0.160816 0.0341596 273
-0.239483 0.0272006 273
-0.266161 -0.103604 280
-0.143296 -0.0770915 283
0.0508033 -0.300047 122
-0.0955435 -0.424408 87
-0.118974 -0.365549 111
0.179881 0.146206 284
-0.0843833 -0.47141 64
-0.200534 -0.343135 129
-0.317834 -0.484684 65
-0.0700216 -0.193708 193
0.316734 0.147894 214
0.0896693 -0.454972 51
0.0786854 -0.294475 119
0.276312 -0.182957 121
-0.312356 0.221542 205
0.143263 -0.27593 114
0.0591999 -0.30199 132
-0.288268 -0.478466 75
0.0902059 -0.301317 118
-0.132293 -0.490237 61
-0.023036 -0.145929 220
0.291157 0.0460694 187
0.0337561 -0.0516975 270
0.0022167 -0.457581 63
-0.238331 -0.464353 80
0.138531 0.0579304 287
0.276315 0.153851 250
0.262307 -0.124671 147
0.08859 -0.443134 57
-0.10272 0.0943566 267
0.106375 -0.271427 122
0.103747 -0.30452 109
-0.149215 0.0347351 264
0.0924821 -0.517248 10
-0.045985 -0.488664 56
0.196438 -0.0240629 202
-0.109081 -0.072399 285
0.136829 -0.130423 173
0.100281 0.0222821 279
-0.168574 0.00544011 276
0.272426 0.0610328 218
0.0674942 -0.309017 109
-0.0758904 -0.00560101 273
0.182082 -0.107498 173
-0.00324692 -0.227609 156
-0.0663081 0.0601316 272
-0.14434 -0.271812 154
-0.167358 -0.0691006 283
-0.324031 0.0309405 268
-0.0682583 -0.44639 80
-0.193702 -0.429084 95
0.176849 -0.112845 169
0.0704969 -0.161078 184
0.181387 0.142857 282
-0.000395066 0.0742202 283
-0.0750677 0.0257558 262
-0.241828 -0.470336 72
-0.162718 -0.458604 72
0.00204919 0.0737631 288
-0.241663 0.182256 211
0.311146 -0.0122133 168
-0.179791 0.0170434 273
0.118675 -0.442235 56
-0.0333398 -0.43688 80
0.111838 -0.0444616 236
0.266088 -0.278389 90
0.220195 -0.034641 187
-0.187272 0.0368486 271
0.293196 -0.0876107 150
0.24563 0.0300242 207
0.305964 0.0262182 187
-0.0501089 0.202949 241
0.21923 0.125198 269
-0.264342 -0.460324 77
0.112727 -0.250173 144
-0.261059 -0.248101 174
0.12837 -0.0112286 252
-0.184632 -0.0765438 285
0.18059 0.067023 275
-0.272521 -0.24926 173
-0.0615542 -0.370479 106
-0.190131 -0.46 74
-0.269729 0.0539504 271
0.0124686 -0.370744 96
0.311017 -0.233796 98
-0.217041 -0.111166 286
-0.126911 -0.0435445 263
0.0525781 -0.16164 186
-0.072753 0.061449 274
-0.321091 -0.449545 87
-0.318552 -0.30445 147
-0.196058 -0.34697 130
-0.0693016 -0.126846 243
-0.197262 -0.456376 82
0.217918 -0.221013 119
-0.274818 -0.440787 89
-0.135577 0.0633209 274
-0.145938 -0.306322 148
0.0791089 -0.0723499 227
0.273761 0.198317 280
-0.178478 -0.200636 198
-0.139883 -0.00393585 281
-0.269988 0.0435745 282
-0.111932 -0.200518 191
-0.291136 -0.0333765 268
0.0720748 -0.442684 59
0.0289723 0.17532 291
-0.0988625 -0.384404 113
0.0175283 -0.325366 112
0.32491 0.0733727 189
0.230912 -0.159297 139
0.261926 0.0517187 211
-0.241276 -0.227995 180
0.0752817 -0.320296 122
0.31709 -0.0200288 168
0.0946521 -0.202827 156
0.162716 -0.186196 150
0.167292 -0.0676071 192
0.108319 -0.480448 40
0.0260179 -0.288141 126
0.149666 0.0545416 285
0.181832 -0.00267526 224
-0.00737943 -0.431001 76
0.0609431 -0.427386 70
-0.274055 -0.519135 48
-0.30214 -0.207668 194
-0.0830626 -0.0333201 274
-0.274356 0.0171919 274
0.184722 -0.126593 170
-0.0148721 -0.443387 74
-0.0385759 -0.0511752 291
-0.141834 -0.430125 92
0.0109233 -0.424273 81
-0.0858906 -0.451054 75
-0.248371 -0.41848 92
0.0641062 -0.398812 87
-0.314221 -0.377813 109
-0.0209448 -0.28689 137
-0.25577 -0.287678 152
-0.104826 -0.361828 116
-0.26852 -0.336719 132
-0.191647 0.144692 223
0.0115564 0.00241742 265
-0.0150935 -0.108197 232
-0.302126 -0.386675 111
0.229408 0.16035 283
0.312195 0.00503641 171
0.2355 -0.106658 160
0.20885 -0.289928 102
0.0638506 -0.0581271 252
0.212403 0.215951 290
0.024444 -0.397176 88
-0.215942 -0.227401 184
-0.312722 -0.469504 69
0.231725 -0.011928 196
0.221895 -0.223209 118
0.187322 0.212126 287
0.149187 -0.223362 138
0.152456 -0.059496 204
0.0562012 -0.409223 70
0.0410994 -0.238991 153
0.0684042 0.0435843 295
-0.259141 0.128333 224
0.0773595 -0.261917 132
0.151983 -0.0108482 235
-0.135873 -0.304389 142
-0.117894 -0.127028 256
0.0480303 0.0993175 287
0.0918214 -0.0768824 213
-0.288976 -0.273517 167
0.311945 -0.300581 69
0.190136 -0.185556 136
0.0904672 -0.208016 152
-0.114188 -0.255295 159
0.307241 -0.106261 135
0.00340272 0.031909 281
0.273938 -0.206749 110
0.0452477 -0.202983 167
-0.0348747 -0.431345 78
-0.246872 -0.307361 146
0.3152 -0.28686 76
-0.17552 -0.0347324 271
0.0630474 0.192702 274
0.045726 0.176798 283
0.172018 -0.181585 152
-0.0570813 -0.344641 114
-0.288675 0.0479235 271
0.00390111 0.0444955 288
-0.213173 0.030486 268
0.0188669 0.0327663 280
0.0224361 -0.44556 69
0.118745 -0.0138297 251
-0.017922 -0.177555 186
-0.109971 -0.365878 111
-0.0815653 -0.451111 78
-0.235348 0.0926809 256
-0.110955 -0.402323 101
0.104329 -0.0255096 254
-0.283567 0.145792 226
0.264801 -0.137581 147
-0.256972 0.00202673 279
-0.260487 -0.409807 105
-0.0698618 0.190093 230
0.107685 -0.119337 188
-0.00286104 -0.0151996 276
-0.0244451 -0.497578 45
-0.187664 0.0819029 267
-0.0588232 0.0364642 275
-0.254979 -0.43486 91
-0.00694128 -0.131216 216
-0.252315 -0.280625 158
-0.0919108 -0.115163 254
-0.136069 -0.225839 189
-0.111928 -0.21368 175
-0.156631 -0.389447 105
0.0293847 -0.33346 114
-0.279739 -0.509598 60
-0.313728 0.167757 226
-0.237303 -0.0347251 280
0.257751 0.17446 286
0.0673811 0.165823 279
0.294375 0.0709934 207
0.269206 -0.0919544 147
-0.167472 -0.194973 199
-0.0369632 0.0389598 274
0.0407435 -0.353498 105
-0.0967609 -0.47686 63
-0.301159 0.0504971 275
0.0414592 -0.0215984 283
-0.0993271 0.0114094 277
0.176619 -0.0434544 200
0.0846231 -0.210714 151
0.255196 -0.231928 116
0.235296 0.0871051 253
-0.105552 -0.286929 150
0.106458 0.0859048 293
0.119835 0.0668051 287
-0.0649473 0.114198 275
-0.313045 -0.145773 244
-0.322344 -0.048254 274
-0.071306 0.188171 240
0.324962 -0.192027 107
-0.194958 -0.479986 69
0.0832278 0.125062 285
0.272664 -0.0516084 171
0.229309 -0.258695 100
0.213097 0.222752 280
-0.145685 -0.0356617 281
0.0942563 -0.071257 234
-0.0531777 -0.234566 174
-0.0190154 -0.506149 43
0.113968 -0.209166 151
0.0462169 0.0193315 302
-0.0400775 -0.247228 150
-0.11697 0.10617 260
0.270052 0.0256723 198
0.31337 -0.0967306 137
-0.143192 -0.392359 100
-0.312145 0.193038 218
-0.106406 -0.326008 125
0.250996 0.168436 278
-0.252678 -0.357172 111
-0.12215 -0.244827 165
0.0161361 -0.459375 60
-0.247406 -0.0449126 267
-0.121775 -0.491212 61
-0.137158 0.0173801 269
-0.113223 -0.264422 157
-0.0574229 -0.0295374 281
-0.15382 -0.237099 170
-0.00882806 -0.0544901 286
-0.177639 -0.508763 60
0.280346 0.157927 255
-0.296044 0.075419 270
0.309709 0.0343856 178
0.183947 0.0848346 281
-0.0321595 -0.23752 166
-0.185924 -0.0620406 286
-0.257986 -0.0933789 274
0.0292438 -0.127461 211
0.0234567 -0.318698 118
0.109158 -0.338528 96
-0.272458 -0.186271 213
0.0954053 -0.354215 96
-0.230267 0.0783372 250
-0.06299 0.214578 241
-0.0497598 -0.123252 238
0.092505 -0.459692 49
0.0751752 0.0765686 284
0.194771 0.216859 280
-0.0372159 -0.47479 58
0.130161 0.179549 288
-0.152515 -0.012121 271
-0.288791 0.0628024 256
0.134866 -0.124397 173
0.195433 0.13902 291
0.303748 0.149254 237
0.319834 -0.0555468 159
-0.297545 -0.421598 102
-0.284167 -0.388394 114
-0.0770318 -0.493635 56
-0.241983 -0.444794 85
-0.0395456 -0.0626674 291
-0.319408 0.179746 216
0.243102 -0.259158 104
0.251559 -0.217028 119
0.012022 0.213262 252
-0.126244 0.184184 225
-0.0673429 -0.0175165 269
-0.0632839 0.216227 234
-0.178783 0.0501235 276
0.0333447 -0.272476 141
-0.139168 -0.0282136 277
-0.0836995 -0.341876 121
-0.292851 -0.30337 157
0.204193 -0.0148662 203
0.0788441 -0.129115 199
-0.122972 -0.216305 178
-0.176087 -0.0730213 280
-0.044971 0.03789 281
0.145936 -0.0873501 193
0.235344 -0.111156 155
0.118373 -0.087322 203
0.0501895 -0.141135 192
-0.216392 0.0146776 274
0.0893713 0.222117 282
0.319528 -0.259099 83
0.266095 0.203444 293
-0.0169724 -0.265163 145
0.0715966 0.139908 283
0.258579 -0.183979 130
0.138112 -0.21493 147
-0.0483774 -0.361701 112
0.0179774 -0.430759 71
-0.176417 -0.293314 143
0.256478 0.0195783 202
-0.25429 0.062154 268
0.29244 -0.00465929 172
-0.0662479 -0.517648 38
-0.30678 0.10741 256
-0.0344067 0.166749 272
