0.1 1.89195
0.1 1.83116
0.1 1.70102
0.2 1.87529
0.2 1.80404
0.2 2.34013
0.3 1.63145
0.3 1.63519
0.3 1.80733
0.4 1.82914
0.4 1.92052
0.4 1.64323
0.5 2.56948
0.5 1.60169
0.5 3.96813
0.6 1.93303
0.6 1.82765
0.6 2.84669
0.7 1.76268
0.7 1.89717
0.7 3.24314
0.8 2.67161
0.8 3.16216
0.8 2.62767
0.9 2.10488
0.9 1.50956
0.9 1.47502
1 2.49908
1 1.87851
1 1.51922
1.1 1.75379
1.1 2.34446
1.1 3.18344
1.2 2.00656
1.2 2.13639
1.2 1.57787
1.3 1.5648
1.3 2.99915
1.3 1.43491
1.4 1.87692
1.4 2.87288
1.4 1.7241
1.5 3.03859
1.5 3.66173
1.5 1.47408
1.6 1.51779
1.6 1.62911
1.6 2.90545
1.7 1.67902
1.7 2.67963
1.7 2.48
1.8 1.887
1.8 2.89699
1.8 2.22286
1.9 1.3817
1.9 2.33883
1.9 4.89852
2 2.97652
2 2.19481
2 3.38337
2.1 3.68816
2.1 2.15716
2.1 4.06457
2.2 2.53768
2.2 2.4878
2.2 2.50498
2.3 4.96035
2.3 2.93999
2.3 1.50862
2.4 2.05641
2.4 2.65097
2.4 3.47648
2.5 1.29988
2.5 2.2981
2.5 2.07694
2.6 1.90163
2.6 3.17309
2.6 2.92411
2.7 1.38615
2.7 1.10967
2.7 1.69187
2.8 1.3144
2.8 3.44281
2.8 3.51933
2.9 2.28147
2.9 2.63121
2.9 2.27943
3 2.82563
3 1.31611
3 1.43882
0.1 2.0722
0.1 2.7636
0.1 1.83418
0.2 1.69856
0.2 1.63301
0.2 1.68912
0.3 1.89185
0.3 1.83409
0.3 2.23225
0.4 2.30921
0.4 2.38007
0.4 1.6837
0.5 1.97448
0.5 1.84248
0.5 1.75023
0.6 1.87997
0.6 1.85249
0.6 1.94639
0.7 1.93578
0.7 3.12656
0.7 2.28322
0.8 2.99893
0.8 1.57359
0.8 2.78732
0.9 2.13746
0.9 2.11245
0.9 2.35458
1 2.26324
1 1.27499
1 2.40059
1.1 2.51374
1.1 2.42983
1.1 2.66632
1.2 2.16314
1.2 2.53493
1.2 2.98498
1.3 1.93643
1.3 3.79533
1.3 2.68066
1.4 1.55031
1.4 2.65202
1.4 1.50723
1.5 2.38031
1.5 1.52575
1.5 2.34444
1.6 1.90151
1.6 2.35771
1.6 1.66985
1.7 1.74395
1.7 3.88989
1.7 2.23321
1.8 1.67371
1.8 1.76917
1.8 1.98017
1.9 1.57452
1.9 2.60349
1.9 1.47959
2 2.35874
2 2.32386
2 1.2091
2.1 2.84445
2.1 2.35301
2.1 3.11418
2.2 2.09496
2.2 1.77459
2.2 1.83375
2.3 1.41644
2.3 1.81443
2.3 1.94064
2.4 2.72754
2.4 2.79053
2.4 2.40292
2.5 1.86432
2.5 2.15413
2.5 1.5901
2.6 1.57026
2.6 1.55873
2.6 1.6681
2.7 2.189
2.7 2.91947
2.7 1.65392
2.8 1.77825
2.8 3.3678
2.8 1.70687
2.9 2.93039
2.9 2.90845
2.9 1.9637
3 2.96904
3 2.53425
3 2.21221
0.1 2.30309
0.1 3.28529
0.1 1.84758
0.2 1.5756
0.2 1.69501
0.2 1.66124
0.3 1.58395
0.3 2.17385
0.3 1.74049
0.4 1.57383
0.4 1.5962
0.4 1.5006
0.5 1.54047
0.5 1.52874
0.5 1.45026
0.6 1.58348
0.6 2.02056
0.6 1.76051
0.7 2.11739
0.7 1.85758
0.7 1.84806
0.8 1.41125
0.8 1.3561
0.8 2.10203
0.9 1.48618
0.9 2.19971
0.9 2.15811
1 2.41312
1 1.44281
1 3.5247
1.1 1.57378
1.1 2.5184
1.1 2.25478
1.2 2.23099
1.2 1.82225
1.2 1.85808
1.3 1.37731
1.3 2.78424
1.3 3.35759
1.4 2.319
1.4 2.56209
1.4 2.8802
1.5 2.59698
1.5 2.61988
1.5 1.62056
1.6 1.76533
1.6 3.11738
1.6 2.20913
1.7 2.65128
1.7 2.16672
1.7 1.35853
1.8 2.7514
1.8 3.07315
1.8 2.08422
1.9 1.60092
1.9 1.98424
1.9 1.95028
2 2.19827
2 1.92908
2 1.53577
2.1 2.72152
2.1 2.06782
2.1 1.79994
2.2 2.17798
2.2 2.72503
2.2 3.08525
2.3 3.12561
2.3 1.39953
2.3 1.6566
2.4 2.65675
2.4 4.79184
2.4 2.5002
2.5 1.70034
2.5 3.95307
2.5 2.83921
2.6 1.25587
2.6 3.20642
2.6 1.45439
2.7 3.63952
2.7 2.31553
2.7 2.47732
2.8 1.44354
2.8 2.73034
2.8 3.12097
2.9 1.97384
2.9 2.41219
2.9 1.7878
3 1.65746
3 2.19907
3 2.11025
0.1 1.87136
0.1 2.39306
0.1 2.26085
0.2 1.67188
0.2 1.89713
0.2 1.9306
0.3 1.69146
0.3 1.93577
0.3 2.12206
0.4 1.65398
0.4 2.11305
0.4 1.6035
0.5 1.62545
0.5 2.75835
0.5 1.77046
0.6 1.93606
0.6 2.88444
0.6 1.47326
0.7 2.24758
0.7 2.48198
0.7 2.86962
0.8 2.04816
0.8 1.91785
0.8 1.55474
0.9 1.43728
0.9 1.3818
0.9 2.11051
1 2.05493
1 1.53897
1 2.64226
1.1 2.62199
1.1 3.26714
1.1 2.1915
1.2 1.58031
1.2 1.60384
1.2 1.5601
1.3 2.22273
1.3 2.47115
1.3 2.05211
1.4 2.69685
1.4 4.46247
1.4 2.07807
1.5 1.69895
1.5 1.79662
1.5 2.95619
1.6 1.359
1.6 4.08001
1.6 1.82989
1.7 1.6628
1.7 2.86267
1.7 2.05748
1.8 1.41891
1.8 1.89787
1.8 2.10408
1.9 1.7642
1.9 1.29815
1.9 2.29695
2 1.61678
2 2.12845
2 1.33922
2.1 2.52529
2.1 1.74844
2.1 3.0304
2.2 2.44693
2.2 1.76744
2.2 2.58432
2.3 1.95076
2.3 2.11367
2.3 2.65778
2.4 1.85601
2.4 3.79909
2.4 1.60258
2.5 2.77673
2.5 2.05595
2.5 2.57345
2.6 1.90666
2.6 2.0305
2.6 1.9931
2.7 2.05069
2.7 2.34164
2.7 2.21373
2.8 2.07959
2.8 1.49249
2.8 3.22824
2.9 2.12329
2.9 2.54651
2.9 3.75225
3 2.63135
3 1.69825
3 2.76146
0.1 2.01632
0.1 2.29521
0.1 1.97374
0.2 1.78315
0.2 1.47226
0.2 1.90464
0.3 1.67802
0.3 2.01543
0.3 1.64465
0.4 1.8033
0.4 1.94417
0.4 1.6172
0.5 2.24888
0.5 1.87884
0.5 1.56024
0.6 1.46702
0.6 2.16851
0.6 1.68062
0.7 2.09636
0.7 1.41602
0.7 1.8113
0.8 1.90037
0.8 2.06803
0.8 2.27008
0.9 1.62375
0.9 1.46669
0.9 3.38934
1 2.09238
1 1.42969
1 1.91388
1.1 2.56219
1.1 2.43379
1.1 2.97267
1.2 1.57237
1.2 2.29477
1.2 2.96442
1.3 1.631
1.3 2.24195
1.3 2.63371
1.4 1.4339
1.4 1.37574
1.4 2.06443
1.5 1.77727
1.5 2.52864
1.5 4.32021
1.6 1.95471
1.6 2.43665
1.6 3.57916
1.7 2.68947
1.7 1.84863
1.7 2.06096
1.8 4.9388
1.8 1.83176
1.8 1.22966
1.9 5.20398
1.9 1.78165
1.9 3.25737
2 2.26669
2 2.11288
2 1.53029
2.1 2.96452
2.1 1.99993
2.1 1.52885
2.2 2.42326
2.2 1.48665
2.2 2.74328
2.3 3.64534
2.3 2.30519
2.3 2.59759
2.4 3.81092
2.4 3.30298
2.4 3.82336
2.5 1.90251
2.5 1.43493
2.5 2.20874
2.6 2.17277
2.6 3.12688
2.6 2.59086
2.7 2.21893
2.7 2.24123
2.7 3.90443
2.8 1.56704
2.8 1.79692
2.8 2.14705
2.9 2.34381
2.9 3.09596
2.9 2.83355
3 3.7578
3 2.58728
3 2.53044
0.1 1.86947
0.1 1.87679
0.1 1.64408
0.2 1.61544
0.2 1.73504
0.2 2.85818
0.3 1.78042
0.3 1.97034
0.3 1.60559
0.4 1.61672
0.4 1.7971
0.4 1.77783
0.5 1.66975
0.5 1.99664
0.5 1.80921
0.6 1.69401
0.6 1.7242
0.6 2.25103
0.7 2.21614
0.7 2.06369
0.7 2.58636
0.8 2.90568
0.8 2.65921
0.8 2.18764
0.9 1.99615
0.9 1.56691
0.9 2.93986
1 1.82356
1 1.7684
1 2.29518
1.1 1.90618
1.1 1.97224
1.1 1.94881
1.2 1.63168
1.2 2.57545
1.2 3.01681
1.3 1.85128
1.3 1.75755
1.3 2.54011
1.4 1.63605
1.4 1.64844
1.4 3.18026
1.5 4.60086
1.5 1.84589
1.5 1.34599
1.6 1.63011
1.6 2.2837
1.6 1.95267
1.7 1.35002
1.7 1.83106
1.7 2.28322
1.8 1.85473
1.8 2.74471
1.8 2.17482
1.9 1.61768
1.9 2.17039
1.9 2.85566
2 3.01794
2 1.97914
2 4.56301
2.1 2.19978
2.1 1.64149
2.1 2.9468
2.2 2.55554
2.2 1.61647
2.2 2.96723
2.3 1.46465
2.3 2.2551
2.3 1.95623
2.4 2.72239
2.4 3.48434
2.4 2.92308
2.5 3.48108
2.5 2.35664
2.5 3.23325
2.6 1.51924
2.6 2.10165
2.6 1.69592
2.7 4.42898
2.7 1.80188
2.7 2.82295
2.8 1.58866
2.8 3.20633
2.8 3.66598
2.9 2.73599
2.9 3.39067
2.9 1.80578
3 2.81552
3 3.22034
3 1.35364
0.1 2.56097
0.1 3.14363
0.1 2.91218
0.2 1.86947
0.2 1.70692
0.2 2.23118
0.3 3.48485
0.3 1.85655
0.3 3.97079
0.4 1.58393
0.4 1.79383
0.4 2.4261
0.5 2.24891
0.5 2.89657
0.5 2.15604
0.6 2.55384
0.6 2.20382
0.6 1.8505
0.7 2.46613
0.7 1.86787
0.7 1.77562
0.8 2.77866
0.8 2.40027
0.8 1.84483
0.9 2.0875
0.9 2.86038
0.9 2.42598
1 2.25379
1 1.50825
1 2.36217
1.1 1.88686
1.1 1.97358
1.1 1.28505
1.2 1.6319
1.2 2.83762
1.2 3.02445
1.3 1.90483
1.3 1.7514
1.3 1.51134
1.4 3.14878
1.4 1.60803
1.4 2.60214
1.5 1.37481
1.5 2.41468
1.5 2.15479
1.6 1.35708
1.6 3.01877
1.6 1.75428
1.7 1.98259
1.7 3.64744
1.7 2.72405
1.8 1.59859
1.8 2.36633
1.8 2.35319
1.9 2.27301
1.9 1.95468
1.9 2.50259
2 1.7688
2 3.26837
2 2.76225
2.1 1.33601
2.1 1.48281
2.1 2.62588
2.2 1.76489
2.2 1.63202
2.2 4.28591
2.3 3.47245
2.3 3.34716
2.3 2.56908
2.4 1.52295
2.4 1.51587
2.4 3.32909
2.5 3.67
2.5 1.33797
2.5 1.86987
2.6 3.21573
2.6 1.93862
2.6 1.46785
2.7 1.36889
2.7 1.58908
2.7 1.91136
2.8 1.31015
2.8 2.21675
2.8 2.2587
2.9 2.02312
2.9 1.43218
2.9 1.75994
3 2.97888
3 3.10096
3 3.77132
0.1 3.21682
0.1 1.69052
0.1 1.66916
0.2 1.83382
0.2 3.97679
0.2 1.76158
0.3 1.57433
0.3 1.95999
0.3 2.26572
0.4 1.97782
0.4 1.63288
0.4 1.48244
0.5 2.55427
0.5 1.47773
0.5 2.01264
0.6 1.54405
0.6 1.68379
0.6 1.76645
0.7 1.47219
0.7 1.87025
0.7 2.34782
0.8 2.18428
0.8 1.80811
0.8 1.80031
0.9 2.69772
0.9 2.34594
0.9 2.32315
1 2.49765
1 1.76857
1 2.33885
1.1 3.39894
1.1 3.21336
1.1 2.32448
1.2 1.47109
1.2 2.29859
1.2 1.93475
1.3 2.45085
1.3 1.43103
1.3 1.5939
1.4 3.22707
1.4 3.38137
1.4 2.08293
1.5 1.78684
1.5 1.97284
1.5 2.02085
1.6 2.73474
1.6 2.4248
1.6 2.09934
1.7 3.26247
1.7 2.82804
1.7 3.77181
1.8 2.36378
1.8 3.02975
1.8 1.25259
1.9 1.21917
1.9 2.3513
1.9 1.70203
2 3.49695
2 1.91779
2 1.42482
2.1 1.80547
2.1 1.87011
2.1 2.38398
2.2 1.3206
2.2 1.5224
2.2 1.43421
2.3 4.28308
2.3 4.82633
2.3 2.29941
2.4 2.2355
2.4 2.34606
2.4 2.10152
2.5 3.59842
2.5 2.23443
2.5 2.15738
2.6 2.2426
2.6 2.04323
2.6 1.25256
2.7 1.40157
2.7 2.75523
2.7 1.42875
2.8 2.21871
2.8 2.68993
2.8 1.35756
2.9 2.267
2.9 1.8102
2.9 1.68135
3 2.1082
3 1.49368
3 3.52013
0.1 1.75879
0.1 1.67108
0.1 1.75654
0.2 1.78459
0.2 1.69541
0.2 1.61854
0.3 1.92803
0.3 1.94963
0.3 2.16296
0.4 1.64264
0.4 1.72917
0.4 2.18729
0.5 1.69576
0.5 1.4066
0.5 2.18244
0.6 2.28737
0.6 2.08617
0.6 2.64686
0.7 1.76154
0.7 2.02286
0.7 2.18728
0.8 2.88688
0.8 1.87819
0.8 1.78181
0.9 2.58735
0.9 2.47916
0.9 1.90897
1 2.06592
1 2.55759
1 2.14807
1.1 1.57106
1.1 1.93582
1.1 1.48761
1.2 2.44517
1.2 1.77318
1.2 1.84251
1.3 1.97301
1.3 2.27278
1.3 2.43769
1.4 2.59133
1.4 1.36525
1.4 1.96202
1.5 2.002
1.5 1.63829
1.5 1.98791
1.6 1.83977
1.6 2.07529
1.6 1.4005
1.7 3.87012
1.7 2.68781
1.7 1.81863
1.8 3.20717
1.8 1.45033
1.8 4.34002
1.9 3.76444
1.9 2.2428
1.9 2.11295
2 3.71853
2 3.69984
2 1.75554
2.1 1.73045
2.1 2.98884
2.1 1.81189
2.2 2.78269
2.2 2.20828
2.2 2.10814
2.3 1.88885
2.3 2.25415
2.3 2.51548
2.4 1.66012
2.4 1.92022
2.4 2.03026
2.5 3.64838
2.5 1.60009
2.5 1.96751
2.6 1.96643
2.6 2.23034
2.6 3.01821
2.7 2.8397
2.7 3.55434
2.7 2.30535
2.8 2.39779
2.8 2.20961
2.8 2.61283
2.9 1.36303
2.9 2.22237
2.9 1.24764
3 2.79833
3 2.15558
3 3.54006
0.1 1.913
0.1 1.97381
0.1 3.75143
0.2 2.02318
0.2 1.67119
0.2 3.85655
0.3 1.91666
0.3 1.70931
0.3 1.68096
0.4 2.15442
0.4 1.7889
0.4 1.53413
0.5 1.59655
0.5 1.72064
0.5 1.92677
0.6 2.1689
0.6 2.32006
0.6 1.98974
0.7 1.9426
0.7 2.01974
0.7 1.77868
0.8 1.90607
0.8 3.00542
0.8 1.79276
0.9 3.27627
0.9 1.53158
0.9 1.62239
1 2.3783
1 2.13263
1 2.50514
1.1 2.16007
1.1 2.49253
1.1 2.81524
1.2 2.69873
1.2 2.09612
1.2 2.26842
1.3 1.51087
1.3 2.00293
1.3 1.93494
1.4 2.25274
1.4 3.61662
1.4 1.89276
1.5 3.21927
1.5 4.16523
1.5 2.53134
1.6 2.30382
1.6 1.82264
1.6 1.39792
1.7 1.34291
1.7 1.81769
1.7 3.24047
1.8 3.67645
1.8 2.56722
1.8 3.43389
1.9 2.00059
1.9 1.63433
1.9 1.76005
2 2.25509
2 2.40477
2 1.50206
2.1 2.8669
2.1 3.5107
2.1 1.62929
2.2 1.66027
2.2 2.1116
2.2 1.98576
2.3 1.70141
2.3 2.89161
2.3 2.44687
2.4 1.78518
2.4 2.02076
2.4 1.78666
2.5 2.77791
2.5 2.19328
2.5 1.9355
2.6 1.74828
2.6 1.62147
2.6 2.86963
2.7 1.83593
2.7 1.53424
2.7 2.93058
2.8 1.51175
2.8 1.59469
2.8 2.40011
2.9 1.55503
2.9 2.01873
2.9 1.64957
3 2.18417
3 2.59653
3 2.86662
0.1 3.35362
0.1 1.65124
0.1 1.80612
0.2 2.02007
0.2 2.99587
0.2 1.62535
0.3 1.7246
0.3 1.91985
0.3 2.10583
0.4 1.77648
0.4 1.78378
0.4 1.57604
0.5 1.52099
0.5 1.79231
0.5 1.77984
0.6 1.85253
0.6 1.48471
0.6 1.57956
0.7 2.15715
0.7 2.56072
0.7 2.01908
0.8 1.81893
0.8 2.01298
0.8 1.63186
0.9 2.02587
0.9 2.30466
0.9 1.51437
1 1.52832
1 5.43477
1 3.25853
1.1 3.39944
1.1 1.65532
1.1 1.62697
1.2 2.70387
1.2 1.88122
1.2 1.4977
1.3 2.36759
1.3 2.0502
1.3 2.60331
1.4 2.63353
1.4 2.08535
1.4 1.42324
1.5 1.66166
1.5 1.8416
1.5 1.7517
1.6 1.90668
1.6 1.6591
1.6 2.15331
1.7 1.86028
1.7 1.9511
1.7 1.84063
1.8 1.31039
1.8 2.11336
1.8 2.66929
1.9 1.60363
1.9 1.5185
1.9 2.45529
2 2.1679
2 1.86951
2 3.08657
2.1 2.14688
2.1 2.76143
2.1 2.25217
2.2 1.53412
2.2 1.73374
2.2 2.08015
2.3 2.35002
2.3 2.40339
2.3 3.22683
2.4 2.14573
2.4 2.43544
2.4 1.81745
2.5 2.64423
2.5 1.57706
2.5 2.59916
2.6 2.25768
2.6 1.57816
2.6 4.30609
2.7 2.58752
2.7 1.86616
2.7 4.99754
2.8 2.11837
2.8 2.56669
2.8 1.38974
2.9 1.64026
2.9 2.90109
2.9 3.00184
3 1.87825
3 1.86285
3 1.68925
0.1 1.92258
0.1 2.3149
0.1 3.01608
0.2 2.28876
0.2 5.38505
0.2 1.62653
0.3 3.02751
0.3 1.60747
0.3 1.62791
0.4 2.39459
0.4 1.66044
0.4 1.8179
0.5 2.56648
0.5 2.24003
0.5 2.42304
0.6 1.62267
0.6 1.61159
0.6 1.46581
0.7 1.62275
0.7 1.62156
0.7 2.54068
0.8 1.69163
0.8 2.95091
0.8 2.84698
0.9 1.76081
0.9 1.84449
0.9 2.43585
1 1.51785
1 2.22219
1 2.63048
1.1 1.85855
1.1 2.01829
1.1 1.56472
1.2 1.70507
1.2 2.46876
1.2 2.51132
1.3 1.60828
1.3 2.89728
1.3 1.68606
1.4 2.13416
1.4 2.3637
1.4 2.17204
1.5 1.80304
1.5 3.18856
1.5 1.43156
1.6 2.29906
1.6 2.46957
1.6 2.34662
1.7 1.69601
1.7 2.82634
1.7 1.91934
1.8 1.57865
1.8 2.83428
1.8 1.8748
1.9 3.77403
1.9 1.86797
1.9 2.65244
2 1.88126
2 1.85771
2 1.47032
2.1 2.52368
2.1 2.03941
2.1 2.79212
2.2 1.6302
2.2 3.00351
2.2 1.71498
2.3 2.39841
2.3 1.35673
2.3 4.67931
2.4 1.95277
2.4 2.57327
2.4 1.99216
2.5 2.22627
2.5 1.70961
2.5 3.43258
2.6 3.21434
2.6 2.90438
2.6 2.72738
2.7 1.62562
2.7 1.84505
2.7 3.60387
2.8 1.65485
2.8 1.82969
2.8 2.65744
2.9 1.97886
2.9 4.23387
2.9 2.87498
3 2.11567
3 1.44761
3 4.82071
0.1 2.55761
0.1 1.91336
0.1 1.88007
0.2 1.76917
0.2 2.10276
0.2 2.80075
0.3 1.77321
0.3 2.25094
0.3 2.18524
0.4 2.86088
0.4 2.33756
0.4 1.87188
0.5 3.07192
0.5 1.67428
0.5 2.24749
0.6 3.09053
0.6 1.80584
0.6 2.68557
0.7 1.48654
0.7 2.03897
0.7 2.17885
0.8 1.93786
0.8 1.84559
0.8 2.358
0.9 2.08925
0.9 1.62227
0.9 1.61917
1 2.22484
1 2.07252
1 2.91193
1.1 2.9799
1.1 2.25691
1.1 3.63095
1.2 2.04569
1.2 1.49249
1.2 1.41736
1.3 1.60748
1.3 1.92394
1.3 1.41429
1.4 2.31978
1.4 2.09873
1.4 2.02484
1.5 1.70296
1.5 2.31192
1.5 2.76785
1.6 1.65879
1.6 3.29677
1.6 3.25658
1.7 1.81186
1.7 3.0625
1.7 1.91024
1.8 2.49472
1.8 4.40527
1.8 1.1483
1.9 2.14593
1.9 2.18571
1.9 3.37377
2 2.65499
2 2.12664
2 2.16115
2.1 2.77315
2.1 1.41446
2.1 2.82578
2.2 2.24189
2.2 3.35501
2.2 2.09813
2.3 2.51724
2.3 2.04946
2.3 1.50666
2.4 3.37256
2.4 2.67156
2.4 2.80252
2.5 4.06116
2.5 2.12418
2.5 2.38939
2.6 1.56782
2.6 2.25464
2.6 1.82874
2.7 2.39138
2.7 2.57023
2.7 2.56798
2.8 4.12075
2.8 1.76211
2.8 2.47257
2.9 1.31299
2.9 2.45906
2.9 2.42403
3 1.97786
3 2.05973
3 1.33143
0.1 1.71407
0.1 1.75438
0.1 2.66587
0.2 1.64492
0.2 1.63771
0.2 1.54479
0.3 1.67665
0.3 1.59569
0.3 2.11651
0.4 1.78037
0.4 1.65292
0.4 2.03929
0.5 1.57981
0.5 1.80002
0.5 2.09067
0.6 1.96296
0.6 1.96774
0.6 1.40057
0.7 1.75314
0.7 1.40683
0.7 2.19853
0.8 2.27637
0.8 1.8357
0.8 1.61364
0.9 2.18414
0.9 2.49083
0.9 1.99427
1 3.3642
1 2.79658
1 2.91934
1.1 2.31102
1.1 2.76763
1.1 1.7201
1.2 2.13199
1.2 2.66942
1.2 2.00229
1.3 2.99145
1.3 3.5908
1.3 1.71848
1.4 1.3437
1.4 2.96667
1.4 2.91171
1.5 1.33967
1.5 2.56222
1.5 1.95492
1.6 2.03311
1.6 1.6128
1.6 1.78591
1.7 2.03077
1.7 1.52089
1.7 1.76077
1.8 1.62591
1.8 1.7574
1.8 1.40735
1.9 2.68735
1.9 2.88145
1.9 2.44386
2 2.89694
2 2.81026
2 3.894
2.1 1.5762
2.1 3.51583
2.1 1.5911
2.2 2.01274
2.2 1.95457
2.2 3.96039
2.3 2.859
2.3 2.64965
2.3 1.99634
2.4 1.53537
2.4 2.66604
2.4 2.52243
2.5 1.84147
2.5 1.95303
2.5 1.75235
2.6 2.97372
2.6 1.63071
2.6 1.95165
2.7 1.14502
2.7 2.9605
2.7 2.58611
2.8 1.26775
2.8 1.5837
2.8 2.08501
2.9 2.56057
2.9 2.96654
2.9 1.73982
3 2.32341
3 2.91988
3 4.04708
0.1 1.97824
0.1 2.09248
0.1 2.25656
0.2 1.9966
0.2 1.55527
0.2 1.83591
0.3 3.2346
0.3 1.74029
0.3 1.73788
0.4 1.52054
0.4 2.31718
0.4 2.23827
0.5 1.98763
0.5 1.51221
0.5 1.96873
0.6 2.00334
0.6 1.74774
0.6 1.84949
0.7 1.70989
0.7 2.56622
0.7 2.52812
0.8 1.90247
0.8 1.69598
0.8 1.96712
0.9 1.7989
0.9 2.71233
0.9 1.83994
1 3.46923
1 3.00976
1 2.42714
1.1 1.4156
1.1 1.98269
1.1 1.43864
1.2 1.84116
1.2 1.879
1.2 1.51183
1.3 2.67738
1.3 1.91863
1.3 2.59704
1.4 1.90584
1.4 2.05959
1.4 1.69223
1.5 1.62045
1.5 2.66925
1.5 1.70813
1.6 1.70021
1.6 2.42055
1.6 1.57615
1.7 2.26113
1.7 1.74539
1.7 1.65775
1.8 2.51335
1.8 3.3997
1.8 2.26002
1.9 2.07799
1.9 1.72498
1.9 5.06924
2 4.4238
2 1.69366
2 2.2073
2.1 1.30821
2.1 1.74091
2.1 1.5294
2.2 2.63705
2.2 1.61888
2.2 1.98402
2.3 2.53393
2.3 1.60166
2.3 1.91494
2.4 2.60188
2.4 1.33209
2.4 2.89075
2.5 4.30302
2.5 3.00258
2.5 1.68423
2.6 2.23873
2.6 2.3477
2.6 2.50492
2.7 2.61775
2.7 3.01228
2.7 1.81607
2.8 1.44726
2.8 1.61254
2.8 1.59573
2.9 2.73207
2.9 1.89841
2.9 2.83451
3 1.84047
3 1.44047
3 2.4977
0.1 1.66173
0.1 1.76027
0.1 1.60889
0.2 2.35497
0.2 1.74039
0.2 1.64156
0.3 2.33403
0.3 1.6593
0.3 2.2511
0.4 2.48836
0.4 1.47562
0.4 2.07227
0.5 1.76113
0.5 1.88905
0.5 1.7062
0.6 1.81428
0.6 1.55126
0.6 1.52824
0.7 1.52628
0.7 2.31816
0.7 2.46821
0.8 2.49874
0.8 2.44135
0.8 2.1639
0.9 2.0484
0.9 1.4799
0.9 1.53177
1 2.04217
1 1.85983
1 1.90944
1.1 1.47482
1.1 2.56527
1.1 1.53311
1.2 2.29845
1.2 3.35486
1.2 2.19495
1.3 2.19649
1.3 1.89856
1.3 1.62045
1.4 2.78022
1.4 2.69598
1.4 1.73439
1.5 2.03879
1.5 1.89961
1.5 1.89568
1.6 2.47096
1.6 1.623
1.6 1.74136
1.7 1.47503
1.7 2.6737
1.7 1.59895
1.8 1.5377
1.8 2.44724
1.8 2.17632
1.9 1.74335
1.9 2.59126
1.9 1.8258
2 1.82267
2 2.68795
2 2.1963
2.1 1.90915
2.1 1.62321
2.1 1.67596
2.2 2.31891
2.2 1.8297
2.2 1.83948
2.3 1.39269
2.3 1.13236
2.3 1.43299
2.4 2.0972
2.4 1.34411
2.4 2.15776
2.5 1.4223
2.5 1.66192
2.5 2.65854
2.6 3.12674
2.6 1.32462
2.6 2.16837
2.7 2.09573
2.7 1.14886
2.7 3.36391
2.8 1.59879
2.8 1.7935
2.8 3.63014
2.9 2.81912
2.9 2.40557
2.9 2.61438
3 3.77007
3 1.95388
3 3.08594
0.1 1.86096
0.1 1.73448
0.1 2.02449
0.2 1.8685
0.2 1.62691
0.2 1.72168
0.3 1.6745
0.3 1.68716
0.3 1.6812
0.4 2.25228
0.4 1.59106
0.4 2.26517
0.5 2.11337
0.5 1.60789
0.5 2.37018
0.6 2.02402
0.6 1.97317
0.6 2.41655
0.7 1.62858
0.7 1.85
0.7 2.57126
0.8 2.31942
0.8 2.17467
0.8 1.5195
0.9 1.55245
0.9 2.21877
0.9 3.35375
1 1.41272
1 1.71339
1 2.22529
1.1 1.4909
1.1 1.55836
1.1 2.65688
1.2 2.84373
1.2 2.34202
1.2 1.63633
1.3 3.405
1.3 3.30854
1.3 2.28526
1.4 1.90695
1.4 1.74867
1.4 2.37988
1.5 3.71336
1.5 2.88297
1.5 2.54693
1.6 1.63106
1.6 3.35082
1.6 3.9095
1.7 1.23413
1.7 1.58993
1.7 2.24346
1.8 2.37739
1.8 2.0737
1.8 4.07972
1.9 1.63511
1.9 2.64421
1.9 3.00539
2 2.17148
2 3.08389
2 2.70727
2.1 2.83904
2.1 2.53489
2.1 2.53389
2.2 2.41646
2.2 2.15968
2.2 1.75227
2.3 1.85136
2.3 2.14893
2.3 1.68742
2.4 2.73682
2.4 2.8106
2.4 3.15951
2.5 1.93203
2.5 1.3793
2.5 2.42546
2.6 3.12301
2.6 4.11741
2.6 1.57633
2.7 1.31939
2.7 1.56267
2.7 2.67071
2.8 2.93428
2.8 1.85782
2.8 1.88938
2.9 3.49267
2.9 1.80309
2.9 3.4818
3 3.71124
3 1.82706
3 3.12872
0.1 2.09217
0.1 1.83314
0.1 1.65296
0.2 1.70764
0.2 1.5763
0.2 1.93015
0.3 1.86193
0.3 1.64207
0.3 2.25248
0.4 2.72718
0.4 2.07215
0.4 1.44542
0.5 2.11021
0.5 1.81613
0.5 2.32061
0.6 2.09918
0.6 2.28058
0.6 2.36494
0.7 2.75083
0.7 1.40318
0.7 1.86769
0.8 1.79002
0.8 3.3758
0.8 1.67342
0.9 3.24923
0.9 2.83923
0.9 1.88148
1 1.99317
1 2.22783
1 3.17043
1.1 2.46616
1.1 1.65711
1.1 2.63124
1.2 2.52202
1.2 1.57195
1.2 4.46745
1.3 2.62881
1.3 2.56722
1.3 2.01026
1.4 1.66596
1.4 2.18195
1.4 1.51495
1.5 3.15725
1.5 1.92223
1.5 1.83245
1.6 1.87757
1.6 2.00564
1.6 1.77265
1.7 2.44162
1.7 1.85673
1.7 1.76051
1.8 2.17995
1.8 1.89199
1.8 2.91255
1.9 2.57796
1.9 2.52241
1.9 4.12153
2 2.11691
2 1.33548
2 1.87738
2.1 1.29422
2.1 2.18698
2.1 1.54626
2.2 1.34312
2.2 1.50008
2.2 3.97002
2.3 1.71116
2.3 2.59714
2.3 2.61805
2.4 1.74255
2.4 3.16523
2.4 1.99213
2.5 2.13079
2.5 2.42495
2.5 1.6965
2.6 2.3941
2.6 2.17435
2.6 2.72812
2.7 1.9648
2.7 2.82663
2.7 1.82068
2.8 3.49605
2.8 2.63101
2.8 3.26194
2.9 3.83449
2.9 2.65159
2.9 2.70412
3 1.39635
3 3.86944
3 2.98725
0.1 2.63756
0.1 2.1541
0.1 1.85273
0.2 1.74999
0.2 1.75342
0.2 1.82466
0.3 1.72198
0.3 1.76521
0.3 1.90093
0.4 3.12782
0.4 1.78256
0.4 1.72986
0.5 3.23647
0.5 2.53861
0.5 1.69579
0.6 1.88105
0.6 1.48752
0.6 1.44723
0.7 2.21935
0.7 1.66633
0.7 1.53278
0.8 1.95482
0.8 2.4768
0.8 1.9343
0.9 1.98224
0.9 3.14951
0.9 2.82468
1 1.88983
1 2.1973
1 1.58119
1.1 2.57546
1.1 2.1413
1.1 3.10836
1.2 1.58942
1.2 1.6659
1.2 1.89808
1.3 2.50137
1.3 3.00129
1.3 1.81309
1.4 2.40741
1.4 1.68204
1.4 1.88607
1.5 3.00019
1.5 1.63518
1.5 1.87067
1.6 1.42016
1.6 2.1604
1.6 3.40718
1.7 2.65902
1.7 2.24792
1.7 2.44097
1.8 1.57219
1.8 1.83713
1.8 1.89773
1.9 2.01368
1.9 2.47681
1.9 1.41324
2 2.01197
2 1.47726
2 2.44795
2.1 2.05532
2.1 2.21598
2.1 1.93298
2.2 2.28375
2.2 2.40047
2.2 2.21405
2.3 3.04722
2.3 1.69242
2.3 1.96597
2.4 2.33151
2.4 1.37046
2.4 2.75888
2.5 1.98153
2.5 3.1339
2.5 1.33682
2.6 4.03436
2.6 2.65754
2.6 1.32958
2.7 2.52915
2.7 3.65011
2.7 2.51132
2.8 2.8506
2.8 2.62617
2.8 3.54078
2.9 2.02018
2.9 1.24106
2.9 2.2369
3 3.29037
3 2.16523
3 1.82256
0.1 2.42601
0.1 2.0786
0.1 2.12098
0.2 1.5777
0.2 1.80242
0.2 1.84684
0.3 1.52744
0.3 1.70841
0.3 1.7927
0.4 1.55678
0.4 2.32265
0.4 1.87647
0.5 2.4766
0.5 1.88781
0.5 2.12242
0.6 2.02446
0.6 2.13428
0.6 2.07975
0.7 1.59773
0.7 1.58873
0.7 1.96388
0.8 1.87228
0.8 2.44756
0.8 1.39322
0.9 2.45898
0.9 1.61925
0.9 1.67091
1 2.12935
1 2.27794
1 2.10586
1.1 4.3087
1.1 3.93164
1.1 2.12265
1.2 2.49541
1.2 1.74102
1.2 1.8355
1.3 2.37047
1.3 3.38348
1.3 2.48599
1.4 1.4841
1.4 2.81791
1.4 1.50425
1.5 2.62009
1.5 2.03933
1.5 1.51355
1.6 2.29305
1.6 2.88633
1.6 1.92946
1.7 2.06892
1.7 1.69612
1.7 2.64117
1.8 2.34558
1.8 2.47366
1.8 1.92051
1.9 3.39972
1.9 2.42513
1.9 1.73389
2 2.78095
2 2.72182
2 1.80079
2.1 2.75258
2.1 1.91663
2.1 2.11654
2.2 2.15232
2.2 2.72025
2.2 2.68231
2.3 1.35379
2.3 1.78656
2.3 3.5988
2.4 1.87001
2.4 2.39041
2.4 1.59606
2.5 2.61114
2.5 2.85286
2.5 1.37585
2.6 1.71385
2.6 3.72973
2.6 2.2571
2.7 5.37843
2.7 2.85346
2.7 2.26747
2.8 3.7499
2.8 2.09248
2.8 2.42585
2.9 1.39132
2.9 1.53401
2.9 2.40622
3 1.93531
3 1.46642
3 3.83147
