0.1 699
0.1 443
0.1 313
0.2 526
0.2 187
0.2 305
0.3 237
0.3 286
0.3 137
0.4 123
0.4 146
0.4 138
0.5 417
0.5 96
0.5 482
0.6 101
0.6 125
0.6 174
0.7 124
0.7 129
0.7 249
0.8 151
0.8 241
0.8 145
0.9 197
0.9 94
0.9 85
1 356
1 148
1 108
1.1 76
1.1 113
1.1 202
1.2 154
1.2 86
1.2 89
1.3 92
1.3 130
1.3 75
1.4 154
1.4 129
1.4 101
1.5 407
1.5 174
1.5 96
1.6 86
1.6 314
1.6 157
1.7 110
1.7 186
1.7 96
1.8 83
1.8 164
1.8 91
1.9 75
1.9 214
1.9 259
2 144
2 102
2 137
2.1 405
2.1 316
2.1 173
2.2 166
2.2 265
2.2 90
2.3 444
2.3 152
2.3 273
2.4 194
2.4 123
2.4 219
2.5 77
2.5 133
2.5 91
2.6 80
2.6 169
2.6 290
2.7 103
2.7 258
2.7 88
2.8 92
2.8 244
2.8 311
2.9 130
2.9 232
2.9 130
3 220
3 354
3 164
0.1 403
0.1 470
0.1 297
0.2 291
0.2 143
0.2 206
0.3 121
0.3 119
0.3 175
0.4 160
0.4 192
0.4 148
0.5 117
0.5 103
0.5 180
0.6 121
0.6 106
0.6 117
0.7 96
0.7 432
0.7 210
0.8 255
0.8 101
0.8 168
0.9 241
0.9 127
0.9 149
1 102
1 82
1 148
1.1 131
1.1 113
1.1 669
1.2 152
1.2 100
1.2 171
1.3 93
1.3 324
1.3 334
1.4 102
1.4 122
1.4 103
1.5 102
1.5 110
1.5 109
1.6 87
1.6 113
1.6 118
1.7 81
1.7 180
1.7 178
1.8 273
1.8 104
1.8 142
1.9 74
1.9 123
1.9 87
2 114
2 149
2 355
2.1 369
2.1 305
2.1 315
2.2 148
2.2 128
2.2 146
2.3 74
2.3 94
2.3 92
2.4 549
2.4 190
2.4 152
2.5 94
2.5 86
2.5 113
2.6 83
2.6 86
2.6 93
2.7 162
2.7 137
2.7 237
2.8 82
2.8 160
2.8 84
2.9 100
2.9 133
2.9 112
3 169
3 168
3 118
0.1 375
0.1 670
0.1 322
0.2 130
0.2 163
0.2 121
0.3 108
0.3 186
0.3 328
0.4 96
0.4 93
0.4 103
0.5 108
0.5 78
0.5 89
0.6 148
0.6 120
0.6 109
0.7 346
0.7 136
0.7 88
0.8 77
0.8 133
0.8 103
0.9 78
0.9 116
0.9 180
1 157
1 96
1 232
1.1 72
1.1 156
1.1 198
1.2 134
1.2 84
1.2 130
1.3 101
1.3 122
1.3 195
1.4 158
1.4 119
1.4 410
1.5 130
1.5 143
1.5 102
1.6 82
1.6 211
1.6 109
1.7 249
1.7 196
1.7 114
1.8 130
1.8 278
1.8 196
1.9 110
1.9 86
1.9 197
2 182
2 162
2 111
2.1 163
2.1 235
2.1 132
2.2 128
2.2 113
2.2 140
2.3 167
2.3 108
2.3 150
2.4 264
2.4 362
2.4 126
2.5 143
2.5 248
2.5 111
2.6 79
2.6 279
2.6 160
2.7 180
2.7 95
2.7 170
2.8 91
2.8 297
2.8 120
2.9 91
2.9 89
2.9 92
3 117
3 213
3 214
0.1 422
0.1 396
0.1 286
0.2 137
0.2 135
0.2 142
0.3 104
0.3 128
0.3 189
0.4 146
0.4 127
0.4 110
0.5 97
0.5 410
0.5 169
0.6 145
0.6 172
0.6 100
0.7 119
0.7 230
0.7 176
0.8 122
0.8 116
0.8 194
0.9 88
0.9 222
0.9 100
1 166
1 98
1 171
1.1 107
1.1 366
1.1 114
1.2 173
1.2 96
1.2 83
1.3 144
1.3 112
1.3 124
1.4 162
1.4 223
1.4 251
1.5 93
1.5 94
1.5 119
1.6 78
1.6 231
1.6 80
1.7 113
1.7 173
1.7 199
1.8 76
1.8 350
1.8 108
1.9 85
1.9 120
1.9 107
2 79
2 103
2 142
2.1 257
2.1 96
2.1 198
2.2 128
2.2 138
2.2 318
2.3 105
2.3 85
2.3 173
2.4 109
2.4 210
2.4 81
2.5 179
2.5 144
2.5 160
2.6 322
2.6 162
2.6 123
2.7 126
2.7 134
2.7 263
2.8 116
2.8 87
2.8 297
2.9 100
2.9 184
2.9 312
3 199
3 108
3 221
0.1 446
0.1 346
0.1 324
0.2 211
0.2 94
0.2 223
0.3 136
0.3 152
0.3 100
0.4 149
0.4 115
0.4 133
0.5 104
0.5 87
0.5 93
0.6 93
0.6 179
0.6 104
0.7 102
0.7 102
0.7 99
0.8 142
0.8 127
0.8 171
0.9 92
0.9 87
0.9 548
1 132
1 82
1 89
1.1 167
1.1 139
1.1 622
1.2 126
1.2 178
1.2 178
1.3 94
1.3 121
1.3 110
1.4 85
1.4 97
1.4 140
1.5 138
1.5 140
1.5 144
1.6 105
1.6 233
1.6 220
1.7 212
1.7 85
1.7 88
1.8 311
1.8 120
1.8 125
1.9 258
1.9 141
1.9 312
2 84
2 106
2 95
2.1 185
2.1 214
2.1 252
2.2 103
2.2 106
2.2 94
2.3 139
2.3 160
2.3 127
2.4 236
2.4 152
2.4 262
2.5 170
2.5 88
2.5 113
2.6 210
2.6 329
2.6 127
2.7 221
2.7 204
2.7 180
2.8 89
2.8 117
2.8 91
2.9 196
2.9 361
2.9 203
3 371
3 160
3 217
0.1 363
0.1 370
0.1 424
0.2 195
0.2 148
0.2 381
0.3 195
0.3 257
0.3 107
0.4 95
0.4 103
0.4 122
0.5 91
0.5 119
0.5 119
0.6 166
0.6 292
0.6 224
0.7 139
0.7 404
0.7 132
0.8 223
0.8 192
0.8 112
0.9 104
0.9 78
0.9 181
1 194
1 191
1 245
1.1 162
1.1 90
1.1 85
1.2 177
1.2 241
1.2 152
1.3 111
1.3 86
1.3 203
1.4 76
1.4 81
1.4 126
1.5 468
1.5 128
1.5 114
1.6 168
1.6 119
1.6 213
1.7 185
1.7 95
1.7 217
1.8 119
1.8 259
1.8 92
1.9 93
1.9 92
1.9 129
2 165
2 79
2 412
2.1 151
2.1 101
2.1 98
2.2 148
2.2 113
2.2 250
2.3 97
2.3 87
2.3 127
2.4 171
2.4 283
2.4 149
2.5 176
2.5 195
2.5 224
2.6 145
2.6 89
2.6 101
2.7 409
2.7 443
2.7 89
2.8 109
2.8 321
2.8 301
2.9 212
2.9 285
2.9 106
3 275
3 393
3 121
0.1 421
0.1 721
0.1 460
0.2 172
0.2 187
0.2 178
0.3 646
0.3 114
0.3 1107
0.4 101
0.4 331
0.4 174
0.5 133
0.5 158
0.5 106
0.6 140
0.6 153
0.6 88
0.7 180
0.7 100
0.7 144
0.8 173
0.8 160
0.8 250
0.9 130
0.9 193
0.9 153
1 129
1 83
1 196
1.1 147
1.1 99
1.1 84
1.2 95
1.2 148
1.2 168
1.3 132
1.3 79
1.3 91
1.4 370
1.4 100
1.4 151
1.5 90
1.5 172
1.5 130
1.6 90
1.6 376
1.6 111
1.7 184
1.7 345
1.7 299
1.8 145
1.8 108
1.8 97
1.9 129
1.9 99
1.9 131
2 108
2 158
2 150
2.1 89
2.1 87
2.1 136
2.2 137
2.2 79
2.2 303
2.3 301
2.3 396
2.3 159
2.4 77
2.4 83
2.4 201
2.5 219
2.5 104
2.5 147
2.6 202
2.6 127
2.6 134
2.7 140
2.7 94
2.7 125
2.8 85
2.8 240
2.8 98
2.9 113
2.9 85
2.9 127
3 95
3 211
3 150
0.1 554
0.1 316
0.1 220
0.2 215
0.2 656
0.2 131
0.3 91
0.3 116
0.3 150
0.4 156
0.4 92
0.4 84
0.5 152
0.5 101
0.5 165
0.6 100
0.6 184
0.6 129
0.7 86
0.7 110
0.7 125
0.8 132
0.8 111
0.8 104
0.9 300
0.9 125
0.9 191
1 289
1 133
1 168
1.1 308
1.1 160
1.1 168
1.2 88
1.2 460
1.2 118
1.3 240
1.3 92
1.3 100
1.4 215
1.4 222
1.4 148
1.5 259
1.5 96
1.5 82
1.6 114
1.6 465
1.6 110
1.7 553
1.7 108
1.7 231
1.8 119
1.8 138
1.8 96
1.9 111
1.9 133
1.9 85
2 149
2 82
2 99
2.1 88
2.1 84
2.1 186
2.2 97
2.2 98
2.2 122
2.3 596
2.3 367
2.3 435
2.4 176
2.4 136
2.4 121
2.5 206
2.5 113
2.5 124
2.6 107
2.6 117
2.6 85
2.7 84
2.7 137
2.7 84
2.8 268
2.8 149
2.8 236
2.9 93
2.9 142
2.9 132
3 133
3 125
3 399
0.1 335
0.1 200
0.1 557
0.2 145
0.2 177
0.2 132
0.3 271
0.3 134
0.3 165
0.4 143
0.4 129
0.4 157
0.5 82
0.5 110
0.5 188
0.6 228
0.6 313
0.6 217
0.7 107
0.7 93
0.7 130
0.8 168
0.8 127
0.8 105
0.9 175
0.9 708
0.9 262
1 173
1 225
1 115
1.1 74
1.1 115
1.1 133
1.2 147
1.2 94
1.2 100
1.3 98
1.3 99
1.3 108
1.4 119
1.4 85
1.4 125
1.5 100
1.5 77
1.5 78
1.6 170
1.6 111
1.6 104
1.7 271
1.7 255
1.7 85
1.8 339
1.8 88
1.8 679
1.9 205
1.9 124
1.9 117
2 220
2 327
2 406
2.1 86
2.1 291
2.1 159
2.2 358
2.2 138
2.2 178
2.3 136
2.3 129
2.3 106
2.4 109
2.4 85
2.4 135
2.5 157
2.5 82
2.5 102
2.6 78
2.6 160
2.6 215
2.7 331
2.7 726
2.7 125
2.8 187
2.8 181
2.8 123
2.9 85
2.9 130
2.9 133
3 166
3 105
3 314
0.1 477
0.1 421
0.1 1215
0.2 236
0.2 155
0.2 588
0.3 210
0.3 117
0.3 168
0.4 188
0.4 115
0.4 128
0.5 127
0.5 114
0.5 246
0.6 130
0.6 159
0.6 131
0.7 145
0.7 109
0.7 190
0.8 189
0.8 163
0.8 168
0.9 320
0.9 168
0.9 94
1 129
1 93
1 210
1.1 142
1.1 151
1.1 194
1.2 120
1.2 96
1.2 108
1.3 92
1.3 76
1.3 103
1.4 106
1.4 249
1.4 207
1.5 193
1.5 477
1.5 142
1.6 198
1.6 99
1.6 127
1.7 162
1.7 89
1.7 187
1.8 343
1.8 106
1.8 314
1.9 119
1.9 85
1.9 189
2 169
2 200
2 262
2.1 236
2.1 545
2.1 113
2.2 99
2.2 112
2.2 80
2.3 204
2.3 107
2.3 149
2.4 171
2.4 120
2.4 104
2.5 160
2.5 97
2.5 118
2.6 90
2.6 104
2.6 179
2.7 388
2.7 99
2.7 167
2.8 87
2.8 125
2.8 223
2.9 115
2.9 124
2.9 137
3 83
3 144
3 109
0.1 716
0.1 501
0.1 269
0.2 183
0.2 302
0.2 102
0.3 123
0.3 175
0.3 139
0.4 99
0.4 167
0.4 92
0.5 92
0.5 86
0.5 86
0.6 126
0.6 82
0.6 85
0.7 135
0.7 193
0.7 103
0.8 144
0.8 88
0.8 1084
0.9 212
0.9 152
0.9 95
1 84
1 777
1 502
1.1 140
1.1 81
1.1 90
1.2 157
1.2 153
1.2 84
1.3 147
1.3 124
1.3 452
1.4 200
1.4 91
1.4 131
1.5 125
1.5 88
1.5 96
1.6 91
1.6 80
1.6 154
1.7 107
1.7 102
1.7 115
1.8 396
1.8 104
1.8 177
1.9 251
1.9 132
1.9 120
2 102
2 98
2 469
2.1 121
2.1 92
2.1 251
2.2 81
2.2 99
2.2 175
2.3 124
2.3 129
2.3 197
2.4 120
2.4 155
2.4 115
2.5 171
2.5 348
2.5 167
2.6 104
2.6 118
2.6 282
2.7 102
2.7 121
2.7 290
2.8 161
2.8 242
2.8 182
2.9 129
2.9 375
2.9 116
3 94
3 106
3 98
0.1 238
0.1 362
0.1 688
0.2 313
0.2 1063
0.2 137
0.3 207
0.3 149
0.3 170
0.4 292
0.4 102
0.4 101
0.5 195
0.5 139
0.5 226
0.6 119
0.6 91
0.6 97
0.7 88
0.7 147
0.7 121
0.8 123
0.8 212
0.8 299
0.9 119
0.9 123
0.9 184
1 87
1 679
1 354
1.1 197
1.1 76
1.1 79
1.2 80
1.2 171
1.2 103
1.3 94
1.3 387
1.3 102
1.4 122
1.4 127
1.4 91
1.5 87
1.5 158
1.5 110
1.6 97
1.6 144
1.6 108
1.7 91
1.7 116
1.7 123
1.8 105
1.8 181
1.8 100
1.9 296
1.9 85
1.9 117
2 558
2 132
2 94
2.1 94
2.1 114
2.1 151
2.2 85
2.2 179
2.2 299
2.3 98
2.3 212
2.3 228
2.4 306
2.4 93
2.4 113
2.5 195
2.5 96
2.5 293
2.6 122
2.6 117
2.6 232
2.7 357
2.7 141
2.7 363
2.8 90
2.8 218
2.8 208
2.9 99
2.9 241
2.9 117
3 114
3 77
3 158
0.1 461
0.1 821
0.1 220
0.2 133
0.2 297
0.2 273
0.3 165
0.3 238
0.3 157
0.4 170
0.4 304
0.4 163
0.5 318
0.5 140
0.5 160
0.6 657
0.6 129
0.6 154
0.7 103
0.7 190
0.7 178
0.8 98
0.8 94
0.8 148
0.9 93
0.9 139
0.9 94
1 151
1 94
1 225
1.1 423
1.1 92
1.1 218
1.2 76
1.2 85
1.2 93
1.3 79
1.3 183
1.3 86
1.4 115
1.4 267
1.4 252
1.5 137
1.5 107
1.5 133
1.6 107
1.6 135
1.6 240
1.7 90
1.7 296
1.7 96
1.8 105
1.8 301
1.8 91
1.9 102
1.9 126
1.9 245
2 274
2 201
2 104
2.1 446
2.1 107
2.1 158
2.2 173
2.2 217
2.2 149
2.3 193
2.3 93
2.3 119
2.4 257
2.4 88
2.4 106
2.5 148
2.5 231
2.5 203
2.6 132
2.6 285
2.6 125
2.7 232
2.7 89
2.7 130
2.8 212
2.8 203
2.8 151
2.9 354
2.9 96
2.9 136
3 78
3 112
3 133
0.1 286
0.1 365
0.1 458
0.2 146
0.2 330
0.2 99
0.3 139
0.3 199
0.3 234
0.4 159
0.4 181
0.4 312
0.5 96
0.5 262
0.5 125
0.6 123
0.6 395
0.6 90
0.7 105
0.7 83
0.7 106
0.8 105
0.8 393
0.8 116
0.9 133
0.9 152
0.9 88
1 460
1 142
1 287
1.1 107
1.1 171
1.1 94
1.2 179
1.2 365
1.2 149
1.3 193
1.3 274
1.3 80
1.4 88
1.4 159
1.4 100
1.5 106
1.5 217
1.5 98
1.6 95
1.6 114
1.6 134
1.7 105
1.7 78
1.7 106
1.8 77
1.8 81
1.8 82
1.9 204
1.9 254
1.9 220
2 226
2 234
2 228
2.1 82
2.1 271
2.1 84
2.2 126
2.2 118
2.2 232
2.3 165
2.3 140
2.3 133
2.4 93
2.4 173
2.4 186
2.5 293
2.5 106
2.5 133
2.6 380
2.6 140
2.6 87
2.7 92
2.7 142
2.7 130
2.8 118
2.8 101
2.8 155
2.9 147
2.9 240
2.9 95
3 162
3 156
3 271
0.1 298
0.1 393
0.1 430
0.2 555
0.2 159
0.2 236
0.3 424
0.3 129
0.3 219
0.4 108
0.4 152
0.4 105
0.5 164
0.5 93
0.5 121
0.6 107
0.6 123
0.6 99
0.7 124
0.7 212
0.7 173
0.8 129
0.8 107
0.8 131
0.9 121
0.9 134
0.9 87
1 269
1 262
1 106
1.1 75
1.1 166
1.1 83
1.2 89
1.2 97
1.2 84
1.3 521
1.3 138
1.3 124
1.4 109
1.4 102
1.4 88
1.5 103
1.5 167
1.5 92
1.6 84
1.6 100
1.6 94
1.7 88
1.7 84
1.7 83
1.8 100
1.8 194
1.8 147
1.9 213
1.9 81
1.9 222
2 227
2 113
2 189
2.1 270
2.1 94
2.1 183
2.2 296
2.2 121
2.2 110
2.3 167
2.3 78
2.3 113
2.4 122
2.4 260
2.4 649
2.5 561
2.5 176
2.5 112
2.6 84
2.6 164
2.6 159
2.7 114
2.7 244
2.7 77
2.8 186
2.8 88
2.8 87
2.9 263
2.9 83
2.9 167
3 103
3 77
3 155
0.1 254
0.1 229
0.1 243
0.2 231
0.2 186
0.2 124
0.3 450
0.3 127
0.3 358
0.4 194
0.4 230
0.4 117
0.5 148
0.5 243
0.5 134
0.6 261
0.6 344
0.6 99
0.7 89
0.7 1297
0.7 196
0.8 191
0.8 146
0.8 426
0.9 131
0.9 83
0.9 98
1 108
1 99
1 134
1.1 86
1.1 121
1.1 135
1.2 168
1.2 370
1.2 262
1.3 112
1.3 130
1.3 107
1.4 361
1.4 173
1.4 105
1.5 116
1.5 145
1.5 90
1.6 128
1.6 145
1.6 112
1.7 111
1.7 116
1.7 92
1.8 87
1.8 117
1.8 118
1.9 94
1.9 164
1.9 124
2 151
2 169
2 129
2.1 80
2.1 81
2.1 127
2.2 107
2.2 88
2.2 108
2.3 99
2.3 140
2.3 92
2.4 110
2.4 79
2.4 141
2.5 82
2.5 118
2.5 383
2.6 943
2.6 95
2.6 160
2.7 269
2.7 86
2.7 221
2.8 125
2.8 108
2.8 543
2.9 190
2.9 114
2.9 121
3 339
3 161
3 239
0.1 356
0.1 277
0.1 300
0.2 229
0.2 126
0.2 370
0.3 103
0.3 111
0.3 113
0.4 192
0.4 95
0.4 235
0.5 120
0.5 125
0.5 458
0.6 108
0.6 138
0.6 132
0.7 85
0.7 129
0.7 276
0.8 155
0.8 145
0.8 97
0.9 76
0.9 397
0.9 427
1 88
1 91
1 106
1.1 83
1.1 75
1.1 171
1.2 111
1.2 95
1.2 146
1.3 148
1.3 234
1.3 224
1.4 90
1.4 103
1.4 146
1.5 208
1.5 154
1.5 123
1.6 148
1.6 397
1.6 158
1.7 106
1.7 110
1.7 99
1.8 125
1.8 109
1.8 201
1.9 376
1.9 133
1.9 392
2 344
2 238
2 154
2.1 94
2.1 242
2.1 173
2.2 189
2.2 104
2.2 167
2.3 97
2.3 133
2.3 92
2.4 128
2.4 175
2.4 125
2.5 204
2.5 72
2.5 227
2.6 252
2.6 252
2.6 77
2.7 81
2.7 114
2.7 179
2.8 147
2.8 101
2.8 106
2.9 199
2.9 101
2.9 172
3 631
3 212
3 479
0.1 282
0.1 351
0.1 240
0.2 269
0.2 165
0.2 243
0.3 191
0.3 116
0.3 156
0.4 276
0.4 171
0.4 128
0.5 132
0.5 164
0.5 145
0.6 108
0.6 115
0.6 121
0.7 368
0.7 85
0.7 156
0.8 85
0.8 350
0.8 121
0.9 222
0.9 215
0.9 124
1 352
1 82
1 658
1.1 135
1.1 168
1.1 253
1.2 401
1.2 80
1.2 268
1.3 156
1.3 242
1.3 128
1.4 107
1.4 131
1.4 86
1.5 139
1.5 110
1.5 285
1.6 282
1.6 88
1.6 100
1.7 112
1.7 77
1.7 343
1.8 124
1.8 98
1.8 311
1.9 237
1.9 230
1.9 161
2 139
2 149
2 104
2.1 211
2.1 111
2.1 90
2.2 98
2.2 73
2.2 353
2.3 85
2.3 182
2.3 122
2.4 228
2.4 120
2.4 182
2.5 124
2.5 94
2.5 117
2.6 120
2.6 90
2.6 290
2.7 176
2.7 113
2.7 128
2.8 249
2.8 127
2.8 149
2.9 358
2.9 156
2.9 171
3 83
3 190
3 116
0.1 469
0.1 570
0.1 223
0.2 192
0.2 203
0.2 244
0.3 196
0.3 127
0.3 142
0.4 210
0.4 246
0.4 143
0.5 296
0.5 382
0.5 97
0.6 103
0.6 93
0.6 88
0.7 163
0.7 165
0.7 89
0.8 110
0.8 174
0.8 117
0.9 189
0.9 270
0.9 196
1 87
1 97
1 94
1.1 139
1.1 108
1.1 152
1.2 84
1.2 154
1.2 128
1.3 104
1.3 138
1.3 175
1.4 119
1.4 102
1.4 87
1.5 437
1.5 103
1.5 84
1.6 242
1.6 97
1.6 225
1.7 108
1.7 156
1.7 139
1.8 89
1.8 148
1.8 111
1.9 108
1.9 89
1.9 119
2 130
2 188
2 232
2.1 88
2.1 98
2.1 89
2.2 206
2.2 77
2.2 217
2.3 155
2.3 136
2.3 98
2.4 85
2.4 81
2.4 218
2.5 197
2.5 461
2.5 105
2.6 359
2.6 111
2.6 121
2.7 136
2.7 211
2.7 217
2.8 147
2.8 105
2.8 217
2.9 152
2.9 111
2.9 139
3 165
3 84
3 146
0.1 389
0.1 341
0.1 390
0.2 213
0.2 196
0.2 213
0.3 152
0.3 99
0.3 150
0.4 107
0.4 195
0.4 260
0.5 149
0.5 99
0.5 110
0.6 165
0.6 171
0.6 199
0.7 81
0.7 102
0.7 184
0.8 147
0.8 120
0.8 87
0.9 154
0.9 77
0.9 90
1 112
1 157
1 106
1.1 515
1.1 186
1.1 121
1.2 129
1.2 188
1.2 102
1.3 109
1.3 141
1.3 113
1.4 103
1.4 120
1.4 140
1.5 206
1.5 152
1.5 80
1.6 107
1.6 172
1.6 102
1.7 110
1.7 81
1.7 164
1.8 134
1.8 171
1.8 115
1.9 140
1.9 87
1.9 87
2 154
2 193
2 158
2.1 187
2.1 193
2.1 216
2.2 202
2.2 143
2.2 123
2.3 120
2.3 111
2.3 135
2.4 224
2.4 212
2.4 92
2.5 142
2.5 235
2.5 135
2.6 113
2.6 157
2.6 107
2.7 269
2.7 140
2.7 102
2.8 267
2.8 107
2.8 130
2.9 81
2.9 72
2.9 295
3 236
3 97
3 419
