0.1 57
0.1 59
0.1 53
0.2 32
0.2 29
0.2 36
0.3 19
0.3 22
0.3 20
0.4 15
0.4 15
0.4 15
0.5 15
0.5 11
0.5 23
0.6 10
0.6 11
0.6 13
0.7 9
0.7 11
0.7 14
0.8 10
0.8 11
0.8 9
0.9 9
0.9 7
0.9 7
1 9
1 8
1 7
1.1 6
1.1 7
1.1 8
1.2 6
1.2 6
1.2 6
1.3 6
1.3 7
1.3 5
1.4 7
1.4 7
1.4 6
1.5 6
1.5 7
1.5 5
1.6 5
1.6 5
1.6 6
1.7 5
1.7 5
1.7 5
1.8 5
1.8 6
1.8 5
1.9 4
1.9 6
1.9 8
2 5
2 5
2 6
2.1 7
2.1 5
2.1 6
2.2 6
2.2 6
2.2 4
2.3 8
2.3 6
2.3 4
2.4 4
2.4 5
2.4 5
2.5 4
2.5 5
2.5 4
2.6 4
2.6 5
2.6 4
2.7 4
2.7 4
2.7 4
2.8 4
2.8 7
2.8 7
2.9 5
2.9 5
2.9 4
3 4
3 4
3 4
0.1 67
0.1 85
0.1 59
0.2 31
0.2 27
0.2 29
0.3 21
0.3 20
0.3 22
0.4 18
0.4 18
0.4 17
0.5 13
0.5 13
0.5 14
0.6 11
0.6 11
0.6 11
0.7 10
0.7 13
0.7 11
0.8 12
0.8 7
0.8 12
0.9 8
0.9 8
0.9 9
1 7
1 6
1 9
1.1 7
1.1 7
1.1 10
1.2 7
1.2 7
1.2 8
1.3 6
1.3 8
1.3 7
1.4 6
1.4 7
1.4 5
1.5 6
1.5 6
1.5 6
1.6 5
1.6 6
1.6 5
1.7 5
1.7 7
1.7 6
1.8 6
1.8 5
1.8 6
1.9 4
1.9 5
1.9 4
2 5
2 5
2 4
2.1 6
2.1 5
2.1 7
2.2 5
2.2 4
2.2 5
2.3 4
2.3 4
2.3 4
2.4 5
2.4 7
2.4 5
2.5 4
2.5 4
2.5 4
2.6 3
2.6 4
2.6 4
2.7 4
2.7 4
2.7 5
2.8 4
2.8 5
2.8 3
2.9 4
2.9 5
2.9 5
3 6
3 4
3 4
0.1 70
0.1 89
0.1 60
0.2 29
0.2 28
0.2 27
0.3 18
0.3 21
0.3 19
0.4 15
0.4 14
0.4 15
0.5 13
0.5 11
0.5 11
0.6 11
0.6 12
0.6 10
0.7 10
0.7 10
0.7 9
0.8 7
0.8 8
0.8 9
0.9 7
0.9 9
0.9 9
1 8
1 7
1 10
1.1 6
1.1 8
1.1 8
1.2 8
1.2 6
1.2 7
1.3 6
1.3 7
1.3 8
1.4 6
1.4 7
1.4 7
1.5 6
1.5 6
1.5 6
1.6 5
1.6 7
1.6 6
1.7 5
1.7 5
1.7 5
1.8 5
1.8 7
1.8 5
1.9 5
1.9 4
1.9 6
2 5
2 6
2 5
2.1 5
2.1 5
2.1 5
2.2 5
2.2 5
2.2 5
2.3 5
2.3 5
2.3 5
2.4 6
2.4 6
2.4 5
2.5 5
2.5 7
2.5 5
2.6 3
2.6 5
2.6 3
2.7 6
2.7 4
2.7 4
2.8 4
2.8 5
2.8 5
2.9 4
2.9 4
2.9 4
3 4
3 4
3 5
0.1 59
0.1 70
0.1 66
0.2 28
0.2 29
0.2 30
0.3 18
0.3 21
0.3 24
0.4 15
0.4 15
0.4 15
0.5 12
0.5 17
0.5 14
0.6 13
0.6 14
0.6 11
0.7 11
0.7 12
0.7 12
0.8 9
0.8 8
0.8 8
0.9 7
0.9 8
0.9 8
1 8
1 7
1 8
1.1 7
1.1 9
1.1 8
1.2 6
1.2 6
1.2 6
1.3 6
1.3 6
1.3 7
1.4 8
1.4 9
1.4 8
1.5 5
1.5 5
1.5 6
1.6 5
1.6 8
1.6 5
1.7 6
1.7 6
1.7 6
1.8 4
1.8 5
1.8 5
1.9 4
1.9 5
1.9 5
2 4
2 5
2 4
2.1 6
2.1 4
2.1 5
2.2 5
2.2 5
2.2 5
2.3 4
2.3 4
2.3 6
2.4 4
2.4 6
2.4 4
2.5 6
2.5 5
2.5 4
2.6 4
2.6 4
2.6 5
2.7 4
2.7 5
2.7 4
2.8 4
2.8 3
2.8 5
2.9 4
2.9 6
2.9 5
3 5
3 4
3 5
0.1 66
0.1 69
0.1 57
0.2 29
0.2 26
0.2 29
0.3 20
0.3 21
0.3 19
0.4 15
0.4 16
0.4 15
0.5 13
0.5 12
0.5 12
0.6 10
0.6 11
0.6 11
0.7 10
0.7 9
0.7 9
0.8 8
0.8 9
0.8 11
0.9 7
0.9 7
0.9 13
1 8
1 6
1 7
1.1 8
1.1 7
1.1 11
1.2 7
1.2 8
1.2 8
1.3 6
1.3 6
1.3 7
1.4 5
1.4 5
1.4 7
1.5 6
1.5 6
1.5 7
1.6 5
1.6 5
1.6 7
1.7 7
1.7 5
1.7 5
1.8 9
1.8 5
1.8 5
1.9 8
1.9 6
1.9 8
2 5
2 5
2 4
2.1 6
2.1 5
2.1 4
2.2 5
2.2 5
2.2 4
2.3 5
2.3 5
2.3 5
2.4 8
2.4 5
2.4 6
2.5 4
2.5 4
2.5 4
2.6 5
2.6 6
2.6 4
2.7 4
2.7 4
2.7 5
2.8 3
2.8 4
2.8 4
2.9 4
2.9 6
2.9 5
3 7
3 5
3 4
0.1 55
0.1 63
0.1 58
0.2 28
0.2 27
0.2 42
0.3 21
0.3 23
0.3 20
0.4 15
0.4 15
0.4 15
0.5 12
0.5 13
0.5 14
0.6 11
0.6 11
0.6 14
0.7 10
0.7 10
0.7 11
0.8 12
0.8 11
0.8 9
0.9 8
0.9 7
0.9 11
1 8
1 8
1 8
1.1 8
1.1 6
1.1 6
1.2 7
1.2 8
1.2 9
1.3 6
1.3 6
1.3 7
1.4 5
1.4 5
1.4 7
1.5 11
1.5 6
1.5 5
1.6 6
1.6 5
1.6 5
1.7 5
1.7 5
1.7 5
1.8 6
1.8 7
1.8 5
1.9 4
1.9 5
1.9 6
2 6
2 4
2 9
2.1 6
2.1 5
2.1 5
2.2 5
2.2 5
2.2 6
2.3 4
2.3 4
2.3 5
2.4 6
2.4 6
2.4 5
2.5 6
2.5 6
2.5 7
2.6 4
2.6 4
2.6 4
2.7 7
2.7 4
2.7 4
2.8 4
2.8 6
2.8 6
2.9 4
2.9 6
2.9 3
3 6
3 7
3 4
0.1 75
0.1 96
0.1 84
0.2 31
0.2 28
0.2 35
0.3 33
0.3 20
0.3 39
0.4 14
0.4 17
0.4 17
0.5 15
0.5 15
0.5 13
0.6 13
0.6 12
0.6 10
0.7 11
0.7 9
0.7 10
0.8 10
0.8 10
0.8 9
0.9 8
0.9 9
0.9 9
1 8
1 6
1 9
1.1 7
1.1 7
1.1 6
1.2 5
1.2 8
1.2 9
1.3 7
1.3 5
1.3 5
1.4 8
1.4 5
1.4 7
1.5 5
1.5 7
1.5 6
1.6 5
1.6 7
1.6 5
1.7 5
1.7 8
1.7 7
1.8 5
1.8 5
1.8 5
1.9 5
1.9 4
1.9 6
2 5
2 6
2 6
2.1 4
2.1 5
2.1 5
2.2 5
2.2 4
2.2 8
2.3 5
2.3 6
2.3 6
2.4 4
2.4 4
2.4 6
2.5 6
2.5 4
2.5 5
2.6 6
2.6 5
2.6 4
2.7 4
2.7 4
2.7 4
2.8 4
2.8 4
2.8 4
2.9 4
2.9 4
2.9 4
3 4
3 5
3 5
0.1 89
0.1 58
0.1 54
0.2 29
0.2 51
0.2 28
0.3 18
0.3 21
0.3 21
0.4 18
0.4 14
0.4 14
0.5 15
0.5 12
0.5 13
0.6 10
0.6 11
0.6 12
0.7 8
0.7 10
0.7 10
0.8 9
0.8 9
0.8 9
0.9 13
0.9 9
0.9 8
1 8
1 8
1 9
1.1 9
1.1 9
1.1 8
1.2 5
1.2 8
1.2 7
1.3 8
1.3 6
1.3 6
1.4 9
1.4 7
1.4 6
1.5 6
1.5 5
1.5 5
1.6 6
1.6 5
1.6 6
1.7 6
1.7 6
1.7 8
1.8 5
1.8 5
1.8 4
1.9 5
1.9 5
1.9 4
2 6
2 4
2 4
2.1 4
2.1 5
2.1 5
2.2 4
2.2 4
2.2 5
2.3 10
2.3 7
2.3 5
2.4 5
2.4 5
2.4 5
2.5 6
2.5 5
2.5 5
2.6 4
2.6 4
2.6 4
2.7 4
2.7 5
2.7 4
2.8 5
2.8 5
2.8 5
2.9 4
2.9 4
2.9 4
3 4
3 5
3 5
0.1 56
0.1 56
0.1 64
0.2 28
0.2 28
0.2 28
0.3 22
0.3 20
0.3 23
0.4 15
0.4 15
0.4 16
0.5 11
0.5 13
0.5 13
0.6 12
0.6 12
0.6 15
0.7 10
0.7 9
0.7 10
0.8 11
0.8 9
0.8 9
0.9 10
0.9 9
0.9 9
1 8
1 10
1 8
1.1 6
1.1 7
1.1 7
1.2 8
1.2 6
1.2 7
1.3 6
1.3 6
1.3 6
1.4 6
1.4 5
1.4 6
1.5 5
1.5 5
1.5 5
1.6 5
1.6 5
1.6 6
1.7 8
1.7 6
1.7 5
1.8 6
1.8 4
1.8 8
1.9 6
1.9 6
1.9 5
2 7
2 6
2 5
2.1 4
2.1 5
2.1 4
2.2 8
2.2 5
2.2 4
2.3 5
2.3 5
2.3 4
2.4 4
2.4 4
2.4 5
2.5 5
2.5 4
2.5 4
2.6 4
2.6 5
2.6 5
2.7 6
2.7 5
2.7 5
2.8 5
2.8 5
2.8 4
2.9 3
2.9 4
2.9 4
3 5
3 4
3 5
0.1 61
0.1 61
0.1 115
0.2 31
0.2 28
0.2 58
0.3 21
0.3 19
0.3 19
0.4 18
0.4 14
0.4 14
0.5 12
0.5 13
0.5 13
0.6 12
0.6 12
0.6 11
0.7 11
0.7 10
0.7 9
0.8 9
0.8 12
0.8 10
0.9 12
0.9 7
0.9 7
1 9
1 7
1 9
1.1 7
1.1 8
1.1 9
1.2 7
1.2 6
1.2 7
1.3 5
1.3 5
1.3 6
1.4 6
1.4 9
1.4 7
1.5 9
1.5 10
1.5 7
1.6 6
1.6 5
1.6 5
1.7 5
1.7 5
1.7 7
1.8 9
1.8 5
1.8 8
1.9 4
1.9 4
1.9 6
2 6
2 6
2 5
2.1 7
2.1 7
2.1 5
2.2 4
2.2 5
2.2 4
2.3 4
2.3 5
2.3 5
2.4 4
2.4 5
2.4 4
2.5 5
2.5 4
2.5 4
2.6 4
2.6 4
2.6 6
2.7 4
2.7 4
2.7 5
2.8 3
2.8 4
2.8 5
2.9 4
2.9 5
2.9 3
3 4
3 4
3 4
0.1 87
0.1 53
0.1 57
0.2 32
0.2 43
0.2 27
0.3 20
0.3 21
0.3 22
0.4 14
0.4 15
0.4 14
0.5 11
0.5 11
0.5 12
0.6 11
0.6 10
0.6 10
0.7 11
0.7 13
0.7 10
0.8 9
0.8 8
0.8 9
0.9 9
0.9 9
0.9 7
1 7
1 16
1 12
1.1 9
1.1 6
1.1 6
1.2 8
1.2 7
1.2 6
1.3 7
1.3 6
1.3 7
1.4 8
1.4 6
1.4 6
1.5 6
1.5 5
1.5 5
1.6 5
1.6 5
1.6 6
1.7 5
1.7 5
1.7 5
1.8 6
1.8 5
1.8 6
1.9 5
1.9 4
1.9 5
2 5
2 5
2 6
2.1 5
2.1 5
2.1 5
2.2 4
2.2 4
2.2 5
2.3 5
2.3 5
2.3 6
2.4 5
2.4 5
2.4 4
2.5 5
2.5 5
2.5 5
2.6 4
2.6 4
2.6 5
2.7 4
2.7 4
2.7 8
2.8 4
2.8 7
2.8 4
2.9 4
2.9 6
2.9 4
3 4
3 4
3 4
0.1 59
0.1 69
0.1 86
0.2 39
0.2 72
0.2 29
0.3 29
0.3 20
0.3 20
0.4 19
0.4 14
0.4 15
0.5 15
0.5 14
0.5 15
0.6 11
0.6 10
0.6 9
0.7 8
0.7 9
0.7 11
0.8 9
0.8 12
0.8 12
0.9 7
0.9 8
0.9 9
1 7
1 9
1 9
1.1 8
1.1 7
1.1 6
1.2 6
1.2 7
1.2 7
1.3 5
1.3 10
1.3 6
1.4 7
1.4 6
1.4 5
1.5 5
1.5 7
1.5 6
1.6 5
1.6 6
1.6 5
1.7 5
1.7 6
1.7 5
1.8 5
1.8 7
1.8 5
1.9 7
1.9 5
1.9 5
2 6
2 5
2 4
2.1 5
2.1 5
2.1 6
2.2 4
2.2 7
2.2 5
2.3 4
2.3 4
2.3 7
2.4 5
2.4 4
2.4 4
2.5 4
2.5 4
2.5 8
2.6 5
2.6 5
2.6 5
2.7 5
2.7 5
2.7 5
2.8 3
2.8 5
2.8 4
2.9 4
2.9 6
2.9 4
3 4
3 4
3 5
0.1 73
0.1 61
0.1 59
0.2 29
0.2 36
0.2 37
0.3 21
0.3 23
0.3 23
0.4 20
0.4 17
0.4 16
0.5 18
0.5 11
0.5 15
0.6 15
0.6 11
0.6 13
0.7 9
0.7 10
0.7 10
0.8 9
0.8 8
0.8 9
0.9 8
0.9 9
0.9 7
1 8
1 7
1 11
1.1 9
1.1 7
1.1 9
1.2 6
1.2 5
1.2 6
1.3 6
1.3 7
1.3 6
1.4 6
1.4 6
1.4 7
1.5 6
1.5 6
1.5 6
1.6 5
1.6 7
1.6 7
1.7 5
1.7 7
1.7 5
1.8 5
1.8 10
1.8 4
1.9 5
1.9 5
1.9 7
2 6
2 5
2 5
2.1 7
2.1 4
2.1 5
2.2 5
2.2 5
2.2 5
2.3 6
2.3 4
2.3 5
2.4 7
2.4 4
2.4 5
2.5 6
2.5 5
2.5 5
2.6 3
2.6 5
2.6 5
2.7 5
2.7 4
2.7 5
2.8 5
2.8 5
2.8 5
2.9 5
2.9 4
2.9 4
3 3
3 4
3 4
0.1 54
0.1 64
0.1 83
0.2 28
0.2 29
0.2 26
0.3 20
0.3 20
0.3 22
0.4 15
0.4 15
0.4 16
0.5 11
0.5 12
0.5 13
0.6 11
0.6 11
0.6 10
0.7 9
0.7 8
0.7 10
0.8 9
0.8 11
0.8 9
0.9 9
0.9 9
0.9 7
1 10
1 9
1 11
1.1 7
1.1 8
1.1 6
1.2 7
1.2 9
1.2 6
1.3 8
1.3 11
1.3 5
1.4 5
1.4 7
1.4 6
1.5 5
1.5 8
1.5 6
1.6 5
1.6 6
1.6 5
1.7 5
1.7 4
1.7 6
1.8 4
1.8 4
1.8 4
1.9 7
1.9 6
1.9 6
2 5
2 5
2 7
2.1 4
2.1 6
2.1 5
2.2 5
2.2 5
2.2 6
2.3 6
2.3 5
2.3 5
2.4 4
2.4 6
2.4 6
2.5 4
2.5 4
2.5 4
2.6 5
2.6 4
2.6 4
2.7 4
2.7 5
2.7 4
2.8 4
2.8 4
2.8 5
2.9 5
2.9 6
2.9 4
3 5
3 6
3 7
0.1 56
0.1 69
0.1 71
0.2 33
0.2 30
0.2 30
0.3 31
0.3 19
0.3 20
0.4 14
0.4 17
0.4 16
0.5 13
0.5 12
0.5 13
0.6 11
0.6 11
0.6 10
0.7 10
0.7 12
0.7 11
0.8 9
0.8 9
0.8 9
0.9 8
0.9 10
0.9 8
1 10
1 11
1 8
1.1 6
1.1 8
1.1 6
1.2 6
1.2 6
1.2 6
1.3 8
1.3 7
1.3 8
1.4 6
1.4 6
1.4 5
1.5 5
1.5 7
1.5 5
1.6 5
1.6 6
1.6 5
1.7 5
1.7 5
1.7 5
1.8 5
1.8 7
1.8 6
1.9 6
1.9 4
1.9 8
2 6
2 5
2 6
2.1 4
2.1 4
2.1 4
2.2 6
2.2 5
2.2 5
2.3 5
2.3 4
2.3 5
2.4 5
2.4 4
2.4 6
2.5 7
2.5 5
2.5 4
2.6 4
2.6 5
2.6 5
2.7 4
2.7 6
2.7 4
2.8 4
2.8 4
2.8 3
2.9 5
2.9 4
2.9 5
3 4
3 3
3 5
0.1 55
0.1 57
0.1 54
0.2 32
0.2 29
0.2 28
0.3 23
0.3 20
0.3 23
0.4 18
0.4 15
0.4 16
0.5 13
0.5 13
0.5 13
0.6 12
0.6 11
0.6 11
0.7 8
0.7 11
0.7 11
0.8 11
0.8 10
0.8 11
0.9 9
0.9 7
0.9 7
1 7
1 7
1 8
1.1 6
1.1 7
1.1 7
1.2 7
1.2 11
1.2 7
1.3 6
1.3 7
1.3 6
1.4 7
1.4 7
1.4 6
1.5 6
1.5 7
1.5 5
1.6 6
1.6 6
1.6 6
1.7 5
1.7 5
1.7 5
1.8 4
1.8 6
1.8 5
1.9 4
1.9 7
1.9 5
2 5
2 6
2 6
2.1 4
2.1 4
2.1 5
2.2 5
2.2 4
2.2 4
2.3 4
2.3 4
2.3 4
2.4 4
2.4 4
2.4 5
2.5 4
2.5 4
2.5 8
2.6 6
2.6 4
2.6 5
2.7 4
2.7 4
2.7 6
2.8 4
2.8 4
2.8 6
2.9 5
2.9 4
2.9 4
3 5
3 5
3 5
0.1 63
0.1 55
0.1 60
0.2 30
0.2 28
0.2 28
0.3 19
0.3 20
0.3 19
0.4 18
0.4 14
0.4 18
0.5 13
0.5 13
0.5 15
0.6 11
0.6 11
0.6 13
0.7 9
0.7 10
0.7 11
0.8 11
0.8 11
0.8 8
0.9 7
0.9 11
0.9 12
1 7
1 7
1 7
1.1 6
1.1 6
1.1 8
1.2 7
1.2 7
1.2 7
1.3 7
1.3 9
1.3 7
1.4 5
1.4 6
1.4 7
1.5 7
1.5 7
1.5 6
1.6 5
1.6 8
1.6 7
1.7 5
1.7 4
1.7 5
1.8 5
1.8 5
1.8 8
1.9 4
1.9 6
1.9 7
2 5
2 6
2 5
2.1 5
2.1 5
2.1 6
2.2 6
2.2 5
2.2 5
2.3 4
2.3 4
2.3 4
2.4 5
2.4 5
2.4 5
2.5 4
2.5 4
2.5 4
2.6 7
2.6 6
2.6 3
2.7 4
2.7 4
2.7 4
2.8 4
2.8 4
2.8 4
2.9 6
2.9 4
2.9 5
3 6
3 4
3 6
0.1 65
0.1 62
0.1 59
0.2 30
0.2 26
0.2 31
0.3 22
0.3 19
0.3 22
0.4 20
0.4 17
0.4 15
0.5 13
0.5 13
0.5 15
0.6 11
0.6 12
0.6 12
0.7 15
0.7 8
0.7 11
0.8 8
0.8 15
0.8 9
0.9 11
0.9 10
0.9 8
1 8
1 7
1 11
1.1 8
1.1 7
1.1 9
1.2 9
1.2 5
1.2 13
1.3 8
1.3 9
1.3 7
1.4 6
1.4 6
1.4 5
1.5 7
1.5 5
1.5 6
1.6 5
1.6 5
1.6 6
1.7 5
1.7 5
1.7 6
1.8 6
1.8 5
1.8 7
1.9 7
1.9 5
1.9 6
2 4
2 4
2 4
2.1 5
2.1 5
2.1 4
2.2 5
2.2 4
2.2 8
2.3 4
2.3 6
2.3 5
2.4 5
2.4 5
2.4 5
2.5 4
2.5 4
2.5 5
2.6 4
2.6 4
2.6 6
2.7 5
2.7 4
2.7 4
2.8 6
2.8 5
2.8 5
2.9 8
2.9 5
2.9 5
3 3
3 5
3 4
0.1 78
0.1 62
0.1 61
0.2 28
0.2 29
0.2 30
0.3 22
0.3 20
0.3 22
0.4 21
0.4 15
0.4 14
0.5 19
0.5 15
0.5 12
0.6 11
0.6 10
0.6 9
0.7 11
0.7 10
0.7 9
0.8 9
0.8 11
0.8 9
0.9 8
0.9 10
0.9 10
1 7
1 7
1 7
1.1 8
1.1 7
1.1 9
1.2 6
1.2 7
1.2 7
1.3 7
1.3 8
1.3 7
1.4 6
1.4 6
1.4 5
1.5 8
1.5 5
1.5 5
1.6 5
1.6 5
1.6 7
1.7 6
1.7 5
1.7 6
1.8 5
1.8 6
1.8 6
1.9 5
1.9 5
1.9 5
2 5
2 5
2 6
2.1 4
2.1 4
2.1 4
2.2 4
2.2 4
2.2 5
2.3 5
2.3 5
2.3 4
2.4 4
2.4 4
2.4 5
2.5 5
2.5 8
2.5 4
2.6 8
2.6 4
2.6 4
2.7 5
2.7 6
2.7 6
2.8 5
2.8 4
2.8 6
2.9 4
2.9 4
2.9 5
3 5
3 4
3 3
0.1 71
0.1 63
0.1 70
0.2 31
0.2 30
0.2 31
0.3 19
0.3 19
0.3 21
0.4 13
0.4 19
0.4 18
0.5 14
0.5 12
0.5 14
0.6 12
0.6 11
0.6 12
0.7 8
0.7 9
0.7 11
0.8 10
0.8 9
0.8 7
0.9 10
0.9 7
0.9 7
1 8
1 8
1 7
1.1 12
1.1 10
1.1 7
1.2 8
1.2 6
1.2 6
1.3 7
1.3 8
1.3 7
1.4 5
1.4 7
1.4 6
1.5 8
1.5 5
1.5 5
1.6 6
1.6 6
1.6 5
1.7 5
1.7 5
1.7 5
1.8 6
1.8 6
1.8 5
1.9 6
1.9 5
1.9 4
2 6
2 6
2 5
2.1 6
2.1 5
2.1 5
2.2 5
2.2 5
2.2 5
2.3 4
2.3 5
2.3 5
2.4 6
2.4 5
2.4 4
2.5 6
2.5 7
2.5 4
2.6 4
2.6 5
2.6 4
2.7 6
2.7 5
2.7 4
2.8 6
2.8 4
2.8 4
2.9 3
2.9 4
2.9 5
3 4
3 4
3 7
