0.1 5.56774
0.1 5.75527
0.1 5.1211
0.2 6.09743
0.2 5.58433
0.2 6.87942
0.3 5.24187
0.3 6.15117
0.3 5.69156
0.4 5.22236
0.4 5.50244
0.4 5.40037
0.5 6.81872
0.5 4.81771
0.5 10.5318
0.6 5.26947
0.6 5.46556
0.6 7.05766
0.7 5.54252
0.7 6.30435
0.7 8.4169
0.8 6.71238
0.8 7.94794
0.8 6.38003
0.9 6.31246
0.9 4.88985
0.9 4.76812
1 7.28512
1 6.39491
1 5.49618
1.1 4.89656
1.1 6.48369
1.1 6.67818
1.2 5.84694
1.2 5.52387
1.2 5.03219
1.3 5.40952
1.3 7.63854
1.3 4.95422
1.4 7.99625
1.4 7.44633
1.4 6.32752
1.5 7.10252
1.5 8.38276
1.5 5.81158
1.6 5.37866
1.6 5.94975
1.6 7.57887
1.7 5.58079
1.7 6.74451
1.7 6.11571
1.8 5.59444
1.8 8.79006
1.8 5.93449
1.9 5.4675
1.9 7.60794
1.9 12.0902
2 7.14065
2 6.5832
2 8.22101
2.1 12.1493
2.1 8.38335
2.1 10.2517
2.2 10.3647
2.2 9.19656
2.2 6.43058
2.3 14.5585
2.3 9.49021
2.3 5.00881
2.4 6.58344
2.4 7.98298
2.4 8.29786
2.5 5.41816
2.5 7.71027
2.5 5.78902
2.6 5.67557
2.6 9.906
2.6 7.48824
2.7 7.66373
2.7 6.16136
2.7 5.9843
2.8 6.38167
2.8 14.9315
2.8 13.718
2.9 9.40236
2.9 11.072
2.9 8.0361
3 7.87839
3 6.46632
3 6.98071
0.1 6.53589
0.1 8.36868
0.1 5.76867
0.2 5.85712
0.2 5.01433
0.2 5.40943
0.3 5.88998
0.3 5.47868
0.3 6.08143
0.4 6.4171
0.4 6.43532
0.4 6.38527
0.5 5.91954
0.5 5.99207
0.5 6.38405
0.6 5.63225
0.6 5.61595
0.6 5.57367
0.7 5.61258
0.7 7.84744
0.7 6.50164
0.8 8.00163
0.8 4.79807
0.8 8.22937
0.9 6.14656
0.9 6.1419
0.9 6.3292
1 5.82338
1 4.95012
1 7.57457
1.1 6.2802
1.1 6.54688
1.1 9.61847
1.2 6.81169
1.2 6.40271
1.2 7.46413
1.3 5.5628
1.3 8.72756
1.3 6.75999
1.4 5.90702
1.4 7.64588
1.4 5.44546
1.5 6.55564
1.5 6.14085
1.5 6.3669
1.6 5.88817
1.6 7.36516
1.6 4.96269
1.7 5.21701
1.7 9.13276
1.7 8.04894
1.8 8.19418
1.8 5.99803
1.8 7.45622
1.9 5.30857
1.9 7.24227
1.9 5.56084
2 7.13334
2 7.50859
2 5.28164
2.1 8.8063
2.1 6.99722
2.1 12.2895
2.2 6.75394
2.2 5.85154
2.2 6.70115
2.3 5.73022
2.3 5.88659
2.3 6.14646
2.4 9.32076
2.4 12.1527
2.4 7.57306
2.5 6.50928
2.5 6.33769
2.5 7.04356
2.6 4.89554
2.6 5.36058
2.6 6.50749
2.7 7.1127
2.7 7.19756
2.7 9.80022
2.8 5.91979
2.8 9.97216
2.8 5.3122
2.9 7.05111
2.9 9.56177
2.9 9.18473
3 13.0052
3 8.42905
3 8.20125
0.1 6.84408
0.1 8.77267
0.1 5.87174
0.2 5.41883
0.2 5.3418
0.2 5.14399
0.3 5.09697
0.3 5.91998
0.3 5.2447
0.4 5.30804
0.4 5.05932
0.4 5.42589
0.5 5.50653
0.5 4.72299
0.5 4.7806
0.6 5.97152
0.6 6.10541
0.6 5.19484
0.7 6.19688
0.7 5.74918
0.7 5.20807
0.8 4.75459
0.8 5.42656
0.8 6.02932
0.9 5.04459
0.9 6.72785
0.9 6.87674
1 6.33812
1 5.73334
1 8.6762
1.1 5.07443
1.1 7.22034
1.1 6.94213
1.2 7.83161
1.2 5.36271
1.2 6.63666
1.3 5.71151
1.3 6.96086
1.3 8.77612
1.4 6.91806
1.4 7.0863
1.4 8.09864
1.5 7.07415
1.5 7.3326
1.5 6.13863
1.6 4.9819
1.6 8.49362
1.6 6.63545
1.7 6.49523
1.7 6.38805
1.7 5.83957
1.8 7.02089
1.8 9.71742
1.8 6.22329
1.9 6.40939
1.9 5.38122
1.9 8.43261
2 7.20876
2 9.3642
2 6.41512
2.1 7.83576
2.1 6.97699
2.1 7.76033
2.2 8.20731
2.2 7.5176
2.2 8.27096
2.3 8.04126
2.3 7.30505
2.3 8.8517
2.4 11.9935
2.4 11.1696
2.4 7.61285
2.5 9.2581
2.5 14.0636
2.5 7.69049
2.6 5.16903
2.6 8.5622
2.6 4.79304
2.7 11.0482
2.7 6.81089
2.7 7.73318
2.8 6.1624
2.8 10.4895
2.8 9.04871
2.9 7.74808
2.9 6.32048
2.9 6.86333
3 6.1777
3 8.0851
3 8.21238
0.1 5.76171
0.1 6.82916
0.1 6.4746
0.2 5.33502
0.2 5.53799
0.2 5.73502
0.3 4.98661
0.3 5.95312
0.3 6.88772
0.4 5.44374
0.4 5.49118
0.4 5.29247
0.5 5.14241
0.5 7.8825
0.5 6.07191
0.6 6.63838
0.6 7.409
0.6 5.49314
0.7 6.85788
0.7 7.36699
0.7 7.26848
0.8 5.99299
0.8 5.54412
0.8 5.40489
0.9 5.13443
0.9 5.70945
0.9 5.71314
1 6.65078
1 5.72444
1 6.71252
1.1 6.53447
1.1 8.54932
1.1 6.73179
1.2 4.99566
1.2 5.16273
1.2 4.92209
1.3 6.41561
1.3 6.43925
1.3 7.10708
1.4 8.41528
1.4 10.0213
1.4 8.87096
1.5 5.05312
1.5 5.2815
1.5 6.73882
1.6 5.12209
1.6 9.6524
1.6 5.40997
1.7 7.52287
1.7 8.47118
1.7 7.30501
1.8 5.19415
1.8 7.19501
1.8 6.45804
1.9 5.45188
1.9 6.28617
1.9 6.82683
2 4.92095
2 6.09423
2 5.17006
2.1 10.0644
2.1 6.21577
2.1 7.10249
2.2 7.38627
2.2 7.95611
2.2 8.12433
2.3 5.46839
2.3 6.10559
2.3 9.38512
2.4 6.56164
2.4 10.4903
2.4 4.87598
2.5 10.8462
2.5 9.44151
2.5 6.38302
2.6 5.84893
2.6 6.67007
2.6 8.35575
2.7 7.73295
2.7 8.57012
2.7 7.39356
2.8 6.88861
2.8 5.11816
2.8 9.46648
2.9 6.2946
2.9 13.6735
2.9 9.45707
3 9.90865
3 6.72483
3 11.1585
0.1 6.44826
0.1 6.72938
0.1 5.59124
0.2 5.52394
0.2 4.95373
0.2 5.4614
0.3 5.66083
0.3 5.7135
0.3 5.22682
0.4 5.50139
0.4 5.97225
0.4 5.36994
0.5 5.59875
0.5 5.21556
0.5 5.06874
0.6 5.39043
0.6 5.98647
0.6 5.52284
0.7 5.79076
0.7 5.1052
0.7 5.40336
0.8 5.47828
0.8 6.18827
0.8 7.26014
0.9 4.94508
0.9 5.31118
0.9 10.4328
1 6.2913
1 4.71969
1 5.72332
1.1 7.03102
1.1 6.19304
1.1 10.2875
1.2 6.16996
1.2 7.55568
1.2 7.67154
1.3 5.65588
1.3 5.67067
1.3 6.85618
1.4 4.92279
1.4 5.58161
1.4 7.69669
1.5 6.04013
1.5 7.33515
1.5 8.51712
1.6 6.1887
1.6 6.14824
1.6 9.51569
1.7 9.53615
1.7 5.44221
1.7 5.57226
1.8 13.1278
1.8 7.04083
1.8 5.82329
1.9 12.0281
1.9 7.79083
1.9 13.2309
2 6.43096
2 6.22282
2 5.37229
2.1 8.8696
2.1 7.3477
2.1 5.40772
2.2 6.76361
2.2 6.63266
2.2 6.5663
2.3 8.83821
2.3 7.50677
2.3 8.26425
2.4 14.5853
2.4 8.14602
2.4 10.1766
2.5 6.47124
2.5 6.29896
2.5 7.03136
2.6 8.81461
2.6 12.165
2.6 7.51342
2.7 6.91585
2.7 6.78577
2.7 10.5258
2.8 5.06582
2.8 6.56104
2.8 5.9583
2.9 7.94951
2.9 12.9539
2.9 9.07073
3 15.0826
3 10.2682
3 7.59897
0.1 5.3367
0.1 6.15789
0.1 5.61344
0.2 5.21825
0.2 5.15726
0.2 8.00445
0.3 5.8946
0.3 6.5302
0.3 5.429
0.4 5.3166
0.4 5.23547
0.4 5.27059
0.5 5.35787
0.5 5.63932
0.5 6.06551
0.6 5.64798
0.6 5.59683
0.6 7.35694
0.7 6.0805
0.7 6.27875
0.7 6.66828
0.8 8.61791
0.8 7.40001
0.8 6.00376
0.9 5.98337
0.9 4.94553
0.9 8.62211
1 6.95895
1 6.45688
1 6.53123
1.1 6.7536
1.1 5.45171
1.1 5.36173
1.2 6.19155
1.2 7.56344
1.2 8.55487
1.3 6.1777
1.3 5.365
1.3 7.69815
1.4 5.09479
1.4 5.44795
1.4 7.86514
1.5 14.6463
1.5 6.55346
1.5 5.7149
1.6 6.81015
1.6 6.39256
1.6 5.64557
1.7 6.46783
1.7 6.05909
1.7 6.36138
1.8 7.21555
1.8 9.22186
1.8 5.99662
1.9 5.41513
1.9 6.14684
1.9 7.97599
2 8.3891
2 5.28541
2 14.904
2.1 8.93427
2.1 6.42296
2.1 6.94447
2.2 8.798
2.2 7.04916
2.2 10.6314
2.3 5.16071
2.3 5.86994
2.3 7.41572
2.4 10.8162
2.4 10.5897
2.4 8.1983
2.5 10.6401
2.5 11.6354
2.5 12.9125
2.6 6.62422
2.6 6.62826
2.6 6.84188
2.7 15.2761
2.7 6.92611
2.7 7.15693
2.8 7.46624
2.8 13.436
2.8 13.9792
2.9 8.10935
2.9 14.2368
2.9 5.7883
3 12.2807
3 13.0374
3 8.02593
0.1 7.35361
0.1 9.46402
0.1 8.29066
0.2 5.8701
0.2 5.3907
0.2 6.66718
0.3 9.40005
0.3 5.6332
0.3 11.1405
0.4 4.87256
0.4 6.14052
0.4 6.14234
0.5 6.71883
0.5 6.80957
0.5 5.87482
0.6 6.70459
0.6 6.05868
0.6 5.1929
0.7 6.68417
0.7 5.35414
0.7 5.63736
0.8 6.75694
0.8 6.48075
0.8 6.27506
0.9 5.96065
0.9 7.05854
0.9 6.68215
1 6.88181
1 4.74032
1 7.14188
1.1 6.03934
1.1 5.72619
1.1 4.9009
1.2 4.79478
1.2 7.35175
1.2 8.78439
1.3 6.87662
1.3 5.09916
1.3 4.77943
1.4 9.76689
1.4 5.57905
1.4 7.91349
1.5 5.55116
1.5 7.75469
1.5 7.01619
1.6 6.11823
1.6 8.00317
1.6 6.0663
1.7 6.67359
1.7 11.817
1.7 8.61162
1.8 6.37487
1.8 6.55711
1.8 5.99202
1.9 7.09413
1.9 5.54443
1.9 7.86678
2 6.94457
2 8.98493
2 8.61483
2.1 4.87233
2.1 6.58985
2.1 7.73389
2.2 8.11059
2.2 5.45686
2.2 14.1562
2.3 9.07931
2.3 10.0544
2.3 9.2236
2.4 4.88731
2.4 5.27794
2.4 10.2416
2.5 10.593
2.5 7.03506
2.5 8.60893
2.6 10.7828
2.6 7.97746
2.6 6.6369
2.7 6.08796
2.7 6.22183
2.7 7.6838
2.8 5.79422
2.8 7.86558
2.8 6.94899
2.9 7.48235
2.9 5.88364
2.9 7.8628
3 7.05064
3 10.9197
3 10.4966
0.1 8.74471
0.1 5.6
0.1 5.29879
0.2 5.41912
0.2 9.8717
0.2 5.32879
0.3 4.92828
0.3 5.77321
0.3 5.9371
0.4 6.66912
0.4 5.01951
0.4 4.87115
0.5 6.72327
0.5 5.04049
0.5 5.94115
0.6 4.96359
0.6 5.91431
0.6 6.34258
0.7 4.80657
0.7 5.90141
0.7 6.29325
0.8 5.87816
0.8 5.7602
0.8 5.73422
0.9 10.3087
0.9 6.40582
0.9 6.23292
1 6.86747
1 6.54378
1 7.25014
1.1 7.90954
1.1 7.97385
1.1 6.96487
1.2 4.70011
1.2 7.65497
1.2 6.34641
1.3 7.80786
1.3 5.62581
1.3 5.51813
1.4 9.84551
1.4 7.93729
1.4 6.60616
1.5 6.19325
1.5 5.4887
1.5 5.45378
1.6 7.4854
1.6 6.01591
1.6 7.01991
1.7 7.70321
1.7 6.86095
1.7 11.6965
1.8 6.6132
1.8 7.11083
1.8 5.36343
1.9 6.5724
1.9 6.79829
1.9 5.44464
2 8.98413
2 5.65417
2 5.26109
2.1 5.60014
2.1 6.4007
2.1 7.53219
2.2 5.6399
2.2 6.16914
2.2 7.61333
2.3 18.076
2.3 13.5558
2.3 6.93894
2.4 7.63214
2.4 7.6026
2.4 7.9033
2.5 11.3839
2.5 7.81696
2.5 7.53513
2.6 7.36437
2.6 7.29081
2.6 5.62522
2.7 5.91562
2.7 8.72069
2.7 5.5672
2.8 9.20123
2.8 9.71339
2.8 9.54926
2.9 6.81028
2.9 7.1151
2.9 8.50067
3 8.69172
3 9.31134
3 10.6196
0.1 5.44474
0.1 5.45372
0.1 6.20676
0.2 5.24238
0.2 5.24769
0.2 5.25649
0.3 6.17821
0.3 5.66821
0.3 6.53404
0.4 5.27235
0.4 5.56498
0.4 5.78219
0.5 4.84607
0.5 5.71445
0.5 5.80572
0.6 6.41282
0.6 6.3871
0.6 8.2704
0.7 5.65489
0.7 5.4747
0.7 5.78452
0.8 7.2468
0.8 6.18171
0.8 5.80486
0.9 7.42182
0.9 7.1114
0.9 6.44067
1 6.67649
1 8.38301
1 6.45212
1.1 4.85335
1.1 5.74391
1.1 5.85109
1.2 7.29551
1.2 5.51674
1.2 6.32446
1.3 5.76315
1.3 6.13683
1.3 5.9847
1.4 6.95921
1.4 5.59317
1.4 5.89926
1.5 5.60535
1.5 5.12194
1.5 5.59283
1.6 6.33709
1.6 5.93344
1.6 6.4622
1.7 10.443
1.7 7.17094
1.7 5.43235
1.8 8.73889
1.8 4.73988
1.8 12.2822
1.9 7.97014
1.9 7.82947
1.9 6.60461
2 11.1946
2 9.18496
2 6.73878
2.1 5.41005
2.1 8.08088
2.1 6.29879
2.2 13.6358
2.2 8.272
2.2 5.91055
2.3 7.21794
2.3 8.37337
2.3 6.30245
2.4 6.55411
2.4 5.81003
2.4 9.35649
2.5 9.84053
2.5 5.39684
2.5 6.61323
2.6 5.83929
2.6 9.29782
2.6 8.45624
2.7 12.2272
2.7 9.97408
2.7 8.93639
2.8 9.59526
2.8 8.58029
2.8 7.57643
2.9 4.99949
2.9 8.26007
2.9 8.13332
3 10.3433
3 6.40796
3 11.7167
0.1 5.92195
0.1 5.99821
0.1 11.3649
0.2 5.91835
0.2 5.34258
0.2 11.2254
0.3 5.86337
0.3 5.2714
0.3 5.26121
0.4 6.58047
0.4 5.19089
0.4 5.01409
0.5 5.45431
0.5 5.55639
0.5 5.70055
0.6 6.07854
0.6 6.36806
0.6 5.81239
0.7 6.51733
0.7 5.81851
0.7 5.43644
0.8 6.17119
0.8 8.52791
0.8 6.5377
0.9 9.73778
0.9 5.35637
0.9 5.23427
1 7.26698
1 5.86997
1 7.25597
1.1 6.10608
1.1 7.41389
1.1 8.00781
1.2 6.97641
1.2 5.44383
1.2 6.36668
1.3 4.96628
1.3 5.15863
1.3 6.33546
1.4 6.08786
1.4 10.3736
1.4 7.07869
1.5 11.1307
1.5 12.6917
1.5 8.98018
1.6 6.58074
1.6 5.36032
1.6 5.53072
1.7 5.32276
1.7 5.86148
1.7 8.5489
1.8 13.1232
1.8 6.94713
1.8 11.2881
1.9 5.6169
1.9 5.38766
1.9 7.64556
2 8.83601
2 9.63206
2 6.04202
2.1 11.113
2.1 11.5661
2.1 6.69952
2.2 5.80213
2.2 7.20494
2.2 5.49864
2.3 6.30284
2.3 7.46077
2.3 7.04814
2.4 6.98946
2.4 7.84851
2.4 6.51394
2.5 7.99309
2.5 6.09585
2.5 6.48794
2.6 5.53415
2.6 7.27826
2.6 10.6534
2.7 6.79916
2.7 6.55936
2.7 9.45304
2.8 5.26883
2.8 7.43851
2.8 9.03054
2.9 7.82858
2.9 8.91586
2.9 5.6516
3 6.82608
3 8.75191
3 7.49152
0.1 8.54591
0.1 5.17969
0.1 5.57583
0.2 6.17958
0.2 8.21255
0.2 5.07166
0.3 5.49312
0.3 5.99318
0.3 6.28274
0.4 5.0498
0.4 5.44301
0.4 5.0938
0.5 4.82613
0.5 4.97634
0.5 5.1968
0.6 5.56919
0.6 4.92343
0.6 5.26385
0.7 6.87375
0.7 8.33253
0.7 5.69346
0.8 5.82111
0.8 5.49548
0.8 5.7032
0.9 6.38692
0.9 6.75071
0.9 5.03661
1 5.05568
1 14.5808
1 10.6039
1.1 7.71245
1.1 5.27785
1.1 5.07775
1.2 8.04629
1.2 6.78765
1.2 5.38509
1.3 7.65981
1.3 5.81085
1.3 7.53899
1.4 8.7457
1.4 5.77536
1.4 6.16431
1.5 6.94448
1.5 5.99629
1.5 5.64443
1.6 6.18464
1.6 5.01412
1.6 7.38863
1.7 6.18568
1.7 5.72415
1.7 6.71658
1.8 7.32349
1.8 6.66607
1.8 7.95406
1.9 6.52452
1.9 5.26716
1.9 7.21201
2 6.00663
2 6.10412
2 9.61942
2.1 7.53269
2.1 6.69977
2.1 7.93583
2.2 4.81191
2.2 5.91537
2.2 8.22308
2.3 8.31482
2.3 7.2517
2.3 9.97291
2.4 7.85549
2.4 8.55723
2.4 6.96063
2.5 9.55241
2.5 7.60342
2.5 9.64522
2.6 6.61045
2.6 6.57348
2.6 9.76505
2.7 7.08901
2.7 7.32949
2.7 17.3129
2.8 7.13355
2.8 14.4026
2.8 7.56642
2.9 5.72823
2.9 13.8807
2.9 8.60821
3 6.75807
3 7.65784
3 7.23907
0.1 5.72997
0.1 6.71181
0.1 8.42713
0.2 7.40004
0.2 14.0164
0.2 5.49788
0.3 8.25712
0.3 5.41412
0.3 5.62465
0.4 7.07247
0.4 5.16946
0.4 5.47121
0.5 6.78265
0.5 6.11753
0.5 6.97503
0.6 5.4196
0.6 5.27109
0.6 4.79575
0.7 4.83175
0.7 5.21848
0.7 6.36588
0.8 5.95362
0.8 8.17901
0.8 8.22152
0.9 5.39838
0.9 5.83556
0.9 6.52591
1 5.21581
1 7.21115
1 7.85862
1.1 6.96593
1.1 5.58297
1.1 4.98601
1.2 4.86435
1.2 6.90659
1.2 6.21793
1.3 5.11206
1.3 11.2555
1.3 5.41562
1.4 7.03117
1.4 6.93223
1.4 5.55102
1.5 5.21462
1.5 7.71243
1.5 6.21321
1.6 5.87247
1.6 7.6452
1.6 6.21602
1.7 5.55164
1.7 7.27173
1.7 6.42071
1.8 6.06259
1.8 9.20048
1.8 5.71836
1.9 11.2349
1.9 5.81162
1.9 7.49043
2 8.95596
2 6.90881
2 5.36461
2.1 6.3527
2.1 6.85587
2.1 9.60591
2.2 5.01413
2.2 11.7193
2.2 7.11343
2.3 6.20984
2.3 4.84192
2.3 12.2037
2.4 8.85076
2.4 6.30243
2.4 6.80538
2.5 7.46688
2.5 6.87787
2.5 16.7616
2.6 8.17328
2.6 8.38129
2.6 8.20259
2.7 7.74238
2.7 8.23386
2.7 9.70142
2.8 5.13454
2.8 8.51154
2.8 8.32479
2.9 6.83386
2.9 12.266
2.9 8.59782
3 6.98964
3 6.08253
3 10.4143
0.1 7.14731
0.1 5.90459
0.1 5.73627
0.2 5.55537
0.2 6.90191
0.2 7.1319
0.3 5.91765
0.3 6.38787
0.3 6.44579
0.4 7.20561
0.4 6.30723
0.4 5.80822
0.5 8.39533
0.5 4.97266
0.5 6.6994
0.6 8.37741
0.6 5.89491
0.6 6.92439
0.7 5.21667
0.7 5.86341
0.7 6.26154
0.8 5.65034
0.8 5.5146
0.8 6.27179
0.9 5.63481
0.9 6.45436
0.9 5.02198
1 6.41277
1 5.88664
1 9.36267
1.1 8.66329
1.1 5.66581
1.1 8.44837
1.2 5.32638
1.2 4.7143
1.2 5.42322
1.3 5.36122
1.3 7.21135
1.3 5.25832
1.4 6.11651
1.4 6.19987
1.4 7.72039
1.5 6.39874
1.5 6.86116
1.5 7.38234
1.6 6.03762
1.6 8.17815
1.6 8.71613
1.7 5.46806
1.7 8.61868
1.7 6.27875
1.8 6.81266
1.8 14.666
1.8 5.38667
1.9 6.34833
1.9 7.56384
1.9 11.2185
2 9.72595
2 6.63761
2 6.6733
2.1 10.7962
2.1 5.86234
2.1 8.11653
2.2 6.19444
2.2 8.56311
2.2 8.05867
2.3 9.20206
2.3 6.20169
2.3 7.35704
2.4 12.7785
2.4 6.59617
2.4 7.6509
2.5 10.9046
2.5 8.50235
2.5 8.39146
2.6 5.05037
2.6 10.2141
2.6 8.28316
2.7 8.61794
2.7 6.67271
2.7 7.70367
2.8 9.75976
2.8 9.52127
2.8 9.10053
2.9 8.82954
2.9 7.66431
2.9 8.62073
3 5.59892
3 8.51675
3 7.14783
0.1 5.20538
0.1 6.24377
0.1 8.10177
0.2 5.23049
0.2 5.48344
0.2 4.97532
0.3 5.44002
0.3 5.58465
0.3 6.15928
0.4 5.51577
0.4 5.27242
0.4 5.76902
0.5 4.85848
0.5 5.26662
0.5 5.54635
0.6 5.69197
0.6 5.67565
0.6 4.85119
0.7 5.50525
0.7 4.72364
0.7 6.13747
0.8 5.97228
0.8 7.32683
0.8 5.75186
0.9 6.72314
0.9 6.61747
0.9 5.28083
1 8.59602
1 7.68883
1 9.77098
1.1 6.0645
1.1 7.01237
1.1 5.44503
1.2 6.73399
1.2 8.99591
1.2 5.93373
1.3 8.86621
1.3 12.7086
1.3 5.16905
1.4 4.80327
1.4 7.12251
1.4 6.64112
1.5 5.66249
1.5 9.21184
1.5 6.35279
1.6 5.63763
1.6 6.671
1.6 5.5472
1.7 6.19041
1.7 5.04997
1.7 7.16688
1.8 5.20681
1.8 5.06599
1.8 4.80326
1.9 10.0632
1.9 8.14208
1.9 8.54878
2 7.81026
2 7.54238
2 11.1546
2.1 5.21913
2.1 8.42004
2.1 6.75263
2.2 6.98313
2.2 6.78036
2.2 9.95095
2.3 10.1789
2.3 8.39487
2.3 7.8034
2.4 5.76952
2.4 10.9147
2.4 10.2005
2.5 6.40603
2.5 6.1646
2.5 7.40005
2.6 8.22608
2.6 7.52158
2.6 5.90694
2.7 5.47455
2.7 8.15734
2.7 7.37289
2.8 6.26945
2.8 6.76669
2.8 9.95185
2.9 8.84865
2.9 14.271
2.9 7.09858
3 10.3338
3 11.7969
3 15.9775
0.1 5.48539
0.1 6.74329
0.1 6.96471
0.2 6.33554
0.2 5.65425
0.2 5.71033
0.3 8.8685
0.3 5.32716
0.3 5.49701
0.4 4.8337
0.4 6.39467
0.4 5.65825
0.5 5.9733
0.5 5.10964
0.5 5.90473
0.6 5.92898
0.6 5.56812
0.6 5.38985
0.7 5.65495
0.7 7.3738
0.7 6.98387
0.8 5.90452
0.8 6.26981
0.8 6.24187
0.9 5.63093
0.9 7.4548
0.9 5.48552
1 8.72669
1 9.15226
1 6.09721
1.1 4.87378
1.1 7.49884
1.1 4.75651
1.2 5.31219
1.2 5.40814
1.2 4.93207
1.3 8.61149
1.3 6.79945
1.3 8.31492
1.4 5.84156
1.4 5.83513
1.4 5.1228
1.5 5.9112
1.5 8.54095
1.5 5.14147
1.6 5.58146
1.6 6.41481
1.6 5.63741
1.7 5.78379
1.7 5.11277
1.7 5.25049
1.8 6.31538
1.8 10.568
1.8 7.13328
1.9 8.09891
1.9 5.08771
1.9 13.1198
2 9.2474
2 6.38684
2 8.6159
2.1 4.90491
2.1 5.31322
2.1 5.3484
2.2 8.84937
2.2 6.81207
2.2 6.80311
2.3 8.8202
2.3 5.10766
2.3 7.16875
2.4 8.18842
2.4 6.24753
2.4 9.7829
2.5 13.2591
2.5 8.2625
2.5 6.00277
2.6 6.09479
2.6 7.93064
2.6 9.01128
2.7 6.91298
2.7 11.4897
2.7 5.9012
2.8 7.04065
2.8 5.97993
2.8 5.42911
2.9 10.9006
2.9 6.08496
2.9 10.7911
3 6.97507
3 5.63994
3 10.6598
0.1 5.34735
0.1 5.50514
0.1 5.29003
0.2 6.00375
0.2 5.56734
0.2 5.31562
0.3 6.44714
0.3 5.62489
0.3 6.38845
0.4 6.59436
0.4 5.44924
0.4 5.78474
0.5 5.64566
0.5 5.99667
0.5 5.63991
0.6 6.49578
0.6 5.43546
0.6 5.49802
0.7 4.89904
0.7 6.88951
0.7 6.71727
0.8 7.68165
0.8 6.74125
0.8 7.86417
0.9 6.44374
0.9 4.69232
0.9 5.25693
1 5.7549
1 5.97612
1 6.73844
1.1 5.15993
1.1 6.29153
1.1 5.58698
1.2 6.65622
1.2 11.5041
1.2 7.01762
1.3 6.08301
1.3 7.08301
1.3 5.93462
1.4 7.55713
1.4 7.54091
1.4 5.80339
1.5 6.6184
1.5 7.73847
1.5 5.44464
1.6 6.62191
1.6 7.27504
1.6 6.5855
1.7 6.12009
1.7 6.77321
1.7 5.21398
1.8 4.96312
1.8 7.50597
1.8 6.44489
1.9 5.39574
1.9 9.65277
1.9 7.5494
2 6.95976
2 9.70327
2 8.11776
2.1 5.6516
2.1 5.25509
2.1 7.24607
2.2 6.82154
2.2 6.07694
2.2 6.13162
2.3 5.86347
2.3 5.84139
2.3 5.72596
2.4 6.75858
2.4 5.31606
2.4 8.04179
2.5 5.54226
2.5 6.46976
2.5 15.1525
2.6 11.2836
2.6 6.06098
2.6 6.87223
2.7 7.54271
2.7 6.5473
2.7 13.1157
2.8 7.7385
2.8 7.33265
2.8 12.769
2.9 10.4429
2.9 7.45525
2.9 7.97511
3 11.7929
3 9.5894
3 10.7342
0.1 6.13336
0.1 5.33362
0.1 5.83665
0.2 5.61865
0.2 5.28606
0.2 5.38788
0.3 5.20616
0.3 5.64184
0.3 5.16393
0.4 6.44391
0.4 5.06799
0.4 6.51154
0.5 5.9728
0.5 5.53822
0.5 6.85355
0.6 5.70291
0.6 5.68927
0.6 6.72482
0.7 5.13768
0.7 6.29267
0.7 6.95949
0.8 7.53588
0.8 7.53946
0.8 5.19654
0.9 4.69375
0.9 8.31199
0.9 9.26059
1 5.41143
1 5.43171
1 5.71795
1.1 5.35358
1.1 4.92168
1.1 7.33996
1.2 6.86881
1.2 6.29038
1.2 6.14741
1.3 7.77592
1.3 9.45323
1.3 6.85025
1.4 5.35435
1.4 5.94231
1.4 7.19023
1.5 7.76665
1.5 7.93052
1.5 7.40323
1.6 6.37709
1.6 9.67651
1.6 8.84472
1.7 6.52022
1.7 4.95485
1.7 6.01107
1.8 7.05345
1.8 6.38662
1.8 10.8546
1.9 5.27164
1.9 8.21312
1.9 10.6816
2 7.08482
2 9.37929
2 7.98889
2.1 7.15707
2.1 7.87244
2.1 9.88795
2.2 9.0449
2.2 6.88782
2.2 7.26943
2.3 6.47836
2.3 6.09005
2.3 5.79744
2.4 8.756
2.4 8.54337
2.4 7.67115
2.5 5.76729
2.5 5.4294
2.5 7.40956
2.6 15.0998
2.6 11.8648
2.6 5.19909
2.7 6.23599
2.7 7.38011
2.7 8.02895
2.8 6.79594
2.8 6.52946
2.8 6.74261
2.9 12.6122
2.9 6.45633
2.9 10.8551
3 11.6965
3 7.91428
3 13.3853
0.1 6.34789
0.1 6.0088
0.1 5.74048
0.2 5.73616
0.2 4.97998
0.2 5.90968
0.3 6.2313
0.3 5.37467
0.3 6.18416
0.4 7.50687
0.4 6.10843
0.4 5.22672
0.5 5.61066
0.5 5.54793
0.5 6.58923
0.6 5.72393
0.6 6.0501
0.6 6.47383
0.7 9.1798
0.7 4.84351
0.7 6.47869
0.8 5.2967
0.8 10.6579
0.8 5.63794
0.9 8.40997
0.9 7.33882
0.9 6.22278
1 6.42837
1 5.62118
1 9.90333
1.1 6.66293
1.1 5.82625
1.1 8.38483
1.2 8.80096
1.2 4.73279
1.2 13.3691
1.3 8.51096
1.3 9.28077
1.3 6.72367
1.4 6.22349
1.4 6.23259
1.4 5.53438
1.5 8.13606
1.5 5.4499
1.5 6.5363
1.6 6.19293
1.6 6.17072
1.6 6.15016
1.7 6.72974
1.7 5.33658
1.7 7.20155
1.8 7.21277
1.8 6.05471
1.8 9.69035
1.9 10.3875
1.9 6.85211
1.9 9.33237
2 5.9644
2 5.23283
2 5.90165
2.1 6.32061
2.1 6.53587
2.1 5.08692
2.2 6.79088
2.2 5.36476
2.2 13.7417
2.3 5.98046
2.3 10.5157
2.3 7.15898
2.4 8.45599
2.4 8.08628
2.4 8.06632
2.5 6.01234
2.5 6.49245
2.5 7.62836
2.6 7.27584
2.6 6.43769
2.6 11.3624
2.7 8.71832
2.7 7.295
2.7 7.39581
2.8 13.2751
2.8 8.42329
2.8 9.29368
2.9 18.4323
2.9 9.44998
2.9 10.4604
3 5.8677
3 11.4499
3 8.35613
0.1 7.65401
0.1 6.00741
0.1 5.98457
0.2 5.2001
0.2 5.41535
0.2 5.70344
0.3 6.05403
0.3 5.50973
0.3 6.01993
0.4 7.93029
0.4 5.38816
0.4 5.13838
0.5 8.84734
0.5 6.54196
0.5 5.24881
0.6 5.53203
0.6 5.16197
0.6 4.74635
0.7 6.73959
0.7 6.21299
0.7 5.2179
0.8 5.7924
0.8 7.40488
0.8 6.12856
0.9 5.68244
0.9 7.9835
0.9 7.85987
1 5.20072
1 5.84019
1 5.28976
1.1 7.1435
1.1 6.16293
1.1 8.22694
1.2 4.91692
1.2 6.64006
1.2 6.58028
1.3 6.78399
1.3 8.39353
1.3 6.73923
1.4 6.4269
1.4 5.93458
1.4 5.42173
1.5 9.14791
1.5 5.6865
1.5 5.94107
1.6 6.38594
1.6 6.31711
1.6 9.34808
1.7 6.99992
1.7 6.57836
1.7 7.17167
1.8 5.63506
1.8 7.89212
1.8 7.35255
1.9 6.28204
1.9 6.41497
1.9 6.74843
2 6.88963
2 6.19662
2 8.1019
2.1 5.3225
2.1 6.13904
2.1 5.2753
2.2 6.13957
2.2 5.93326
2.2 7.90561
2.3 8.76753
2.3 7.39786
2.3 6.87725
2.4 6.27566
2.4 5.10206
2.4 9.54354
2.5 7.6685
2.5 15.377
2.5 5.80169
2.6 15.8979
2.6 7.08014
2.6 7.5639
2.7 9.11242
2.7 11.6144
2.7 11.1002
2.8 9.31486
2.8 6.72896
2.8 11.7191
2.9 8.13457
2.9 7.11559
2.9 9.09227
3 11.0338
3 6.53796
3 5.73385
0.1 6.92207
0.1 6.18343
0.1 6.85015
0.2 5.84455
0.2 5.79166
0.2 5.80506
0.3 5.17458
0.3 5.11325
0.3 5.96596
0.4 4.72848
0.4 6.99059
0.4 6.44076
0.5 6.39004
0.5 5.36916
0.5 6.08806
0.6 6.23792
0.6 5.80785
0.6 6.5939
0.7 4.80686
0.7 5.14525
0.7 6.49113
0.8 6.46741
0.8 6.35474
0.8 4.76057
0.9 7.23918
0.9 5.1964
0.9 5.07819
1 6.23909
1 6.95807
1 5.72319
1.1 11.3677
1.1 9.10437
1.1 6.04286
1.2 7.51328
1.2 5.95773
1.2 5.86466
1.3 6.50265
1.3 8.33744
1.3 6.90519
1.4 5.29665
1.4 7.13571
1.4 6.03393
1.5 9.8818
1.5 5.85837
1.5 4.75177
1.6 6.71196
1.6 7.52184
1.6 5.76457
1.7 6.21381
1.7 5.15628
1.7 6.36298
1.8 7.53884
1.8 7.86967
1.8 6.71124
1.9 9.10365
1.9 6.42504
1.9 5.68847
2 8.24002
2 8.05301
2 6.52919
2.1 10.2286
2.1 6.48545
2.1 7.7809
2.2 6.60166
2.2 8.68232
2.2 7.26115
2.3 5.93251
2.3 6.60437
2.3 8.65013
2.4 9.87551
2.4 9.1399
2.4 5.74864
2.5 9.82727
2.5 13.1747
2.5 6.64071
2.6 5.98567
2.6 9.44331
2.6 6.17736
2.7 13.17
2.7 9.64739
2.7 6.38581
2.8 12.8603
2.8 7.75655
2.8 7.6535
2.9 4.63842
2.9 6.60062
2.9 10.4628
3 8.8023
3 6.76512
3 17.4166
