0.198231 0.0789331 193
0.0629195 0.0823557 166
0.190555 0.0743002 196
-0.245069 -0.208775 218
0.0990529 -0.0198317 218
-0.151485 -0.414868 218
-0.297608 -0.246943 218
-0.243768 0.0494413 123
0.0198817 -0.0246756 218
0.139215 0.0756955 186
-0.0481687 -0.106556 218
0.0989643 -0.478573 142
-0.119353 0.00947758 164
-0.194038 0.0603959 130
0.0406798 -0.0927589 218
-0.100631 -0.0453559 218
0.0703236 -0.0541205 218
-0.0626207 -0.264664 218
-0.0889562 -0.106713 218
-0.213067 -0.397288 218
-0.149043 -0.0763723 218
0.09864 -0.4809 144
-0.141725 -0.333846 218
-0.225443 -0.441721 218
0.197034 -0.00592531 218
0.110952 -0.0831028 218
-0.237409 -0.30974 218
0.081875 0.0701332 178
