0.297877 0.1754220
0.135503 0.1794150
0.288666 0.1700170
-0.234083 -0.1602370
0.178864 0.06019630
-0.121782 -0.400680
-0.29713 -0.2047670
-0.232521 0.1410150
0.083858 0.05454510
0.227058 0.1716450
0.00219761 -0.04098150
-0.0832236 0.09439050
-0.172845 0.1537950
0.108816 -0.02488540
-0.0607569 0.03041810
0.144388 0.02019270
-0.0151448 -0.2254410
-0.0467474 -0.04116550
-0.195681 -0.3801690
-0.118852 -0.005767740
-0.11007 -0.3061540
-0.210532 -0.4320080
0.296441 0.07642050
0.193142 -0.013620
-0.22489 -0.278030
0.15825 0.1651550
-0.00564658 -0.4758880
0.0981633 -0.1928790
-0.224462 -0.2329090
-0.173875 0.03586180
-0.26927 0.05663990
-0.278135 -0.3691890
-0.0547613 -0.1571650
-0.0252065 -0.188090
-0.00745864 -0.04758090
0.176385 -0.003444620
0.252525 0.02828070
0.123465 -0.02420810
-0.298309 -0.04143140
0.0863766 -0.4167020
-0.0263803 -0.1511450
0.16435 0.1718210
0.0442528 -0.261730
0.226054 -0.09031260
-0.289336 0.02588690
0.192504 -0.145830
0.264044 -0.01064630
-0.0524001 0.1236320
-0.0461009 0.1715040
0.048574 -0.1169490
-0.205165 -0.4029630
-0.161906 -0.3197440
0.185841 0.08850210
-0.100531 0.06999940
-0.120101 -0.3295330
-0.291877 0.1504850
-0.169657 -0.2550110
0.273011 -0.06876870
0.167339 -0.1686980
0.292476 -0.2538380
-0.259443 0.081580
0.176159 -0.09031510
0.0567021 -0.1151930
0.139679 0.1420360
0.11714 -0.2999130
0.107892 0.03004020
-0.0646077 0.02761040
0.0369345 -0.2336880
-0.175159 -0.1025250
0.0164229 -0.4469020
-0.0574749 -0.4622350
-0.0883426 -0.1284420
0.0556943 0.04541710
-0.0861929 0.1538070
-0.207337 -0.1018230
-0.0630551 -0.1714270
-0.0676225 -0.4916690
0.136173 -0.2640140
-0.0668581 -0.3864720
0.256496 0.05599920
-0.0383295 -0.2821490
0.217607 -0.1300270
0.072216 -0.3840460
-0.228272 -0.07861260
-0.0168259 -0.315920
-0.0958682 -0.04214460
0.0179052 -0.01754990
