0.297877 0.175422 0
0.135503 0.179415 0
0.288666 0.170017 0
-0.234083 -0.160237 0
0.178864 0.0601963 0
-0.121782 -0.40068 0
-0.29713 -0.204767 0
-0.232521 0.141015 0
0.083858 0.0545451 0
0.227058 0.171645 0
0.00219761 -0.0409815 0
-0.0832236 0.0943905 0
-0.172845 0.153795 0
0.108816 -0.0248854 0
-0.0607569 0.0304181 0
0.144388 0.0201927 0
-0.0151448 -0.225441 0
-0.0467474 -0.0411655 0
-0.195681 -0.380169 0
-0.118852 -0.00576774 0
-0.11007 -0.306154 0
-0.210532 -0.432008 0
0.296441 0.0764205 0
0.193142 -0.01362 0
-0.22489 -0.27803 0
0.15825 0.165155 0
