0.297877 0.1754220
0.135503 0.1794150
0.288666 0.1700170
-0.234083 -0.1602370
0.178864 0.06019630
-0.121782 -0.400680
-0.29713 -0.2047670
-0.232521 0.1410150
0.083858 0.05454510
0.227058 0.1716450
0.00219761 -0.04098150
-0.0832236 0.09439050
-0.172845 0.1537950
0.108816 -0.02488540
-0.0607569 0.03041810
0.144388 0.02019270
-0.0151448 -0.2254410
-0.0467474 -0.04116550
-0.195681 -0.3801690
-0.118852 -0.005767740
-0.11007 -0.3061540
-0.210532 -0.4320080
0.296441 0.07642050
0.193142 -0.013620
-0.22489 -0.278030
0.15825 0.1651550
