0.297877 0.175422 360
0.297877 0.175422 720
0.297877 0.175422 1080
0.135503 0.179415 360
0.135503 0.179415 720
0.135503 0.179415 1080
0.288666 0.170017 360
0.288666 0.170017 720
0.288666 0.170017 1080
-0.234083 -0.160237 360
-0.234083 -0.160237 720
-0.234083 -0.160237 1080
0.178864 0.0601963 360
0.178864 0.0601963 720
0.178864 0.0601963 1080
-0.121782 -0.40068 0
-0.121782 -0.40068 0
-0.121782 -0.40068 0
-0.29713 -0.204767 360
-0.29713 -0.204767 360
-0.29713 -0.204767 720
-0.232521 0.141015 360
-0.232521 0.141015 720
-0.232521 0.141015 1080
0.083858 0.0545451 360
0.083858 0.0545451 720
0.083858 0.0545451 1080
0.227058 0.171645 360
0.227058 0.171645 720
0.227058 0.171645 1080
0.00219761 -0.0409815 360
0.00219761 -0.0409815 720
0.00219761 -0.0409815 1080
-0.0832236 0.0943905 360
-0.0832236 0.0943905 720
-0.0832236 0.0943905 1080
-0.172845 0.153795 360
-0.172845 0.153795 720
-0.172845 0.153795 1080
0.108816 -0.0248854 360
0.108816 -0.0248854 720
0.108816 -0.0248854 1080
-0.0607569 0.0304181 360
-0.0607569 0.0304181 720
-0.0607569 0.0304181 1080
0.144388 0.0201927 360
0.144388 0.0201927 720
0.144388 0.0201927 1080
-0.0151448 -0.225441 360
-0.0151448 -0.225441 720
-0.0151448 -0.225441 1080
-0.0467474 -0.0411655 360
-0.0467474 -0.0411655 720
-0.0467474 -0.0411655 1080
-0.195681 -0.380169 360
-0.195681 -0.380169 360
-0.195681 -0.380169 360
-0.118852 -0.00576774 360
-0.118852 -0.00576774 720
-0.118852 -0.00576774 1080
-0.11007 -0.306154 360
-0.11007 -0.306154 720
-0.11007 -0.306154 1080
-0.210532 -0.432008 0
-0.210532 -0.432008 0
-0.210532 -0.432008 0
0.296441 0.0764205 360
0.296441 0.0764205 720
0.296441 0.0764205 1080
0.193142 -0.01362 360
0.193142 -0.01362 720
0.193142 -0.01362 1080
-0.22489 -0.27803 360
-0.22489 -0.27803 360
-0.22489 -0.27803 720
0.15825 0.165155 360
0.15825 0.165155 720
0.15825 0.165155 1080
