time	distance	eps	steps
1.409	5.02961	0.02	253
1.209	5.03634	0.02	253
1.356	5.07294	0.02	255
1.034	4.32478	0.02	218
1.261	5.21157	0.02	262
1.173	5.15295	0.02	259
1.107	4.79498	0.02	241
1.423	5.01271	0.02	252
1.192	5.09319	0.02	256
1.476	5.00295	0.02	252
1.301	4.85276	0.02	244
1.071	4.8458	0.02	244
1.88	5.18576	0.02	261
1.493	5.02612	0.02	253
1.236	4.74194	0.02	239
1.159	4.51149	0.02	227
1.553	4.89523	0.02	246
1.509	5.28868	0.02	266
1.163	5.05377	0.02	254
1.342	4.82549	0.02	243
1.641	5.23248	0.02	263
1.253	4.91736	0.02	247
1.159	4.66043	0.02	235
1.431	5.11339	0.02	257
1.147	5.06841	0.02	255
1.01	4.45228	0.02	224
1.335	4.99554	0.02	251
0.955	4.40164	0.02	222
1.716	4.53676	0.02	228
1.524	5.16772	0.02	260
1.1	4.70373	0.02	237
1.41	5.19301	0.02	261
1.378	4.99066	0.02	251
1.353	4.63691	0.02	233
1.47	4.39226	0.02	221
1.801	5.16986	0.02	260
1.624	4.76483	0.02	240
1.329	5.20234	0.02	262
1.421	5.01006	0.02	252
1.609	5.44266	0.02	274
1.232	4.81561	0.04	122
0.629	4.3157	0.04	109
0.6	4.68364	0.04	119
0.543	5.0509	0.04	128
0.551	4.77119	0.04	121
0.571	4.87248	0.04	123
0.895	5.29596	0.04	134
0.476	4.53169	0.04	115
0.536	5.0856	0.04	129
0.763	4.63107	0.04	117
0.518	4.68503	0.04	119
0.563	4.76376	0.04	121
0.661	4.79577	0.04	121
0.658	4.59225	0.04	116
0.692	4.81416	0.04	122
0.737	4.86588	0.04	123
0.916	4.50727	0.04	114
0.649	4.87124	0.04	123
0.694	4.5795	0.04	116
0.862	4.73022	0.04	120
0.65	5.42953	0.04	137
0.556	5.03122	0.04	127
0.804	5.5269	0.04	140
0.704	5.43183	0.04	137
0.427	4.73414	0.04	120
0.921	5.36858	0.04	136
0.537	4.67358	0.04	118
0.823	4.64934	0.04	118
0.573	4.33867	0.04	110
0.592	5.11296	0.04	129
0.554	4.38207	0.04	111
0.519	4.66152	0.04	118
0.43	4.71702	0.04	119
0.681	4.61343	0.04	117
0.509	4.80024	0.04	122
0.882	5.02106	0.04	127
0.788	5.38353	0.04	136
0.858	4.98357	0.04	126
0.55	4.99561	0.04	126
0.607	5.02857	0.04	127
0.306	4.41963	0.06	75
0.438	5.41035	0.06	92
0.273	4.73003	0.06	80
0.548	4.84095	0.06	82
0.459	5.52161	0.06	94
0.372	4.87881	0.06	83
0.588	4.71874	0.06	80
0.304	4.88231	0.06	83
0.46	4.77235	0.06	81
0.473	4.55334	0.06	77
0.483	5.29714	0.06	90
0.669	5.13544	0.06	87
0.571	5.14868	0.06	87
0.497	4.98874	0.06	85
0.37	4.51721	0.06	77
0.335	4.38763	0.06	75
0.376	4.85794	0.06	82
0.353	4.42245	0.06	75
0.279	4.37907	0.06	74
0.288	4.76163	0.06	81
0.33	4.29829	0.06	73
0.686	4.5643	0.06	78
0.673	5.13001	0.06	87
0.437	5.3879	0.06	91
0.538	5.23938	0.06	89
0.378	5.03665	0.06	85
0.51	5.53054	0.06	94
0.727	4.62666	0.06	79
0.34	4.64624	0.06	79
0.343	4.6951	0.06	80
0.522	5.06322	0.06	86
0.48	5.25057	0.06	89
0.437	5.01916	0.06	85
0.388	5.02059	0.06	85
0.484	5.41431	0.06	92
0.538	4.91358	0.06	83
0.46	5.39015	0.06	91
0.443	4.76864	0.06	81
0.475	4.58994	0.06	78
0.59	4.50169	0.06	77
0.47	5.21015	0.08	67
0.374	5.2627	0.08	67
0.452	5.71944	0.08	73
0.397	4.90501	0.08	63
0.339	4.40627	0.08	57
0.348	4.84637	0.08	62
0.49	5.16045	0.08	66
0.327	4.75067	0.08	61
0.288	4.63052	0.08	59
0.281	4.59983	0.08	59
0.309	4.74206	0.08	61
0.198	4.5258	0.08	58
0.448	5.10206	0.08	65
0.27	4.70995	0.08	60
0.242	4.60162	0.08	59
0.306	5.15175	0.08	66
0.469	4.59701	0.08	59
0.412	4.56144	0.08	59
0.324	4.30301	0.08	55
0.371	4.60429	0.08	59
0.366	4.74302	0.08	61
0.444	5.11318	0.08	65
0.284	4.84903	0.08	62
0.315	4.77468	0.08	61
0.328	5.13389	0.08	66
0.314	4.72198	0.08	61
0.346	4.77623	0.08	61
0.347	4.96563	0.08	64
0.258	5.27357	0.08	67
0.205	4.62463	0.08	59
0.557	4.35727	0.08	56
0.321	5.14631	0.08	66
0.403	5.03303	0.08	64
0.616	5.44926	0.08	70
0.287	5.08294	0.08	65
0.357	5.26875	0.08	67
0.442	5.04196	0.08	65
0.264	4.73983	0.08	61
0.42	4.75703	0.08	61
0.395	5.22764	0.08	67
0.505	4.70708	0.1	49
0.407	5.15678	0.1	53
0.279	4.46741	0.1	46
0.34	4.51248	0.1	47
0.452	4.86839	0.1	50
0.599	5.4732	0.1	56
0.283	4.85187	0.1	50
0.355	4.95107	0.1	51
0.219	4.35	0.1	45
0.327	5.04626	0.1	52
0.376	4.73066	0.1	49
0.303	4.70719	0.1	49
0.482	5.31193	0.1	55
0.404	5.90187	0.1	61
0.234	4.35852	0.1	45
0.271	4.3512	0.1	45
0.373	5.16313	0.1	53
0.273	4.34338	0.1	45
0.285	4.84195	0.1	50
0.4	4.73916	0.1	49
0.516	4.73885	0.1	49
0.341	4.67079	0.1	48
0.247	4.357	0.1	45
0.337	4.77258	0.1	49
0.268	4.62278	0.1	48
0.432	5.0725	0.1	52
0.27	4.34737	0.1	45
0.293	4.84293	0.1	50
0.223	4.52423	0.1	47
0.289	4.55435	0.1	47
0.282	4.47526	0.1	46
0.494	4.59345	0.1	47
0.347	4.76959	0.1	49
0.277	4.87067	0.1	50
0.264	4.45771	0.1	46
0.33	4.61997	0.1	48
0.273	4.7915	0.1	49
0.33	5.02037	0.1	52
0.277	4.54105	0.1	47
0.5	4.75269	0.1	49
0.226	4.97071	0.12	43
0.236	4.53969	0.12	39
0.308	4.57051	0.12	40
0.324	4.60397	0.12	40
0.26	4.68542	0.12	41
0.395	5.16808	0.12	45
0.254	4.6176	0.12	40
0.304	5.23436	0.12	45
0.372	5.79149	0.12	50
0.471	5.70432	0.12	49
0.268	5.1318	0.12	44
0.278	4.75565	0.12	41
0.285	5.05602	0.12	44
0.326	4.77417	0.12	41
0.163	4.43453	0.12	38
0.449	5.21741	0.12	45
0.448	5.71759	0.12	49
0.234	4.59766	0.12	40
0.275	4.76178	0.12	41
0.25	4.70303	0.12	41
0.291	4.89514	0.12	42
0.416	4.99249	0.12	43
0.289	5.19318	0.12	45
0.309	4.9094	0.12	42
0.325	4.65269	0.12	40
0.293	4.81751	0.12	42
0.274	4.4581	0.12	39
0.26	4.95832	0.12	43
0.44	5.23689	0.12	45
0.231	4.55167	0.12	39
0.246	4.4401	0.12	39
0.279	4.94288	0.12	43
0.269	4.79229	0.12	41
0.305	4.70972	0.12	41
0.232	4.56709	0.12	40
0.291	5.04311	0.12	44
0.266	4.79056	0.12	41
0.453	4.84547	0.12	42
0.413	5.43932	0.12	47
0.303	5.19406	0.12	45
0.336	4.63601	0.14	35
0.225	4.69264	0.14	35
0.196	4.43368	0.14	33
0.246	4.3534	0.14	33
0.361	4.97335	0.14	37
0.206	4.65772	0.14	35
0.182	4.89037	0.14	36
0.209	4.59674	0.14	34
0.212	4.87821	0.14	36
0.219	4.44824	0.14	33
0.21	4.53231	0.14	34
0.296	4.49825	0.14	34
0.461	5.68845	0.14	42
0.33	5.51377	0.14	41
0.187	4.52733	0.14	34
0.193	4.53084	0.14	34
0.354	4.59562	0.14	34
0.189	4.64542	0.14	35
0.291	4.62652	0.14	35
0.242	4.52157	0.14	34
0.67	4.83141	0.14	36
0.168	4.66371	0.14	35
0.246	4.72688	0.14	35
0.169	4.29355	0.14	32
0.297	5.0478	0.14	38
0.23	4.59499	0.14	34
0.243	4.61892	0.14	34
0.233	4.37002	0.14	33
0.258	4.7547	0.14	35
0.206	4.55798	0.14	34
0.113	4.33738	0.14	32
0.298	4.85517	0.14	36
0.194	4.37829	0.14	33
0.246	5.02318	0.14	37
0.264	4.44488	0.14	33
0.237	5.64898	0.14	42
0.301	5.03191	0.14	37
0.22	4.74697	0.14	35
0.241	4.39467	0.14	33
0.311	5.0047	0.14	37
0.138	4.32208	0.16	29
0.2	4.65108	0.16	31
0.204	5.05739	0.16	33
0.204	4.85804	0.16	32
0.367	6.14674	0.16	40
0.261	4.96532	0.16	33
0.279	5.40242	0.16	35
0.19	4.56233	0.16	30
0.247	4.8814	0.16	32
0.11	4.39766	0.16	29
0.282	6.1969	0.16	40
0.245	5.12784	0.16	34
0.29	4.44889	0.16	29
0.265	4.56055	0.16	30
0.287	5.61265	0.16	37
0.168	4.9875	0.16	33
0.35	5.03347	0.16	33
0.15	4.47194	0.16	29
0.152	4.54325	0.16	30
0.128	4.90503	0.16	32
0.162	4.82411	0.16	32
0.211	4.70379	0.16	31
0.154	4.59564	0.16	30
0.22	4.50339	0.16	30
0.229	4.96568	0.16	33
0.361	5.16364	0.16	34
0.173	4.50061	0.16	30
0.23	5.31512	0.16	35
0.259	5.03933	0.16	33
0.186	4.59859	0.16	30
0.45	6.08938	0.16	40
0.158	4.72808	0.16	31
0.168	4.49686	0.16	30
0.185	4.72224	0.16	31
0.225	5.03855	0.16	33
0.131	4.33122	0.16	29
0.487	6.31934	0.16	41
0.174	4.38827	0.16	29
0.249	4.71407	0.16	31
0.253	5.57583	0.16	36
0.152	4.39753	0.18	26
0.201	5.08328	0.18	30
0.169	5.16026	0.18	30
0.245	4.84462	0.18	28
0.159	4.51758	0.18	27
0.235	4.97477	0.18	29
0.236	5.23992	0.18	31
0.171	4.6563	0.18	27
0.166	4.3214	0.18	26
0.153	4.39721	0.18	26
0.199	4.71154	0.18	28
0.179	4.96847	0.18	29
0.17	4.7505	0.18	28
0.221	4.59708	0.18	27
0.169	4.5151	0.18	27
0.233	4.40692	0.18	26
0.121	4.34239	0.18	26
0.219	4.55669	0.18	27
0.349	5.01258	0.18	29
0.317	6.04948	0.18	35
0.122	4.42336	0.18	26
0.171	4.44113	0.18	26
0.258	4.60191	0.18	27
0.193	4.8546	0.18	28
0.261	4.65982	0.18	27
0.452	6.90138	0.18	40
0.105	4.47214	0.18	26
0.154	4.44631	0.18	26
0.126	4.62995	0.18	27
0.317	4.88979	0.18	29
0.25	4.80403	0.18	28
0.239	5.09036	0.18	30
0.197	5.54912	0.18	32
0.134	4.52942	0.18	27
0.161	4.61027	0.18	27
0.281	6.07156	0.18	35
0.245	4.69062	0.18	28
0.171	4.59902	0.18	27
0.154	4.4011	0.18	26
0.19	5.30675	0.18	31
0.148	4.67885	0.2	25
0.224	5.89333	0.2	31
0.173	4.51896	0.2	24
0.157	4.37145	0.2	23
0.107	4.56929	0.2	24
0.257	5.68344	0.2	30
0.27	4.87034	0.2	26
0.22	5.06102	0.2	27
0.189	5.06202	0.2	27
0.164	5.14615	0.2	27
0.185	4.39021	0.2	23
0.153	4.77879	0.2	25
0.171	4.74185	0.2	25
0.197	5.05687	0.2	27
0.174	4.59994	0.2	24
0.187	4.80256	0.2	26
0.193	5.43179	0.2	29
0.164	4.48556	0.2	24
0.273	5.23553	0.2	28
0.273	4.83351	0.2	26
0.397	5.91328	0.2	31
0.216	4.63419	0.2	25
0.485	6.4189	0.2	34
0.315	6.04634	0.2	32
0.202	4.81684	0.2	26
0.304	5.26555	0.2	28
0.219	4.87642	0.2	26
0.182	4.38347	0.2	23
0.25	4.47814	0.2	24
0.302	5.49084	0.2	29
0.171	4.65382	0.2	25
0.161	4.75321	0.2	25
0.194	4.74604	0.2	25
0.135	4.28415	0.2	23
0.203	4.59386	0.2	24
0.177	4.51798	0.2	24
0.151	4.50548	0.2	24
0.219	4.49463	0.2	24
0.173	4.80817	0.2	26
0.187	4.92318	0.2	26
0.209	5.18666	0.22	25
0.316	4.66445	0.22	23
0.164	4.56133	0.22	22
0.226	4.81892	0.22	23
0.226	5.13691	0.22	25
0.222	4.97117	0.22	24
0.217	4.97671	0.22	24
0.113	4.84933	0.22	24
0.173	4.82517	0.22	23
0.154	5.07354	0.22	25
0.156	4.56737	0.22	22
0.157	5.11139	0.22	25
0.109	4.35201	0.22	21
0.174	4.88547	0.22	24
0.261	4.67988	0.22	23
0.18	4.69897	0.22	23
0.189	4.83208	0.22	23
0.165	4.37075	0.22	21
0.198	4.8572	0.22	24
0.367	5.60344	0.22	27
0.198	4.99516	0.22	24
0.123	4.72934	0.22	23
0.271	5.20635	0.22	25
0.194	4.49018	0.22	22
0.2	5.42128	0.22	26
0.173	4.61192	0.22	22
0.127	4.4223	0.22	22
0.244	4.96529	0.22	24
0.229	4.74617	0.22	23
0.221	4.85017	0.22	24
0.218	5.40415	0.22	26
0.158	4.41362	0.22	22
0.208	4.90035	0.22	24
0.172	4.80475	0.22	23
0.19	4.88162	0.22	24
0.178	4.92772	0.22	24
0.128	4.35147	0.22	21
0.206	4.60511	0.22	22
0.143	4.30725	0.22	21
0.245	5.02985	0.22	24
0.093	4.40083	0.24	20
0.135	4.78265	0.24	21
0.157	4.98772	0.24	22
0.147	4.28505	0.24	19
0.173	4.869	0.24	22
0.527	6.21202	0.24	27
0.115	4.36801	0.24	20
0.209	4.78525	0.24	21
0.232	4.58169	0.24	21
0.143	4.38325	0.24	20
0.201	5.00339	0.24	22
0.151	4.74746	0.24	21
0.174	4.80931	0.24	22
0.14	4.59302	0.24	21
0.167	4.73333	0.24	21
0.437	5.95046	0.24	26
0.18	4.67086	0.24	21
0.123	4.46048	0.24	20
0.289	5.11766	0.24	23
0.271	4.44211	0.24	20
0.246	4.39759	0.24	20
0.235	5.85896	0.24	26
0.137	4.47913	0.24	20
0.22	5.09632	0.24	23
0.157	4.64258	0.24	21
0.241	5.86588	0.24	26
0.245	5.12978	0.24	23
0.287	5.858	0.24	26
0.17	4.76576	0.24	21
0.1	4.59427	0.24	21
0.124	4.64352	0.24	21
0.203	4.50175	0.24	20
0.183	4.81002	0.24	22
0.457	6.42098	0.24	28
0.216	4.68435	0.24	21
0.142	4.47075	0.24	20
0.152	4.75435	0.24	21
0.287	5.1842	0.24	23
0.153	5.29901	0.24	24
0.218	5.15006	0.24	23
0.224	4.70445	0.26	20
0.169	4.82765	0.26	20
0.117	4.29385	0.26	18
0.281	4.85052	0.26	20
0.257	5.50946	0.26	23
0.196	5.17602	0.26	21
0.193	4.66036	0.26	19
0.178	5.15429	0.26	21
0.141	4.4659	0.26	19
0.172	5.57333	0.26	23
0.204	5.06154	0.26	21
0.167	4.84567	0.26	20
0.168	4.72615	0.26	20
0.123	4.46418	0.26	19
0.192	4.695	0.26	20
0.198	5.0077	0.26	21
0.107	4.43966	0.26	19
0.17	5.30334	0.26	22
0.166	4.53203	0.26	19
0.11	4.57045	0.26	19
0.18	4.61064	0.26	19
0.188	4.74639	0.26	20
0.282	5.18062	0.26	21
0.154	4.36185	0.26	18
0.094	4.22166	0.26	18
0.228	4.95916	0.26	21
0.201	5.1804	0.26	21
0.101	4.39898	0.26	18
0.196	4.85784	0.26	20
0.13	4.61942	0.26	19
0.234	5.37732	0.26	22
0.14	4.33972	0.26	18
0.183	4.98557	0.26	21
0.121	4.36804	0.26	18
0.177	4.43843	0.26	19
0.177	4.90022	0.26	20
0.151	4.5511	0.26	19
0.12	4.49756	0.26	19
0.179	5.48946	0.26	23
0.177	4.34068	0.26	18
0.179	4.71387	0.28	18
0.137	4.45535	0.28	17
0.205	5.46013	0.28	21
0.344	7.36016	0.28	28
0.134	4.74626	0.28	18
0.152	4.95084	0.28	19
0.168	4.5969	0.28	18
0.236	5.08242	0.28	20
0.094	4.18743	0.28	16
0.125	4.56724	0.28	18
0.105	4.20725	0.28	17
0.106	4.46412	0.28	17
0.184	4.67669	0.28	18
0.224	5.08247	0.28	20
0.185	5.23861	0.28	20
0.233	5.39625	0.28	21
0.191	4.82953	0.28	19
0.151	4.34607	0.28	17
0.187	5.10219	0.28	20
0.174	5.00158	0.28	19
0.234	5.3188	0.28	20
0.197	4.66579	0.28	18
0.177	4.91458	0.28	19
0.171	4.94731	0.28	19
0.128	4.44868	0.28	17
0.148	4.80308	0.28	19
0.193	4.78535	0.28	19
0.19	5.22387	0.28	20
0.212	5.31502	0.28	20
0.238	4.35304	0.28	17
0.115	4.38193	0.28	17
0.17	4.88621	0.28	19
0.083	4.38511	0.28	17
0.29	5.39283	0.28	21
0.16	4.71882	0.28	18
0.138	4.5616	0.28	18
0.248	5.69946	0.28	22
0.223	5.52931	0.28	21
0.127	4.89446	0.28	19
0.201	4.99796	0.28	19
0.127	5.0216	0.3	18
0.26	5.02404	0.3	18
0.138	4.52051	0.3	17
0.286	4.94276	0.3	18
0.151	4.72853	0.3	17
0.153	4.65813	0.3	17
0.12	4.28329	0.3	16
0.121	4.77102	0.3	17
0.106	4.45452	0.3	16
0.139	4.80833	0.3	18
0.181	5.10499	0.3	19
0.173	4.96958	0.3	18
0.225	6.66143	0.3	24
0.16	4.75953	0.3	17
0.153	4.75663	0.3	17
0.282	5.69327	0.3	20
0.099	4.44846	0.3	16
0.134	4.60954	0.3	17
0.114	4.44446	0.3	16
0.106	4.69276	0.3	17
0.158	4.98367	0.3	18
0.228	5.93423	0.3	21
0.283	6.27711	0.3	22
0.127	4.64703	0.3	17
0.297	5.29152	0.3	19
0.103	4.59029	0.3	17
0.213	5.45215	0.3	20
0.2	4.36951	0.3	16
0.171	4.84268	0.3	18
0.097	4.30074	0.3	16
0.192	5.31638	0.3	19
0.267	4.88809	0.3	18
0.115	4.22228	0.3	16
0.279	5.45293	0.3	20
0.17	5.09142	0.3	18
0.218	5.52893	0.3	20
0.158	4.90042	0.3	18
0.306	5.43921	0.3	20
0.142	4.83082	0.3	18
0.278	4.32259	0.3	16
0.214	5.30601	0.32	18
0.196	5.45851	0.32	19
0.186	4.78059	0.32	16
0.174	5.32289	0.32	18
0.138	4.42627	0.32	15
0.134	4.71213	0.32	16
0.164	4.96429	0.32	17
0.134	4.72515	0.32	16
0.12	4.47693	0.32	15
0.219	4.96792	0.32	17
0.162	5.13227	0.32	18
0.104	4.46508	0.32	15
0.201	5.70942	0.32	19
0.116	4.49285	0.32	16
0.095	4.7307	0.32	16
0.351	6.764	0.32	23
0.114	4.33417	0.32	15
0.14	4.53767	0.32	16
0.147	4.92675	0.32	17
0.2	5.05973	0.32	17
0.1	4.91217	0.32	17
0.247	5.64308	0.32	19
0.141	4.94975	0.32	17
0.243	4.4791	0.32	15
0.238	4.84354	0.32	17
0.249	5.28616	0.32	18
0.175	4.51951	0.32	16
0.181	4.96821	0.32	17
0.127	4.41451	0.32	15
0.148	4.53152	0.32	16
0.102	4.41174	0.32	15
0.136	4.73794	0.32	16
0.187	4.409	0.32	15
0.112	4.66437	0.32	16
0.203	5.44179	0.32	19
0.12	4.48371	0.32	16
0.164	4.22153	0.32	15
0.087	4.41658	0.32	15
0.276	5.47717	0.32	19
0.173	5.23434	0.32	18
0.094	4.4366	0.34	15
0.199	5.6137	0.34	18
0.174	4.90022	0.34	16
0.124	4.54034	0.34	15
0.127	4.41286	0.34	14
0.136	4.67382	0.34	15
0.129	4.60477	0.34	15
0.107	4.36113	0.34	14
0.09	4.54761	0.34	15
0.242	5.76231	0.34	18
0.113	4.54533	0.34	15
0.174	4.9009	0.34	16
0.274	5.21545	0.34	17
0.248	5.69626	0.34	18
0.087	4.49099	0.34	15
0.197	4.84435	0.34	16
0.194	4.66952	0.34	15
0.146	4.70425	0.34	15
0.084	4.5124	0.34	15
0.113	4.51901	0.34	15
0.163	4.37208	0.34	14
0.147	4.6085	0.34	15
0.103	4.3747	0.34	14
0.194	5.58836	0.34	18
0.168	4.80167	0.34	16
0.179	5.55418	0.34	18
0.263	5.27637	0.34	17
0.143	4.35813	0.34	14
0.187	4.88387	0.34	16
0.192	5.15272	0.34	17
0.099	4.33346	0.34	14
0.208	4.67597	0.34	15
0.11	4.43237	0.34	15
0.139	4.74206	0.34	15
0.142	4.60901	0.34	15
0.181	4.52907	0.34	15
0.178	5.25181	0.34	17
0.441	4.84039	0.34	16
0.105	4.57174	0.34	15
0.134	4.59775	0.34	15
0.206	4.92495	0.36	15
0.128	4.17124	0.36	13
0.204	6.25741	0.36	19
0.153	4.97186	0.36	15
0.144	4.85591	0.36	15
0.248	6.22479	0.36	19
0.153	4.98958	0.36	15
0.141	5.0559	0.36	16
0.116	4.45203	0.36	14
0.135	5.064	0.36	16
0.125	4.22558	0.36	13
0.16	4.53878	0.36	14
0.149	4.60126	0.36	14
0.101	4.76942	0.36	15
0.153	4.73344	0.36	15
0.139	4.61714	0.36	14
0.118	4.4179	0.36	14
0.144	4.50714	0.36	14
0.168	5.22795	0.36	16
0.095	4.28084	0.36	13
0.093	4.35915	0.36	14
0.13	4.75003	0.36	15
0.165	4.51267	0.36	14
0.127	4.83085	0.36	15
0.346	5.10312	0.36	16
0.133	4.87373	0.36	15
0.211	4.96354	0.36	15
0.139	4.49245	0.36	14
0.163	5.23727	0.36	16
0.227	5.16807	0.36	16
0.131	4.66915	0.36	14
0.199	5.4606	0.36	17
0.136	4.65738	0.36	14
0.104	4.34329	0.36	14
0.137	4.40875	0.36	14
0.171	4.74349	0.36	15
0.158	4.76197	0.36	15
0.134	4.37237	0.36	14
0.149	5.66913	0.36	17
0.171	4.66412	0.36	14
0.217	4.58176	0.38	14
0.107	4.26669	0.38	13
0.098	4.61373	0.38	14
0.195	5.14123	0.38	15
0.125	4.88983	0.38	14
0.121	4.60815	0.38	14
0.207	5.01498	0.38	15
0.117	4.83791	0.38	14
0.097	4.24303	0.38	13
0.154	5.34041	0.38	16
0.244	6.04881	0.38	17
0.116	4.11038	0.38	12
0.17	5.24324	0.38	15
0.146	4.91481	0.38	14
0.171	5.09087	0.38	15
0.14	4.6499	0.38	14
0.286	6.55858	0.38	19
0.131	4.59679	0.38	14
0.162	4.7408	0.38	14
0.22	5.03966	0.38	15
0.127	4.75654	0.38	14
0.11	4.70818	0.38	14
0.15	4.80007	0.38	14
0.085	4.15393	0.38	12
0.161	4.55824	0.38	13
0.106	4.54498	0.38	13
0.078	4.12173	0.38	12
0.113	4.43795	0.38	13
0.089	4.65295	0.38	14
0.106	4.28127	0.38	13
0.155	4.55517	0.38	13
0.128	4.64654	0.38	14
0.122	4.50557	0.38	13
0.194	5.53567	0.38	16
0.203	5.3542	0.38	16
0.125	4.64158	0.38	14
0.111	4.6315	0.38	14
0.13	4.58371	0.38	14
0.197	4.5673	0.38	14
0.192	4.84679	0.38	14
0.214	6.32649	0.4	17
0.106	4.38701	0.4	12
0.11	4.30836	0.4	12
0.126	4.26144	0.4	12
0.115	4.55321	0.4	13
0.162	5.60936	0.4	16
0.151	5.08272	0.4	14
0.118	5.29216	0.4	15
0.101	4.71552	0.4	13
0.153	5.12338	0.4	14
0.141	4.6785	0.4	13
0.21	5.51427	0.4	15
0.13	5.17182	0.4	14
0.096	4.43808	0.4	13
0.175	4.98407	0.4	14
0.079	4.20229	0.4	12
0.151	4.87164	0.4	14
0.135	4.88761	0.4	14
0.14	4.54562	0.4	13
0.114	4.17882	0.4	12
0.102	4.3734	0.4	12
0.202	5.0546	0.4	14
0.08	4.64061	0.4	13
0.215	5.32398	0.4	15
0.162	5.06811	0.4	14
0.194	6.18565	0.4	17
0.122	4.63961	0.4	13
0.124	4.84782	0.4	14
0.085	4.29415	0.4	12
0.153	4.35487	0.4	12
0.119	4.61405	0.4	13
0.119	4.24666	0.4	12
0.094	4.16952	0.4	12
0.089	4.27594	0.4	12
0.083	4.17415	0.4	12
0.174	4.93189	0.4	14
0.329	4.98268	0.4	14
0.107	4.4143	0.4	13
0.22	5.46406	0.4	15
0.146	4.67982	0.4	13
0.108	4.44253	0.42	12
0.116	4.83654	0.42	13
0.076	4.2668	0.42	12
0.136	5.19097	0.42	14
0.124	4.60101	0.42	12
0.094	4.1408	0.42	11
0.139	4.77461	0.42	13
0.101	4.62022	0.42	13
0.119	4.67984	0.42	13
0.104	4.294	0.42	12
0.098	4.37911	0.42	12
0.101	4.16152	0.42	11
0.114	4.31314	0.42	12
0.16	5.3082	0.42	14
0.11	4.27107	0.42	12
0.147	5.24226	0.42	14
0.115	5.21892	0.42	14
0.101	4.69214	0.42	13
0.119	4.33124	0.42	12
0.109	4.68686	0.42	13
0.091	4.39573	0.42	12
0.088	4.87602	0.42	13
0.161	5.51036	0.42	15
0.078	4.2058	0.42	12
0.093	5.02115	0.42	13
0.227	5.88916	0.42	16
0.087	4.49941	0.42	12
0.146	4.72021	0.42	13
0.113	4.25298	0.42	12
0.172	5.2551	0.42	14
0.093	4.4872	0.42	12
0.102	4.4622	0.42	12
0.174	5.31855	0.42	14
0.258	6.64559	0.42	17
0.144	4.6704	0.42	13
0.166	5.32473	0.42	14
0.184	5.19988	0.42	14
0.094	4.1994	0.42	11
0.085	4.15951	0.42	11
0.109	4.55891	0.42	12
0.083	4.30822	0.44	11
0.066	4.21857	0.44	11
0.103	4.44349	0.44	12
0.17	5.47713	0.44	14
0.192	5.32916	0.44	14
0.119	4.1287	0.44	11
0.148	5.48195	0.44	14
0.12	4.76692	0.44	12
0.134	4.51803	0.44	12
0.151	5.30389	0.44	14
0.153	5.30296	0.44	14
0.163	4.64297	0.44	12
0.148	4.48305	0.44	12
0.165	5.28639	0.44	14
0.166	4.82067	0.44	12
0.135	4.85014	0.44	13
0.08	4.45231	0.44	12
0.125	4.57887	0.44	12
0.141	4.75214	0.44	12
0.081	4.3609	0.44	11
0.07	4.19355	0.44	11
0.077	4.11217	0.44	11
0.14	5.41573	0.44	14
0.075	4.19107	0.44	11
0.154	4.68702	0.44	12
0.18	5.37806	0.44	14
0.092	4.68895	0.44	12
0.206	7.0619	0.44	18
0.195	5.54067	0.44	14
0.067	4.18503	0.44	11
0.198	6.16528	0.44	16
0.171	5.05471	0.44	13
0.099	4.22845	0.44	11
0.097	4.95422	0.44	13
0.076	4.17639	0.44	11
0.086	4.26335	0.44	11
0.12	4.18573	0.44	11
0.202	5.41285	0.44	14
0.119	4.14644	0.44	11
0.081	4.46562	0.44	12
0.095	4.16128	0.46	11
0.472	8.56059	0.46	20
0.251	4.89899	0.46	12
0.097	4.39314	0.46	11
0.105	4.45079	0.46	11
0.094	4.61184	0.46	12
0.096	4.53799	0.46	11
0.175	4.69021	0.46	12
0.165	5.32793	0.46	13
0.193	5.11988	0.46	13
0.106	4.68075	0.46	12
0.196	4.71514	0.46	12
0.147	5.85039	0.46	14
0.165	4.54712	0.46	11
0.09	4.30468	0.46	11
0.187	5.61104	0.46	14
0.106	4.53173	0.46	11
0.106	4.61604	0.46	12
0.174	5.36682	0.46	13
0.085	4.12554	0.46	10
0.143	5.73354	0.46	14
0.161	4.8602	0.46	12
0.132	5.15525	0.46	13
0.16	4.58868	0.46	11
0.092	4.43571	0.46	11
0.073	4.31923	0.46	11
0.106	4.44136	0.46	11
0.082	4.1674	0.46	11
0.099	4.37072	0.46	11
0.179	5.87198	0.46	14
0.117	4.5483	0.46	11
0.116	4.57456	0.46	11
0.123	4.2656	0.46	11
0.158	4.99114	0.46	12
0.159	5.12601	0.46	13
0.121	4.67968	0.46	12
0.251	6.41765	0.46	15
0.178	4.73224	0.46	12
0.104	4.55408	0.46	11
0.134	4.64645	0.46	12
0.229	4.80735	0.48	12
0.136	5.43674	0.48	13
0.079	4.30827	0.48	10
0.207	5.46326	0.48	13
0.162	5.057	0.48	12
0.099	4.40479	0.48	11
0.111	4.7819	0.48	11
0.135	4.92756	0.48	12
0.111	4.57482	0.48	11
0.16	5.14203	0.48	12
0.108	4.96477	0.48	12
0.106	4.53011	0.48	11
0.097	4.47939	0.48	11
0.108	4.41186	0.48	11
0.347	6.91309	0.48	16
0.2	4.71604	0.48	11
0.073	4.16666	0.48	10
0.083	4.28206	0.48	10
0.112	4.61328	0.48	11
0.157	5.14268	0.48	12
0.088	4.40658	0.48	11
0.161	4.68786	0.48	11
0.195	4.87083	0.48	12
0.096	4.27941	0.48	10
0.134	4.4529	0.48	11
0.275	5.13518	0.48	12
0.148	4.68348	0.48	11
0.221	5.47842	0.48	13
0.112	4.65693	0.48	11
0.127	4.72011	0.48	11
0.07	4.15026	0.48	10
0.174	4.35439	0.48	11
0.258	4.90857	0.48	12
0.136	4.84956	0.48	12
0.237	5.09529	0.48	12
0.129	4.31966	0.48	10
0.185	5.43172	0.48	13
0.079	4.13753	0.48	10
0.172	5.2736	0.48	12
0.152	4.95396	0.48	12
0.132	5.13483	0.5	12
0.09	4.27394	0.5	10
0.078	4.10208	0.5	10
0.124	4.31701	0.5	10
0.228	5.22852	0.5	12
0.161	6.42223	0.5	14
0.236	6.5145	0.5	15
0.114	4.25205	0.5	10
0.091	4.22868	0.5	10
0.102	4.64546	0.5	11
0.138	5.36102	0.5	12
0.131	4.62392	0.5	11
0.161	4.71698	0.5	11
0.14	4.71993	0.5	11
0.171	4.62272	0.5	11
0.119	4.64433	0.5	11
0.117	5.05847	0.5	12
0.133	4.62654	0.5	11
0.16	6.06053	0.5	14
0.123	4.78186	0.5	11
0.082	4.2985	0.5	10
0.118	4.72919	0.5	11
0.147	4.95461	0.5	11
0.145	4.63788	0.5	11
0.132	4.22052	0.5	10
0.184	5.61973	0.5	13
0.1	4.41044	0.5	10
0.088	4.41364	0.5	10
0.18	4.24463	0.5	10
0.226	5.82541	0.5	13
0.091	4.84495	0.5	11
0.197	6.05077	0.5	14
0.132	4.65604	0.5	11
0.106	4.61907	0.5	11
0.14	5.58242	0.5	13
0.252	5.42277	0.5	12
0.204	6.11048	0.5	14
0.122	4.57846	0.5	11
0.101	4.8305	0.5	11
0.094	4.19721	0.5	10
0.132	4.732	0.52	11
0.105	4.15072	0.52	9
0.092	4.20075	0.52	10
0.217	5.05501	0.52	11
0.094	4.08254	0.52	9
0.15	5.16421	0.52	11
0.11	4.78176	0.52	11
0.114	4.47827	0.52	10
0.175	6.21712	0.52	13
0.125	4.62377	0.52	10
0.117	4.14496	0.52	9
0.33	5.56514	0.52	12
0.257	7.10615	0.52	15
0.151	5.16816	0.52	11
0.15	4.98158	0.52	11
0.107	4.71483	0.52	11
0.165	5.41898	0.52	12
0.095	4.31274	0.52	10
0.076	4.42344	0.52	10
0.077	4.17464	0.52	10
0.106	4.90054	0.52	11
0.125	4.09699	0.52	9
0.086	4.4641	0.52	10
0.183	5.37303	0.52	12
0.166	4.83432	0.52	11
0.083	4.1918	0.52	10
0.214	6.61923	0.52	14
0.137	4.85467	0.52	11
0.097	4.33094	0.52	10
0.239	5.88952	0.52	13
0.133	4.71469	0.52	11
0.136	4.13755	0.52	9
0.096	4.62689	0.52	10
0.209	4.54712	0.52	10
0.159	4.93942	0.52	11
0.107	4.78622	0.52	11
0.173	4.93689	0.52	11
0.109	5.00461	0.52	11
0.164	4.59078	0.52	10
0.106	4.71304	0.52	11
0.075	4.25526	0.54	9
0.1	4.11766	0.54	9
0.099	4.65343	0.54	10
0.123	4.56158	0.54	10
0.139	4.40833	0.54	10
0.104	4.82194	0.54	10
0.185	5.08308	0.54	11
0.19	5.56665	0.54	12
0.1	4.75277	0.54	10
0.091	4.65529	0.54	10
0.126	5.19399	0.54	11
0.186	5.00984	0.54	11
0.084	4.44997	0.54	10
0.199	6.04242	0.54	13
0.101	4.51471	0.54	10
0.121	4.48654	0.54	10
0.147	4.4992	0.54	10
0.082	4.49302	0.54	10
0.155	5.46854	0.54	12
0.166	4.67342	0.54	10
0.076	4.12343	0.54	9
0.08	4.34868	0.54	10
0.077	4.51078	0.54	10
0.281	6.2289	0.54	13
0.154	5.80437	0.54	12
0.115	4.83162	0.54	10
0.104	4.67216	0.54	10
0.146	5.84399	0.54	12
0.198	5.71155	0.54	12
0.111	4.70592	0.54	10
0.143	4.74216	0.54	10
0.224	6.26944	0.54	13
0.12	5.16212	0.54	11
0.097	4.40207	0.54	10
0.104	4.60713	0.54	10
0.103	4.34169	0.54	10
0.096	4.72995	0.54	10
0.091	4.63831	0.54	10
0.141	4.7731	0.54	10
0.171	6.03924	0.54	13
0.123	4.71203	0.56	10
0.214	4.1489	0.56	9
0.312	6.04707	0.56	12
0.083	4.08359	0.56	9
0.12	4.8322	0.56	10
0.133	4.78668	0.56	10
0.134	5.94807	0.56	12
0.108	4.96015	0.56	10
0.19	4.98992	0.56	10
0.163	4.85557	0.56	10
0.102	4.45437	0.56	9
0.11	4.51145	0.56	10
0.202	5.26645	0.56	11
0.109	4.78204	0.56	10
0.103	4.49932	0.56	10
0.154	5.37687	0.56	11
0.13	4.61977	0.56	10
0.074	4.25319	0.56	9
0.237	6.17555	0.56	13
0.177	5.47411	0.56	11
0.151	4.98001	0.56	10
0.088	4.82222	0.56	10
0.128	4.2481	0.56	9
0.202	5.46545	0.56	11
0.115	4.4308	0.56	9
0.082	4.06922	0.56	9
0.093	4.21813	0.56	9
0.106	4.11961	0.56	9
0.095	4.75719	0.56	10
0.188	4.52345	0.56	10
0.142	5.59425	0.56	11
0.173	4.64438	0.56	10
0.234	5.51328	0.56	11
0.137	4.67557	0.56	10
0.099	4.73444	0.56	10
0.16	4.75303	0.56	10
0.299	5.03889	0.56	10
0.182	4.98054	0.56	10
0.105	4.39851	0.56	9
0.159	5.30446	0.56	11
0.156	5.50274	0.58	11
0.101	4.94685	0.58	10
0.091	4.32297	0.58	9
0.262	5.0655	0.58	10
0.156	5.0134	0.58	10
0.096	4.90899	0.58	10
0.074	4.44763	0.58	9
0.166	4.6443	0.58	10
0.094	4.55918	0.58	9
0.096	4.41113	0.58	9
0.112	4.77558	0.58	10
0.122	4.70597	0.58	10
0.085	4.50009	0.58	9
0.159	4.22404	0.58	9
0.142	5.12304	0.58	10
0.234	5.48478	0.58	11
0.202	4.34836	0.58	9
0.117	4.86741	0.58	10
0.175	6.64212	0.58	13
0.091	4.91753	0.58	10
0.17	4.9256	0.58	10
0.237	4.76197	0.58	10
0.102	4.50573	0.58	9
0.12	4.99598	0.58	10
0.082	4.07169	0.58	9
0.144	4.98281	0.58	10
0.123	4.1826	0.58	9
0.149	4.75967	0.58	10
0.083	4.42126	0.58	9
0.17	6.20591	0.58	12
0.083	4.4466	0.58	9
0.071	4.48971	0.58	9
0.143	4.77641	0.58	10
0.122	4.83286	0.58	10
0.127	4.85902	0.58	10
0.086	4.32033	0.58	9
0.1	4.57134	0.58	9
0.085	4.17885	0.58	9
0.078	4.58213	0.58	9
0.115	4.14599	0.58	9
0.11	4.42509	0.6	9
0.125	4.10641	0.6	8
0.15	4.85237	0.6	10
0.095	4.40555	0.6	9
0.151	5.41947	0.6	11
0.089	4.18611	0.6	8
0.122	5.65292	0.6	11
0.178	4.83302	0.6	10
0.155	5.20687	0.6	10
0.206	4.20344	0.6	9
0.087	4.33037	0.6	9
0.193	5.36508	0.6	10
0.08	4.24716	0.6	9
0.159	4.50833	0.6	9
0.076	4.20542	0.6	9
0.101	4.46917	0.6	9
0.15	5.02256	0.6	10
0.085	4.45112	0.6	9
0.08	4.21902	0.6	9
0.097	4.78091	0.6	9
0.12	4.9077	0.6	10
0.139	4.85225	0.6	10
0.125	4.9342	0.6	10
0.107	4.81868	0.6	10
0.093	4.20061	0.6	9
0.067	4.21993	0.6	9
0.122	4.88566	0.6	10
0.082	4.08598	0.6	8
0.079	4.22735	0.6	9
0.079	4.59985	0.6	9
0.12	4.42537	0.6	9
0.158	5.14046	0.6	10
0.123	4.90409	0.6	10
0.158	4.69278	0.6	9
0.174	5.92125	0.6	11
0.135	4.68213	0.6	9
0.129	4.5652	0.6	9
0.068	4.22516	0.6	9
0.109	4.36582	0.6	9
0.125	5.56401	0.6	11
0.129	4.91305	0.62	9
0.072	4.09283	0.62	8
0.141	5.28149	0.62	10
0.085	4.34834	0.62	9
0.177	4.57156	0.62	9
0.113	4.73465	0.62	9
0.12	4.81845	0.62	9
0.082	4.31474	0.62	8
0.173	6.15552	0.62	11
0.065	4.01961	0.62	8
0.09	4.55422	0.62	9
0.15	4.99688	0.62	10
0.149	5.21106	0.62	10
0.073	4.13509	0.62	8
0.166	4.33516	0.62	8
0.11	4.78757	0.62	9
0.073	4.04112	0.62	8
0.127	4.88933	0.62	9
0.17	4.54466	0.62	9
0.148	4.99266	0.62	10
0.073	4.13756	0.62	8
0.065	4.084	0.62	8
0.075	4.41253	0.62	9
0.106	4.33058	0.62	8
0.072	4.37663	0.62	9
0.155	5.68462	0.62	11
0.131	5.16411	0.62	10
0.074	4.1183	0.62	8
0.098	4.49043	0.62	9
0.135	4.77596	0.62	9
0.131	4.82371	0.62	9
0.097	4.48716	0.62	9
0.115	4.78953	0.62	9
0.103	4.89297	0.62	9
0.102	4.81019	0.62	9
0.1	4.43225	0.62	9
0.145	4.53345	0.62	9
0.121	4.44695	0.62	9
0.075	4.37754	0.62	9
0.086	4.38921	0.62	9
0.398	6.53859	0.64	12
0.075	4.17779	0.64	8
0.105	4.63628	0.64	9
0.154	4.74677	0.64	9
0.072	4.15094	0.64	8
0.167	4.84032	0.64	9
0.07	4.24898	0.64	8
0.073	4.21308	0.64	8
0.125	4.42523	0.64	8
0.158	6.14274	0.64	11
0.08	4.10752	0.64	8
0.342	7.19429	0.64	13
0.166	5.16846	0.64	10
0.143	4.94815	0.64	9
0.081	4.26845	0.64	8
0.114	4.63608	0.64	9
0.107	4.88552	0.64	9
0.146	5.31293	0.64	10
0.086	4.44652	0.64	8
0.095	4.86241	0.64	9
0.158	5.11278	0.64	9
0.117	4.80925	0.64	9
0.172	6.06461	0.64	11
0.164	5.68752	0.64	10
0.124	4.87668	0.64	9
0.121	4.80444	0.64	9
0.077	4.34243	0.64	8
0.126	4.61819	0.64	9
0.076	4.18951	0.64	8
0.091	4.35343	0.64	8
0.131	5.43068	0.64	10
0.249	8.44488	0.64	15
0.111	4.57687	0.64	9
0.097	4.28796	0.64	8
0.121	5.05744	0.64	9
0.129	5.58317	0.64	10
0.142	4.6791	0.64	9
0.097	4.79395	0.64	9
0.114	5.49873	0.64	10
0.111	5.55975	0.64	10
0.142	5.29997	0.66	10
0.089	4.27796	0.66	8
0.094	4.11522	0.66	8
0.073	4.49747	0.66	8
0.076	4.32958	0.66	8
0.14	4.89009	0.66	9
0.173	6.12729	0.66	11
0.083	4.12142	0.66	8
0.191	5.77321	0.66	10
0.082	4.3968	0.66	8
0.249	7.41245	0.66	13
0.076	4.31204	0.66	8
0.085	4.25357	0.66	8
0.124	4.34518	0.66	8
0.138	6.48329	0.66	11
0.111	4.67106	0.66	9
0.101	4.49844	0.66	8
0.118	4.70211	0.66	9
0.116	5.06852	0.66	9
0.081	4.24948	0.66	8
0.074	4.22845	0.66	8
0.08	4.49	0.66	8
0.087	4.33547	0.66	8
0.091	4.35877	0.66	8
0.213	5.37359	0.66	10
0.079	4.38453	0.66	8
0.152	4.83468	0.66	9
0.148	5.11257	0.66	9
0.11	4.88038	0.66	9
0.072	4.21657	0.66	8
0.098	4.34113	0.66	8
0.121	4.79982	0.66	9
0.07	4.21756	0.66	8
0.111	4.94157	0.66	9
0.093	4.49332	0.66	8
0.077	4.35237	0.66	8
0.114	4.53316	0.66	8
0.138	5.40864	0.66	10
0.097	4.30034	0.66	8
0.171	4.73799	0.66	9
0.125	4.70629	0.68	8
0.151	4.94093	0.68	9
0.134	4.86943	0.68	9
0.107	5.02935	0.68	9
0.077	4.41178	0.68	8
0.111	4.75425	0.68	8
0.078	4.13685	0.68	8
0.105	4.73712	0.68	8
0.078	4.39473	0.68	8
0.132	4.54609	0.68	8
0.108	4.27905	0.68	8
0.076	4.17524	0.68	8
0.068	4.17084	0.68	8
0.148	5.44875	0.68	10
0.13	4.813	0.68	9
0.227	5.42037	0.68	9
0.104	4.6173	0.68	8
0.181	5.94763	0.68	10
0.137	4.19	0.68	8
0.119	4.30574	0.68	8
0.105	4.1451	0.68	8
0.159	6.06813	0.68	10
0.077	4.42279	0.68	8
0.076	4.14789	0.68	8
0.162	4.80437	0.68	9
0.124	4.87963	0.68	9
0.163	5.85595	0.68	10
0.104	4.73222	0.68	8
0.165	4.5668	0.68	8
0.072	4.31398	0.68	8
0.074	4.21155	0.68	8
0.166	5.29601	0.68	9
0.117	4.90237	0.68	9
0.098	4.28793	0.68	8
0.074	4.31925	0.68	8
0.104	4.92768	0.68	9
0.109	5.08741	0.68	9
0.072	4.08121	0.68	8
0.09	4.17424	0.68	8
0.096	4.57139	0.68	8
0.096	4.2976	0.7	8
0.164	4.352	0.7	8
0.122	4.73321	0.7	8
0.077	4.44208	0.7	8
0.103	4.53755	0.7	8
0.101	4.50658	0.7	8
0.118	4.49289	0.7	8
0.096	4.7531	0.7	8
0.095	5.08078	0.7	9
0.141	4.96825	0.7	9
0.07	4.24345	0.7	8
0.093	4.21091	0.7	8
0.115	4.71451	0.7	8
0.088	4.40474	0.7	8
0.084	4.47213	0.7	8
0.089	5.25568	0.7	9
0.08	4.5705	0.7	8
0.101	5.00658	0.7	9
0.117	5.71302	0.7	10
0.077	4.38299	0.7	8
0.109	4.50552	0.7	8
0.173	4.91078	0.7	9
0.1	5.04556	0.7	9
0.187	6.13557	0.7	10
0.079	4.10314	0.7	7
0.109	4.87525	0.7	8
0.129	5.85469	0.7	10
0.177	5.62631	0.7	10
0.078	4.90312	0.7	9
0.129	5.14303	0.7	9
0.177	6.86209	0.7	11
0.105	5.48709	0.7	9
0.154	6.24365	0.7	10
0.081	4.10037	0.7	7
0.075	4.21924	0.7	8
0.082	4.49778	0.7	8
0.175	5.63509	0.7	10
0.112	5.0565	0.7	9
0.226	5.39389	0.7	9
0.08	4.38918	0.7	8
0.068	4.29606	0.72	7
0.077	4.26597	0.72	7
0.099	4.48263	0.72	8
0.135	5.02251	0.72	8
0.121	5.09737	0.72	9
0.07	4.23999	0.72	7
0.082	4.46006	0.72	8
0.062	4.10105	0.72	7
0.134	4.94059	0.72	8
0.151	6.66069	0.72	11
0.084	4.28047	0.72	7
0.081	4.17814	0.72	7
0.141	5.5177	0.72	9
0.17	4.81127	0.72	8
0.137	5.04656	0.72	9
0.167	5.19107	0.72	9
0.13	5.21235	0.72	9
0.149	4.45007	0.72	8
0.149	5.23373	0.72	9
0.123	5.24491	0.72	9
0.085	4.1902	0.72	7
0.137	6.6406	0.72	11
0.105	4.73688	0.72	8
0.107	4.17912	0.72	7
0.104	4.53307	0.72	8
0.068	4.21825	0.72	7
0.143	4.8786	0.72	8
0.093	4.37799	0.72	8
0.088	4.1125	0.72	7
0.15	4.87865	0.72	8
0.206	5.30938	0.72	9
0.31	4.91645	0.72	8
0.089	4.6457	0.72	8
0.238	5.97716	0.72	10
0.117	5.01826	0.72	8
0.075	4.18518	0.72	7
0.076	4.33078	0.72	8
0.099	4.25	0.72	7
0.167	5.22018	0.72	9
0.091	4.60818	0.72	8
0.072	4.12106	0.74	7
0.076	4.24838	0.74	7
0.098	4.59451	0.74	8
0.116	5.08426	0.74	8
0.106	4.72763	0.74	8
0.204	6.90567	0.74	11
0.11	4.90902	0.74	8
0.07	4.28695	0.74	7
0.07	4.29986	0.74	7
0.152	6.00223	0.74	10
0.13	4.80257	0.74	8
0.081	4.42482	0.74	7
0.127	5.21757	0.74	9
0.088	4.93828	0.74	8
0.075	4.28142	0.74	7
0.063	4.09352	0.74	7
0.076	4.31284	0.74	7
0.089	4.46219	0.74	8
0.089	4.46378	0.74	8
0.098	4.47097	0.74	8
0.132	4.98981	0.74	8
0.132	5.22313	0.74	9
0.186	6.84784	0.74	11
0.081	4.42844	0.74	7
0.174	5.51937	0.74	9
0.088	4.30128	0.74	7
0.137	4.92587	0.74	8
0.13	5.06087	0.74	8
0.101	4.16172	0.74	7
0.084	4.41635	0.74	7
0.139	5.22787	0.74	9
0.063	4.13462	0.74	7
0.093	4.52684	0.74	8
0.139	4.92195	0.74	8
0.136	6.49031	0.74	10
0.367	6.39678	0.74	10
0.07	4.17704	0.74	7
0.118	4.85212	0.74	8
0.135	5.48064	0.74	9
0.103	4.09445	0.74	7
0.165	5.2479	0.76	8
0.131	4.30348	0.76	7
0.099	4.33732	0.76	7
0.143	4.76713	0.76	8
0.083	4.25542	0.76	7
0.087	4.60876	0.76	8
0.144	4.24981	0.76	7
0.175	5.10075	0.76	8
0.139	5.61232	0.76	9
0.068	4.20361	0.76	7
0.094	4.89258	0.76	8
0.129	4.53476	0.76	7
0.268	8.18484	0.76	12
0.085	4.30938	0.76	7
0.151	5.82223	0.76	9
0.12	4.85446	0.76	8
0.089	4.14937	0.76	7
0.115	4.29387	0.76	7
0.137	6.32747	0.76	10
0.207	4.45221	0.76	7
0.136	6.02285	0.76	9
0.074	4.25817	0.76	7
0.234	7.24484	0.76	11
0.144	4.8657	0.76	8
0.075	4.28669	0.76	7
0.112	5.11531	0.76	8
0.091	5.12654	0.76	8
0.404	5.23587	0.76	8
0.106	4.49482	0.76	7
0.072	4.2891	0.76	7
0.137	5.13513	0.76	8
0.132	4.98009	0.76	8
0.085	4.48211	0.76	7
0.108	4.33588	0.76	7
0.087	4.45738	0.76	7
0.069	4.12377	0.76	7
0.201	4.25405	0.76	7
0.123	4.72579	0.76	8
0.081	4.35104	0.76	7
0.093	4.63155	0.76	8
0.121	4.58193	0.78	7
0.087	4.55773	0.78	7
0.113	4.2	0.78	7
0.08	4.46524	0.78	7
0.095	4.24298	0.78	7
0.104	5.7571	0.78	9
0.098	4.84857	0.78	8
0.169	6.45267	0.78	10
0.13	4.73473	0.78	8
0.103	4.19581	0.78	7
0.13	5.14281	0.78	8
0.126	5.04542	0.78	8
0.182	6.23395	0.78	9
0.066	4.284	0.78	7
0.107	6.01062	0.78	9
0.074	4.2105	0.78	7
0.084	4.60058	0.78	7
0.101	4.60599	0.78	7
0.203	6.74604	0.78	10
0.085	4.13533	0.78	7
0.084	4.34617	0.78	7
0.083	4.41208	0.78	7
0.09	4.47299	0.78	7
0.152	4.59884	0.78	7
0.107	4.30205	0.78	7
0.081	4.58988	0.78	7
0.072	4.33263	0.78	7
0.152	5.79517	0.78	9
0.075	4.22743	0.78	7
0.096	5.04308	0.78	8
0.076	4.39662	0.78	7
0.293	5.58291	0.78	9
0.141	4.29771	0.78	7
0.085	4.85923	0.78	8
0.173	6.31463	0.78	10
0.112	4.95578	0.78	8
0.103	5.72434	0.78	9
0.134	4.88201	0.78	8
0.203	8.34182	0.78	12
0.168	5.0743	0.78	8
0.116	4.40931	0.8	7
0.091	4.77919	0.8	7
0.094	4.55046	0.8	7
0.113	5.15818	0.8	8
0.077	4.15567	0.8	7
0.071	4.31063	0.8	7
0.137	5.29839	0.8	8
0.076	4.67989	0.8	7
0.136	5.22493	0.8	8
0.162	5.68351	0.8	9
0.1	4.76206	0.8	7
0.173	5.75175	0.8	9
0.141	4.92728	0.8	8
0.093	4.3883	0.8	7
0.154	6.10152	0.8	9
0.19	5.51867	0.8	8
0.137	4.83731	0.8	8
0.12	5.30363	0.8	8
0.15	4.79978	0.8	7
0.08	4.44009	0.8	7
0.168	4.66066	0.8	7
0.19	4.79621	0.8	7
0.081	4.2754	0.8	7
0.156	5.6144	0.8	9
0.146	5.35669	0.8	8
0.122	4.69701	0.8	7
0.073	4.30935	0.8	7
0.232	5.4594	0.8	8
0.08	4.2023	0.8	7
0.109	4.94816	0.8	8
0.084	4.54034	0.8	7
0.084	4.08951	0.8	7
0.076	4.20471	0.8	7
0.129	5.35135	0.8	8
0.154	5.65527	0.8	9
0.145	4.45915	0.8	7
0.138	5.16626	0.8	8
0.1	4.65615	0.8	7
0.112	4.49888	0.8	7
0.126	4.98843	0.8	8
0.089	4.66535	0.82	7
0.076	4.34469	0.82	7
0.178	5.3047	0.82	8
0.139	6.53446	0.82	9
0.092	4.37263	0.82	7
0.076	4.37007	0.82	7
0.083	4.42219	0.82	7
0.076	4.26975	0.82	7
0.072	4.19851	0.82	7
0.081	4.36434	0.82	7
0.104	5.04367	0.82	8
0.142	5.44495	0.82	8
0.117	4.55357	0.82	7
0.093	5.04472	0.82	8
0.08	4.62479	0.82	7
0.087	4.94089	0.82	8
0.151	4.83869	0.82	7
0.13	5.00546	0.82	8
0.07	4.16767	0.82	7
0.083	4.6994	0.82	7
0.154	6.06648	0.82	9
0.109	4.15844	0.82	7
0.175	4.64114	0.82	7
0.134	4.31542	0.82	7
0.178	5.01134	0.82	8
0.118	5.04747	0.82	8
0.079	4.44663	0.82	7
0.137	5.34857	0.82	8
0.082	4.81148	0.82	7
0.184	5.79163	0.82	9
0.11	5.01086	0.82	8
0.08	4.21381	0.82	7
0.135	5.78978	0.82	9
0.107	4.27215	0.82	7
0.11	5.27925	0.82	8
0.074	4.32982	0.82	7
0.086	4.41536	0.82	7
0.077	4.11012	0.82	7
0.08	4.48359	0.82	7
0.089	4.23693	0.82	7
0.079	4.19697	0.84	6
0.063	4.26634	0.84	7
0.247	8.43675	0.84	12
0.093	4.19844	0.84	6
0.177	7.22078	0.84	10
0.177	6.18424	0.84	9
0.097	4.78355	0.84	7
0.067	4.31953	0.84	7
0.099	4.41391	0.84	7
0.122	5.23441	0.84	8
0.079	4.1848	0.84	6
0.107	4.66581	0.84	7
0.106	4.25203	0.84	7
0.125	4.39628	0.84	7
0.088	4.64431	0.84	7
0.101	4.20804	0.84	7
0.135	4.6417	0.84	7
0.091	4.90722	0.84	7
0.068	4.22186	0.84	7
0.097	4.66365	0.84	7
0.183	4.41681	0.84	7
0.187	5.04689	0.84	8
0.075	4.4064	0.84	7
0.094	4.62263	0.84	7
0.157	4.65838	0.84	7
0.073	4.27282	0.84	7
0.066	4.13896	0.84	6
0.069	4.32282	0.84	7
0.104	4.47492	0.84	7
0.068	4.2179	0.84	7
0.075	4.16154	0.84	6
0.092	4.29184	0.84	7
0.121	4.63926	0.84	7
0.109	4.44958	0.84	7
0.083	4.19293	0.84	6
0.078	4.30243	0.84	7
0.081	4.21131	0.84	7
0.082	4.51466	0.84	7
0.118	5.3178	0.84	8
0.082	4.5073	0.84	7
0.102	5.25578	0.86	8
0.099	4.2799	0.86	6
0.086	5.19944	0.86	8
0.072	4.21612	0.86	6
0.126	4.96459	0.86	7
0.129	4.8759	0.86	7
0.076	4.15181	0.86	6
0.09	4.48575	0.86	7
0.076	4.108	0.86	6
0.089	4.61114	0.86	7
0.153	4.24936	0.86	6
0.084	4.22661	0.86	6
0.143	5.4413	0.86	8
0.076	4.23668	0.86	6
0.099	4.46795	0.86	7
0.086	4.24256	0.86	6
0.148	6.1659	0.86	9
0.103	4.38913	0.86	7
0.074	4.10887	0.86	6
0.135	4.77015	0.86	7
0.083	4.42586	0.86	7
0.13	5.06209	0.86	7
0.065	4.19359	0.86	6
0.082	4.35331	0.86	7
0.141	5.1104	0.86	7
0.083	4.68472	0.86	7
0.127	4.19468	0.86	6
0.093	4.43411	0.86	7
0.094	4.40785	0.86	7
0.118	5.00973	0.86	7
0.209	5.11165	0.86	7
0.079	4.46336	0.86	7
0.094	4.18573	0.86	6
0.105	4.37559	0.86	7
0.091	4.73734	0.86	7
0.115	5.2414	0.86	8
0.09	4.76731	0.86	7
0.079	4.45689	0.86	7
0.069	4.17893	0.86	6
0.129	4.1754	0.86	6
0.175	4.27008	0.88	6
0.082	4.17692	0.88	6
0.149	6.19043	0.88	9
0.092	4.46581	0.88	7
0.09	4.82906	0.88	7
0.111	4.73137	0.88	7
0.08	4.46784	0.88	7
0.071	4.26804	0.88	6
0.073	4.21441	0.88	6
0.079	4.34816	0.88	6
0.065	4.4203	0.88	7
0.118	6.04533	0.88	8
0.226	6.87736	0.88	9
0.085	4.83183	0.88	7
0.117	6.02865	0.88	8
0.076	4.17187	0.88	6
0.069	4.40223	0.88	7
0.106	4.94008	0.88	7
0.128	5.06438	0.88	7
0.135	5.81774	0.88	8
0.118	4.34497	0.88	6
0.132	4.56708	0.88	7
0.105	4.57864	0.88	7
0.149	5.43926	0.88	8
0.083	4.2453	0.88	6
0.217	6.12268	0.88	8
0.112	5.02955	0.88	7
0.085	4.21026	0.88	6
0.104	5.47499	0.88	8
0.077	4.14967	0.88	6
0.192	6.46002	0.88	9
0.143	4.29742	0.88	6
0.137	4.16207	0.88	6
0.107	4.11116	0.88	6
0.131	4.66274	0.88	7
0.244	6.97663	0.88	9
0.259	8.4429	0.88	11
0.14	4.50068	0.88	7
0.065	4.26057	0.88	6
0.091	4.13548	0.88	6
0.096	4.58262	0.9	7
0.104	4.49856	0.9	6
0.085	4.97464	0.9	7
0.081	4.47316	0.9	6
0.115	5.84492	0.9	8
0.082	4.54449	0.9	7
0.072	4.2709	0.9	6
0.069	4.26996	0.9	6
0.16	5.26955	0.9	7
0.117	5.7737	0.9	8
0.088	4.93933	0.9	7
0.194	5.6867	0.9	8
0.095	5.18265	0.9	7
0.16	5.70674	0.9	8
0.082	4.98325	0.9	7
0.072	4.37596	0.9	6
0.118	4.31979	0.9	6
0.088	4.69088	0.9	7
0.124	5.15461	0.9	7
0.071	4.1391	0.9	6
0.109	4.57396	0.9	7
0.12	4.92557	0.9	7
0.17	4.51185	0.9	7
0.075	4.38494	0.9	6
0.142	5.55427	0.9	8
0.103	5.62642	0.9	8
0.134	5.34147	0.9	7
0.132	4.17342	0.9	6
0.152	5.7966	0.9	8
0.082	4.23229	0.9	6
0.139	5.94937	0.9	8
0.102	5.35647	0.9	7
0.258	4.74422	0.9	7
0.076	4.45028	0.9	6
0.072	4.31583	0.9	6
0.105	4.54928	0.9	7
0.074	4.39386	0.9	6
0.078	4.25847	0.9	6
0.121	4.30725	0.9	6
0.078	4.75252	0.9	7
0.093	4.88865	0.92	7
0.091	4.35102	0.92	6
0.105	5.36205	0.92	7
0.088	4.74804	0.92	7
0.077	4.36083	0.92	6
0.072	4.26792	0.92	6
0.123	4.73979	0.92	7
0.093	4.30283	0.92	6
0.162	4.82473	0.92	7
0.116	4.36551	0.92	6
0.078	4.392	0.92	6
0.178	5.92978	0.92	8
0.113	5.23007	0.92	7
0.078	4.23168	0.92	6
0.077	4.41581	0.92	6
0.196	5.03098	0.92	7
0.088	4.84358	0.92	7
0.089	4.5049	0.92	6
0.153	4.15677	0.92	6
0.108	4.51415	0.92	6
0.078	4.44728	0.92	6
0.079	4.19781	0.92	6
0.081	4.26531	0.92	6
0.077	4.35172	0.92	6
0.126	4.91582	0.92	7
0.123	4.10877	0.92	6
0.09	4.37085	0.92	6
0.1	4.74734	0.92	7
0.091	4.89063	0.92	7
0.076	4.2469	0.92	6
0.081	4.33232	0.92	6
0.094	4.20798	0.92	6
0.074	4.48763	0.92	6
0.091	4.56055	0.92	6
0.139	5.50056	0.92	7
0.124	4.35384	0.92	6
0.192	5.87886	0.92	8
0.082	4.55261	0.92	6
0.191	6.22296	0.92	8
0.069	4.08708	0.92	6
0.074	4.47962	0.94	6
0.13	6.0595	0.94	8
0.175	5.84481	0.94	8
0.107	5.17357	0.94	7
0.078	4.13411	0.94	6
0.103	4.33286	0.94	6
0.148	9.03694	0.94	11
0.085	4.58605	0.94	6
0.117	5.61963	0.94	7
0.083	4.25531	0.94	6
0.096	4.51987	0.94	6
0.083	4.2424	0.94	6
0.101	4.24362	0.94	6
0.093	4.54316	0.94	6
0.079	4.05512	0.94	6
0.086	4.26468	0.94	6
0.13	4.56228	0.94	6
0.102	4.3955	0.94	6
0.103	4.55055	0.94	6
0.091	4.94163	0.94	7
0.187	6.30289	0.94	8
0.142	6.42169	0.94	8
0.088	4.55911	0.94	6
0.227	9.0003	0.94	11
0.104	4.47099	0.94	6
0.179	5.66055	0.94	8
0.074	4.26059	0.94	6
0.074	4.47206	0.94	6
0.145	5.53288	0.94	7
0.122	4.31911	0.94	6
0.081	4.34111	0.94	6
0.098	4.85124	0.94	7
0.074	4.16649	0.94	6
0.112	4.41265	0.94	6
0.099	4.82814	0.94	7
0.126	6.20973	0.94	8
0.09	4.17872	0.94	6
0.109	4.23416	0.94	6
0.139	6.86974	0.94	9
0.084	4.2151	0.94	6
0.076	4.29251	0.96	6
0.078	4.49884	0.96	6
0.196	5.02521	0.96	7
0.083	4.35594	0.96	6
0.104	5.2579	0.96	7
0.176	5.45059	0.96	7
0.075	4.3511	0.96	6
0.118	4.61676	0.96	6
0.08	4.41962	0.96	6
0.125	5.36492	0.96	7
0.127	5.05511	0.96	7
0.084	4.36903	0.96	6
0.107	4.71767	0.96	6
0.082	4.51121	0.96	6
0.127	4.97543	0.96	7
0.136	5.3765	0.96	7
0.074	4.08095	0.96	6
0.153	5.836	0.96	8
0.101	4.33473	0.96	6
0.134	4.68321	0.96	6
0.144	6.06047	0.96	8
0.083	4.54259	0.96	6
0.084	4.46079	0.96	6
0.079	4.64755	0.96	6
0.085	4.83395	0.96	7
0.122	4.95532	0.96	7
0.116	5.21724	0.96	7
0.099	4.4776	0.96	6
0.079	4.40642	0.96	6
0.147	5.91121	0.96	8
0.129	6.07913	0.96	8
0.092	4.28546	0.96	6
0.092	4.55612	0.96	6
0.077	4.15914	0.96	6
0.084	4.63415	0.96	6
0.091	4.58593	0.96	6
0.088	4.46345	0.96	6
0.095	4.57114	0.96	6
0.145	5.4839	0.96	7
0.084	4.66498	0.96	6
0.084	4.61976	0.98	6
0.079	4.42663	0.98	6
0.072	4.25122	0.98	6
0.123	5.13987	0.98	7
0.094	4.79602	0.98	6
0.127	4.43412	0.98	6
0.113	4.37785	0.98	6
0.087	4.43667	0.98	6
0.087	4.48537	0.98	6
0.1	5.16339	0.98	7
0.115	5.34243	0.98	7
0.145	4.42377	0.98	6
0.088	4.51432	0.98	6
0.092	4.46873	0.98	6
0.148	4.62964	0.98	6
0.113	4.19009	0.98	6
0.169	4.17768	0.98	6
0.075	4.4349	0.98	6
0.077	4.36071	0.98	6
0.074	4.07109	0.98	6
0.078	4.37387	0.98	6
0.086	4.4448	0.98	6
0.106	4.34513	0.98	6
0.15	4.30889	0.98	6
0.086	4.30159	0.98	6
0.112	5.29112	0.98	7
0.119	5.52841	0.98	7
0.1	4.18051	0.98	6
0.29	4.65041	0.98	6
0.08	4.42926	0.98	6
0.175	7.20758	0.98	9
0.174	5.99532	0.98	8
0.129	4.81253	0.98	6
0.067	4.26156	0.98	6
0.136	4.10073	0.98	6
0.098	4.09427	0.98	6
0.084	4.3041	0.98	6
0.088	4.52648	0.98	6
0.084	4.56152	0.98	6
0.081	4.19138	0.98	6
