1 0.000203673 -0.000203549 0.108884
0.000203549 -1 -0.000611061 0.485489
-0.000203673 0.00061102 -1 0.331983
0 0 0 1
0.99988 -0.0155057 -0.0002067 0.105296
-0.0155058 -0.99988 -0.000604638 0.485374
-0.000197299 0.000607771 -1 0.331163
0 0 0 1
0.999513 -0.0312113 -0.000209749 0.101707
-0.0312114 -0.999513 -0.000598167 0.485259
-0.000190978 0.000604422 -1 0.330344
0 0 0 1
0.998899 -0.0469091 -0.000212697 0.0981179
-0.0469092 -0.998899 -0.000591649 0.485144
-0.000184709 0.000600975 -1 0.329524
0 0 0 1
0.998039 -0.0625954 -0.000215542 0.094529
-0.0625955 -0.998039 -0.000585085 0.485029
-0.000178496 0.000597429 -1 0.328704
0 0 0 1
0.996932 -0.0782662 -0.000218283 0.0909402
-0.0782663 -0.996932 -0.000578477 0.484914
-0.000172338 0.000593786 -1 0.327884
0 0 0 1
0.99558 -0.0939177 -0.000220921 0.0873514
-0.0939178 -0.99558 -0.000571827 0.484799
-0.000166239 0.000590047 -1 0.327064
0 0 0 1
0.993982 -0.109546 -0.000223453 0.0837625
-0.109546 -0.993982 -0.000565136 0.484684
-0.0001602 0.000586213 -1 0.326244
0 0 0 1
0.992138 -0.125147 -0.00022588 0.0801737
-0.125147 -0.992138 -0.000558406 0.48457
-0.000154221 0.000582284 -1 0.325425
0 0 0 1
0.99005 -0.140718 -0.000228201 0.0765848
-0.140718 -0.99005 -0.000551639 0.484455
-0.000148305 0.000578262 -1 0.324605
0 0 0 1
0.987717 -0.156253 -0.000230415 0.072996
-0.156253 -0.987717 -0.000544837 0.48434
-0.000142453 0.000574148 -1 0.323785
0 0 0 1
0.98514 -0.171751 -0.000232523 0.0694071
-0.171751 -0.98514 -0.000538 0.484225
-0.000136666 0.000569942 -1 0.322965
0 0 0 1
0.982321 -0.187205 -0.000234522 0.0658183
-0.187205 -0.982321 -0.000531131 0.48411
-0.000130946 0.000565645 -1 0.322145
0 0 0 1
0.979259 -0.202614 -0.000236414 0.0622295
-0.202614 -0.979259 -0.000524232 0.483995
-0.000125294 0.000561259 -1 0.321325
0 0 0 1
0.975955 -0.217972 -0.000238197 0.0586406
-0.217972 -0.975955 -0.000517304 0.48388
-0.000119711 0.000556785 -1 0.320506
0 0 0 1
0.97241 -0.233277 -0.000239871 0.0550518
-0.233277 -0.97241 -0.000510348 0.483765
-0.0001142 0.000552224 -1 0.319686
0 0 0 1
0.968626 -0.248524 -0.000241435 0.0514629
-0.248524 -0.968626 -0.000503367 0.48365
-0.000108761 0.000547577 -1 0.318866
0 0 0 1
0.964602 -0.26371 -0.000242889 0.0478741
-0.26371 -0.964602 -0.000496363 0.483536
-0.000103396 0.000542845 -1 0.318046
0 0 0 1
0.96034 -0.278831 -0.000244234 0.0442852
-0.278831 -0.96034 -0.000489336 0.483421
-9.81053e-05 0.000538029 -1 0.317226
0 0 0 1
0.955841 -0.293883 -0.000245467 0.0406964
-0.293883 -0.955841 -0.00048229 0.483306
-9.28913e-05 0.000533131 -1 0.316406
0 0 0 1
0.951107 -0.308862 -0.00024659 0.0371075
-0.308862 -0.951107 -0.000475224 0.483191
-8.77548e-05 0.000528151 -1 0.315587
0 0 0 1
0.946137 -0.323765 -0.000247602 0.0335187
-0.323765 -0.946137 -0.000468142 0.483076
-8.26972e-05 0.000523092 -1 0.314767
0 0 0 1
0.940935 -0.338588 -0.000248502 0.0299298
-0.338589 -0.940934 -0.000461045 0.482961
-7.77198e-05 0.000517953 -1 0.313947
0 0 0 1
0.935499 -0.353328 -0.000249291 0.026341
-0.353328 -0.935499 -0.000453935 0.482846
-7.28236e-05 0.000512737 -1 0.313127
0 0 0 1
0.929833 -0.367981 -0.000249968 0.0227521
-0.367981 -0.929833 -0.000446813 0.482731
-6.801e-05 0.000507445 -1 0.312307
0 0 0 1
0.923938 -0.382542 -0.000250533 0.0191633
-0.382542 -0.923938 -0.000439681 0.482616
-6.32802e-05 0.000502078 -1 0.311487
0 0 0 1
0.917814 -0.39701 -0.000250986 0.0155745
-0.39701 -0.917814 -0.000432542 0.482502
-5.86352e-05 0.000496637 -1 0.310668
0 0 0 1
0.911464 -0.411379 -0.000251326 0.0119856
-0.411379 -0.911464 -0.000425396 0.482387
-5.40763e-05 0.000491124 -1 0.309848
0 0 0 1
0.904889 -0.425647 -0.000251555 0.00839678
-0.425647 -0.904889 -0.000418246 0.482272
-4.96045e-05 0.000485539 -1 0.309028
0 0 0 1
0.898091 -0.439809 -0.000251671 0.00480794
-0.439809 -0.898091 -0.000411093 0.482157
-4.52211e-05 0.000479886 -1 0.308208
0 0 0 1
0.891071 -0.453863 -0.000251675 0.0012191
-0.453864 -0.891071 -0.000403939 0.482042
-4.09269e-05 0.000474164 -1 0.307388
0 0 0 1
0.883831 -0.467806 -0.000251566 -0.00236974
-0.467806 -0.883831 -0.000396785 0.481927
-3.67233e-05 0.000468375 -1 0.306568
0 0 0 1
0.876373 -0.481632 -0.000251345 -0.00595858
-0.481632 -0.876373 -0.000389635 0.481812
-3.2611e-05 0.000462521 -1 0.305749
0 0 0 1
0.868699 -0.49534 -0.000251011 -0.00954742
-0.49534 -0.868699 -0.000382489 0.481697
-2.85912e-05 0.000456604 -1 0.304929
0 0 0 1
0.86081 -0.508926 -0.000250566 -0.0131363
-0.508926 -0.86081 -0.000375349 0.481582
-2.46649e-05 0.000450623 -1 0.304109
0 0 0 1
0.852709 -0.522386 -0.000250008 -0.0167251
-0.522386 -0.852709 -0.000368217 0.481468
-2.0833e-05 0.000444582 -1 0.303289
0 0 0 1
0.844398 -0.535717 -0.000249338 -0.0203139
-0.535717 -0.844398 -0.000361094 0.481353
-1.70965e-05 0.000438482 -1 0.302469
0 0 0 1
0.835878 -0.548915 -0.000248557 -0.0239028
-0.548916 -0.835878 -0.000353983 0.481238
-1.34563e-05 0.000432323 -1 0.30165
0 0 0 1
0.827152 -0.561979 -0.000247664 -0.0274916
-0.561979 -0.827152 -0.000346885 0.481123
-9.91331e-06 0.000426108 -1 0.30083
0 0 0 1
0.818221 -0.574903 -0.000246659 -0.0310805
-0.574904 -0.818221 -0.000339802 0.481008
-6.46837e-06 0.000419838 -1 0.30001
0 0 0 1
0.809089 -0.587686 -0.000245543 -0.0346693
-0.587686 -0.809089 -0.000332735 0.480893
-3.12235e-06 0.000413515 -1 0.29919
0 0 0 1
0.799757 -0.600324 -0.000244317 -0.0382581
-0.600324 -0.799757 -0.000325687 0.480778
1.23928e-07 0.00040714 -1 0.29837
0 0 0 1
0.790228 -0.612814 -0.00024298 -0.041847
-0.612814 -0.790227 -0.000318659 0.480663
3.26966e-06 0.000400715 -1 0.29755
0 0 0 1
0.780503 -0.625152 -0.000241532 -0.0454358
-0.625152 -0.780503 -0.000311653 0.480549
6.31406e-06 0.000394241 -1 0.296731
0 0 0 1
0.770586 -0.637336 -0.000239975 -0.0490247
-0.637336 -0.770586 -0.000304671 0.480434
9.25639e-06 0.00038772 -1 0.295911
0 0 0 1
0.760479 -0.649363 -0.000238308 -0.0526135
-0.649363 -0.760479 -0.000297714 0.480319
1.20959e-05 0.000381154 -1 0.295091
0 0 0 1
0.750184 -0.661229 -0.000236533 -0.0562024
-0.661229 -0.750184 -0.000290784 0.480204
1.48319e-05 0.000374544 -1 0.294271
0 0 0 1
0.739704 -0.672932 -0.000234648 -0.0597912
-0.672932 -0.739704 -0.000283883 0.480089
1.74638e-05 0.000367891 -1 0.293451
0 0 0 1
0.729041 -0.68447 -0.000232655 -0.06338
-0.68447 -0.729041 -0.000277012 0.479974
1.99908e-05 0.000361199 -1 0.292631
0 0 0 1
0.718199 -0.695838 -0.000230555 -0.0669689
-0.695838 -0.718199 -0.000270173 0.479859
2.24124e-05 0.000354467 -1 0.291812
0 0 0 1
0.707179 -0.707035 -0.000228348 -0.0705577
-0.707035 -0.707179 -0.000263368 0.479744
2.47279e-05 0.000347698 -1 0.290992
0 0 0 1
0.695985 -0.718057 -0.000226033 -0.0741466
-0.718057 -0.695985 -0.000256599 0.479629
2.69368e-05 0.000340894 -1 0.290172
0 0 0 1
0.684619 -0.728901 -0.000223613 -0.0777354
-0.728902 -0.684619 -0.000249867 0.479515
2.90385e-05 0.000334055 -1 0.289352
0 0 0 1
0.673084 -0.739566 -0.000221088 -0.0813242
-0.739566 -0.673083 -0.000243174 0.4794
3.10326e-05 0.000327185 -1 0.288532
0 0 0 1
0.661382 -0.750049 -0.000218457 -0.0849131
-0.750049 -0.661382 -0.000236521 0.479285
3.29185e-05 0.000320284 -1 0.287712
0 0 0 1
0.649518 -0.760346 -0.000215722 -0.0885019
-0.760346 -0.649518 -0.00022991 0.47917
3.46957e-05 0.000313354 -1 0.286893
0 0 0 1
0.637493 -0.770456 -0.000212884 -0.0920908
-0.770456 -0.637493 -0.000223343 0.479055
3.63638e-05 0.000306398 -1 0.286073
0 0 0 1
0.625311 -0.780375 -0.000209943 -0.0956796
-0.780375 -0.625311 -0.000216822 0.47894
3.79225e-05 0.000299416 -1 0.285253
0 0 0 1
0.612975 -0.790102 -0.0002069 -0.0992685
-0.790102 -0.612975 -0.000210347 0.478825
3.93713e-05 0.00029241 -1 0.284433
0 0 0 1
0.600487 -0.799634 -0.000203756 -0.102857
-0.799634 -0.600487 -0.000203921 0.47871
4.07098e-05 0.000285382 -1 0.283613
0 0 0 1
0.587851 -0.808969 -0.000200511 -0.106446
-0.808969 -0.587851 -0.000197546 0.478595
4.19378e-05 0.000278335 -1 0.282793
0 0 0 1
0.575071 -0.818104 -0.000197166 -0.110035
-0.818104 -0.575071 -0.000191222 0.478481
4.3055e-05 0.000271268 -1 0.281974
0 0 0 1
0.562148 -0.827037 -0.000193722 -0.113624
-0.827037 -0.562148 -0.000184951 0.478366
4.40609e-05 0.000264185 -1 0.281154
0 0 0 1
0.549086 -0.835766 -0.000190181 -0.117213
-0.835766 -0.549086 -0.000178736 0.478251
4.49555e-05 0.000257088 -1 0.280334
0 0 0 1
0.535889 -0.844288 -0.000186542 -0.120801
-0.844288 -0.535889 -0.000172576 0.478136
4.57385e-05 0.000249977 -1 0.279514
0 0 0 1
0.52256 -0.852603 -0.000182806 -0.12439
-0.852603 -0.52256 -0.000166475 0.478021
4.64097e-05 0.000242854 -1 0.278694
0 0 0 1
0.509101 -0.860707 -0.000178976 -0.127979
-0.860707 -0.509101 -0.000160433 0.477906
4.69689e-05 0.000235722 -1 0.277874
0 0 0 1
0.495517 -0.868598 -0.000175051 -0.131568
-0.868598 -0.495517 -0.000154452 0.477791
4.74159e-05 0.000228582 -1 0.277055
0 0 0 1
0.481811 -0.876275 -0.000171032 -0.135157
-0.876275 -0.481811 -0.000148533 0.477676
4.77508e-05 0.000221436 -1 0.276235
0 0 0 1
0.467986 -0.883736 -0.000166921 -0.138746
-0.883736 -0.467986 -0.000142678 0.477561
4.79734e-05 0.000214286 -1 0.275415
0 0 0 1
0.454045 -0.890979 -0.000162719 -0.142335
-0.890979 -0.454045 -0.000136889 0.477447
4.80836e-05 0.000207133 -1 0.274595
0 0 0 1
0.439993 -0.898001 -0.000158426 -0.145923
-0.898001 -0.439993 -0.000131166 0.477332
4.80814e-05 0.000199979 -1 0.273775
0 0 0 1
0.425831 -0.904803 -0.000154043 -0.149512
-0.904803 -0.425831 -0.000125512 0.477217
4.79669e-05 0.000192826 -1 0.272955
0 0 0 1
0.411565 -0.91138 -0.000149573 -0.153101
-0.91138 -0.411565 -0.000119927 0.477102
4.77399e-05 0.000185675 -1 0.272136
0 0 0 1
0.397197 -0.917733 -0.000145015 -0.15669
-0.917733 -0.397197 -0.000114413 0.476987
4.74007e-05 0.000178529 -1 0.271316
0 0 0 1
0.382731 -0.92386 -0.000140371 -0.160279
-0.92386 -0.382731 -0.000108971 0.476872
4.69493e-05 0.00017139 -1 0.270496
0 0 0 1
0.368171 -0.929758 -0.000135642 -0.163868
-0.929758 -0.368171 -0.000103602 0.476757
4.63858e-05 0.000164258 -1 0.269676
0 0 0 1
0.353519 -0.935427 -0.00013083 -0.167456
-0.935427 -0.353519 -9.83092e-05 0.476642
4.57103e-05 0.000157136 -1 0.268856
0 0 0 1
0.338781 -0.940865 -0.000125935 -0.171045
-0.940865 -0.338781 -9.30922e-05 0.476527
4.4923e-05 0.000150025 -1 0.268036
0 0 0 1
0.323959 -0.946071 -0.000120958 -0.174634
-0.946071 -0.323959 -8.79527e-05 0.476413
4.40241e-05 0.000142928 -1 0.267217
0 0 0 1
0.309056 -0.951044 -0.000115902 -0.178223
-0.951044 -0.309056 -8.2892e-05 0.476298
4.30138e-05 0.000135846 -1 0.266397
0 0 0 1
0.294078 -0.955781 -0.000110766 -0.181812
-0.955781 -0.294078 -7.79114e-05 0.476183
4.18924e-05 0.00012878 -1 0.265577
0 0 0 1
0.279027 -0.960283 -0.000105553 -0.185401
-0.960283 -0.279027 -7.30121e-05 0.476068
4.06601e-05 0.000121733 -1 0.264757
0 0 0 1
0.263907 -0.964548 -0.000100264 -0.188989
-0.964548 -0.263907 -6.81953e-05 0.475953
3.93173e-05 0.000114707 -1 0.263937
0 0 0 1
0.248722 -0.968575 -9.48995e-05 -0.192578
-0.968575 -0.248722 -6.34622e-05 0.475838
3.78642e-05 0.000107702 -1 0.263117
0 0 0 1
0.233476 -0.972363 -8.94615e-05 -0.196167
-0.972363 -0.233476 -5.88139e-05 0.475723
3.63013e-05 0.000100721 -1 0.262298
0 0 0 1
0.218172 -0.97591 -8.3951e-05 -0.199756
-0.97591 -0.218172 -5.42516e-05 0.475608
3.4629e-05 9.37649e-05 -1 0.261478
0 0 0 1
0.202814 -0.979217 -7.83696e-05 -0.203345
-0.979217 -0.202814 -4.97765e-05 0.475494
3.28475e-05 8.68363e-05 -1 0.260658
0 0 0 1
0.187406 -0.982283 -7.27186e-05 -0.206934
-0.982283 -0.187406 -4.53896e-05 0.475379
3.09574e-05 7.99365e-05 -1 0.259838
0 0 0 1
0.171952 -0.985105 -6.69994e-05 -0.210523
-0.985105 -0.171952 -4.1092e-05 0.475264
2.89592e-05 7.30673e-05 -1 0.259018
0 0 0 1
0.156455 -0.987685 -6.12133e-05 -0.214111
-0.987685 -0.156455 -3.68847e-05 0.475149
2.68533e-05 6.62303e-05 -1 0.258198
0 0 0 1
0.14092 -0.990021 -5.53619e-05 -0.2177
-0.990021 -0.14092 -3.27689e-05 0.475034
2.46403e-05 5.94273e-05 -1 0.257379
0 0 0 1
0.12535 -0.992113 -4.94466e-05 -0.221289
-0.992113 -0.12535 -2.87455e-05 0.474919
2.23207e-05 5.26598e-05 -1 0.256559
0 0 0 1
0.109749 -0.993959 -4.34687e-05 -0.224878
-0.993959 -0.109749 -2.48156e-05 0.474804
1.9895e-05 4.59297e-05 -1 0.255739
0 0 0 1
0.0941214 -0.995561 -3.74299e-05 -0.228467
-0.995561 -0.0941214 -2.098e-05 0.474689
1.73639e-05 3.92384e-05 -1 0.254919
0 0 0 1
0.0784702 -0.996916 -3.13316e-05 -0.232056
-0.996916 -0.0784702 -1.72398e-05 0.474574
1.4728e-05 3.25878e-05 -1 0.254099
0 0 0 1
0.0627996 -0.998026 -2.51752e-05 -0.235644
-0.998026 -0.0627996 -1.35958e-05 0.47446
1.1988e-05 2.59794e-05 -1 0.253279
0 0 0 1
0.0471135 -0.99889 -1.89624e-05 -0.239233
-0.99889 -0.0471135 -1.0049e-05 0.474345
9.14447e-06 1.94148e-05 -1 0.25246
0 0 0 1
0.0314158 -0.999506 -1.26946e-05 -0.242822
-0.999506 -0.0314158 -6.60025e-06 0.47423
6.19818e-06 1.28957e-05 -1 0.25164
0 0 0 1
0.0157104 -0.999877 -6.37345e-06 -0.246411
-0.999877 -0.0157104 -3.25037e-06 0.474115
3.14984e-06 6.42372e-06 -1 0.25082
0 0 0 1
1.03003e-06 -1 -4.19514e-10 -0.25
-1 -1.03003e-06 -2.09811e-10 0.474
2.0981e-10 4.19514e-10 -1 0.25
0 0 0 1
6.12323e-17 -1 -1.22465e-16 -0.25
-1 -6.12323e-17 -7.4988e-33 0.474
0 1.22465e-16 -1 0.25
0 0 0 1
6.12323e-17 -1 -1.22465e-16 -0.25
-1 -6.12323e-17 -7.4988e-33 0.474
0 1.22465e-16 -1 0.248
0 0 0 1
6.12323e-17 -1 -1.22465e-16 -0.25
-1 -6.12323e-17 -7.4988e-33 0.474
0 1.22465e-16 -1 0.246
0 0 0 1
6.12323e-17 -1 -1.22465e-16 -0.25
-1 -6.12323e-17 -7.4988e-33 0.474
0 1.22465e-16 -1 0.244
0 0 0 1
6.12323e-17 -1 -1.22465e-16 -0.25
-1 -6.12323e-17 -7.4988e-33 0.474
0 1.22465e-16 -1 0.242
0 0 0 1
6.12323e-17 -1 -1.22465e-16 -0.25
-1 -6.12323e-17 -7.4988e-33 0.474
0 1.22465e-16 -1 0.24
0 0 0 1
6.12323e-17 -1 -1.22465e-16 -0.25
-1 -6.12323e-17 -7.4988e-33 0.474
0 1.22465e-16 -1 0.238
0 0 0 1
6.12323e-17 -1 -1.22465e-16 -0.25
-1 -6.12323e-17 -7.4988e-33 0.474
0 1.22465e-16 -1 0.236
0 0 0 1
6.12323e-17 -1 -1.22465e-16 -0.25
-1 -6.12323e-17 -7.4988e-33 0.474
0 1.22465e-16 -1 0.234
0 0 0 1
6.12323e-17 -1 -1.22465e-16 -0.25
-1 -6.12323e-17 -7.4988e-33 0.474
0 1.22465e-16 -1 0.232
0 0 0 1
6.12323e-17 -1 -1.22465e-16 -0.25
-1 -6.12323e-17 -7.4988e-33 0.474
0 1.22465e-16 -1 0.23
0 0 0 1
6.12323e-17 -1 -1.22465e-16 -0.25
-1 -6.12323e-17 -7.4988e-33 0.474
0 1.22465e-16 -1 0.228
0 0 0 1
6.12323e-17 -1 -1.22465e-16 -0.25
-1 -6.12323e-17 -7.4988e-33 0.474
0 1.22465e-16 -1 0.226
0 0 0 1
6.12323e-17 -1 -1.22465e-16 -0.25
-1 -6.12323e-17 -7.4988e-33 0.474
0 1.22465e-16 -1 0.224
0 0 0 1
6.12323e-17 -1 -1.22465e-16 -0.25
-1 -6.12323e-17 -7.4988e-33 0.474
0 1.22465e-16 -1 0.222
0 0 0 1
6.12323e-17 -1 -1.22465e-16 -0.25
-1 -6.12323e-17 -7.4988e-33 0.474
0 1.22465e-16 -1 0.22
0 0 0 1
6.12323e-17 -1 -1.22465e-16 -0.25
-1 -6.12323e-17 -7.4988e-33 0.474
0 1.22465e-16 -1 0.218
0 0 0 1
6.12323e-17 -1 -1.22465e-16 -0.25
-1 -6.12323e-17 -7.4988e-33 0.474
0 1.22465e-16 -1 0.216
0 0 0 1
6.12323e-17 -1 -1.22465e-16 -0.25
-1 -6.12323e-17 -7.4988e-33 0.474
0 1.22465e-16 -1 0.214
0 0 0 1
6.12323e-17 -1 -1.22465e-16 -0.25
-1 -6.12323e-17 -7.4988e-33 0.474
0 1.22465e-16 -1 0.212
0 0 0 1
6.12323e-17 -1 -1.22465e-16 -0.25
-1 -6.12323e-17 -7.4988e-33 0.474
0 1.22465e-16 -1 0.21
0 0 0 1
6.12323e-17 -1 -1.22465e-16 -0.25
-1 -6.12323e-17 -7.4988e-33 0.474
0 1.22465e-16 -1 0.208
0 0 0 1
6.12323e-17 -1 -1.22465e-16 -0.25
-1 -6.12323e-17 -7.4988e-33 0.474
0 1.22465e-16 -1 0.206
0 0 0 1
6.12323e-17 -1 -1.22465e-16 -0.25
-1 -6.12323e-17 -7.4988e-33 0.474
0 1.22465e-16 -1 0.204
0 0 0 1
6.12323e-17 -1 -1.22465e-16 -0.25
-1 -6.12323e-17 -7.4988e-33 0.474
0 1.22465e-16 -1 0.202
0 0 0 1
6.12323e-17 -1 -1.22465e-16 -0.25
-1 -6.12323e-17 -7.4988e-33 0.474
0 1.22465e-16 -1 0.2
0 0 0 1
6.12323e-17 -1 -1.22465e-16 -0.25
-1 -6.12323e-17 -7.4988e-33 0.474
0 1.22465e-16 -1 0.198
0 0 0 1
6.12323e-17 -1 -1.22465e-16 -0.25
-1 -6.12323e-17 -7.4988e-33 0.474
0 1.22465e-16 -1 0.196
0 0 0 1
6.12323e-17 -1 -1.22465e-16 -0.25
-1 -6.12323e-17 -7.4988e-33 0.474
0 1.22465e-16 -1 0.194
0 0 0 1
6.12323e-17 -1 -1.22465e-16 -0.25
-1 -6.12323e-17 -7.4988e-33 0.474
0 1.22465e-16 -1 0.192
0 0 0 1
6.12323e-17 -1 -1.22465e-16 -0.25
-1 -6.12323e-17 -7.4988e-33 0.474
0 1.22465e-16 -1 0.19
0 0 0 1
6.12323e-17 -1 -1.22465e-16 -0.25
-1 -6.12323e-17 -7.4988e-33 0.474
0 1.22465e-16 -1 0.188
0 0 0 1
6.12323e-17 -1 -1.22465e-16 -0.25
-1 -6.12323e-17 -7.4988e-33 0.474
0 1.22465e-16 -1 0.186
0 0 0 1
6.12323e-17 -1 -1.22465e-16 -0.25
-1 -6.12323e-17 -7.4988e-33 0.474
0 1.22465e-16 -1 0.184
0 0 0 1
6.12323e-17 -1 -1.22465e-16 -0.25
-1 -6.12323e-17 -7.4988e-33 0.474
0 1.22465e-16 -1 0.182
0 0 0 1
6.12323e-17 -1 -1.22465e-16 -0.25
-1 -6.12323e-17 -7.4988e-33 0.474
0 1.22465e-16 -1 0.18
0 0 0 1
6.12323e-17 -1 -1.22465e-16 -0.25
-1 -6.12323e-17 -7.4988e-33 0.474
0 1.22465e-16 -1 0.178
0 0 0 1
6.12323e-17 -1 -1.22465e-16 -0.25
-1 -6.12323e-17 -7.4988e-33 0.474
0 1.22465e-16 -1 0.176
0 0 0 1
6.12323e-17 -1 -1.22465e-16 -0.25
-1 -6.12323e-17 -7.4988e-33 0.474
0 1.22465e-16 -1 0.174
0 0 0 1
6.12323e-17 -1 -1.22465e-16 -0.25
-1 -6.12323e-17 -7.4988e-33 0.474
0 1.22465e-16 -1 0.172
0 0 0 1
6.12323e-17 -1 -1.22465e-16 -0.25
-1 -6.12323e-17 -7.4988e-33 0.474
0 1.22465e-16 -1 0.17
0 0 0 1
6.12323e-17 -1 -1.22465e-16 -0.25
-1 -6.12323e-17 -7.4988e-33 0.474
0 1.22465e-16 -1 0.168
0 0 0 1
6.12323e-17 -1 -1.22465e-16 -0.25
-1 -6.12323e-17 -7.4988e-33 0.474
0 1.22465e-16 -1 0.166
0 0 0 1
6.12323e-17 -1 -1.22465e-16 -0.25
-1 -6.12323e-17 -7.4988e-33 0.474
0 1.22465e-16 -1 0.164
0 0 0 1
6.12323e-17 -1 -1.22465e-16 -0.25
-1 -6.12323e-17 -7.4988e-33 0.474
0 1.22465e-16 -1 0.162
0 0 0 1
6.12323e-17 -1 -1.22465e-16 -0.25
-1 -6.12323e-17 -7.4988e-33 0.474
0 1.22465e-16 -1 0.16
0 0 0 1
6.12323e-17 -1 -1.22465e-16 -0.25
-1 -6.12323e-17 -7.4988e-33 0.474
0 1.22465e-16 -1 0.158
0 0 0 1
6.12323e-17 -1 -1.22465e-16 -0.25
-1 -6.12323e-17 -7.4988e-33 0.474
0 1.22465e-16 -1 0.156
0 0 0 1
6.12323e-17 -1 -1.22465e-16 -0.25
-1 -6.12323e-17 -7.4988e-33 0.474
0 1.22465e-16 -1 0.154
0 0 0 1
6.12323e-17 -1 -1.22465e-16 -0.25
-1 -6.12323e-17 -7.4988e-33 0.474
0 1.22465e-16 -1 0.152
0 0 0 1
6.12323e-17 -1 -1.22465e-16 -0.25
-1 -6.12323e-17 -7.4988e-33 0.474
0 1.22465e-16 -1 0.15
0 0 0 1
6.12323e-17 -1 -1.22465e-16 -0.25
-1 -6.12323e-17 -7.4988e-33 0.474
0 1.22465e-16 -1 0.148
0 0 0 1
6.12323e-17 -1 -1.22465e-16 -0.25
-1 -6.12323e-17 -7.4988e-33 0.474
0 1.22465e-16 -1 0.146
0 0 0 1
6.12323e-17 -1 -1.22465e-16 -0.25
-1 -6.12323e-17 -7.4988e-33 0.474
0 1.22465e-16 -1 0.144
0 0 0 1
6.12323e-17 -1 -1.22465e-16 -0.25
-1 -6.12323e-17 -7.4988e-33 0.474
0 1.22465e-16 -1 0.142
0 0 0 1
6.12323e-17 -1 -1.22465e-16 -0.25
-1 -6.12323e-17 -7.4988e-33 0.474
0 1.22465e-16 -1 0.14
0 0 0 1
6.12323e-17 -1 -1.22465e-16 -0.25
-1 -6.12323e-17 -7.4988e-33 0.474
0 1.22465e-16 -1 0.138
0 0 0 1
6.12323e-17 -1 -1.22465e-16 -0.25
-1 -6.12323e-17 -7.4988e-33 0.474
0 1.22465e-16 -1 0.136
0 0 0 1
6.12323e-17 -1 -1.22465e-16 -0.25
-1 -6.12323e-17 -7.4988e-33 0.474
0 1.22465e-16 -1 0.134
0 0 0 1
6.12323e-17 -1 -1.22465e-16 -0.25
-1 -6.12323e-17 -7.4988e-33 0.474
0 1.22465e-16 -1 0.132
0 0 0 1
6.12323e-17 -1 -1.22465e-16 -0.25
-1 -6.12323e-17 -7.4988e-33 0.474
0 1.22465e-16 -1 0.13
0 0 0 1
6.12323e-17 -1 -1.22465e-16 -0.25
-1 -6.12323e-17 -7.4988e-33 0.474
0 1.22465e-16 -1 0.128
0 0 0 1
6.12323e-17 -1 -1.22465e-16 -0.25
-1 -6.12323e-17 -7.4988e-33 0.474
0 1.22465e-16 -1 0.126
0 0 0 1
6.12323e-17 -1 -1.22465e-16 -0.25
-1 -6.12323e-17 -7.4988e-33 0.474
0 1.22465e-16 -1 0.124
0 0 0 1
6.12323e-17 -1 -1.22465e-16 -0.25
-1 -6.12323e-17 -7.4988e-33 0.474
0 1.22465e-16 -1 0.122
0 0 0 1
6.12323e-17 -1 -1.22465e-16 -0.25
-1 -6.12323e-17 -7.4988e-33 0.474
0 1.22465e-16 -1 0.12
0 0 0 1
6.12323e-17 -1 -1.22465e-16 -0.25
-1 -6.12323e-17 -7.4988e-33 0.474
0 1.22465e-16 -1 0.118
0 0 0 1
6.12323e-17 -1 -1.22465e-16 -0.25
-1 -6.12323e-17 -7.4988e-33 0.474
0 1.22465e-16 -1 0.116
0 0 0 1
6.12323e-17 -1 -1.22465e-16 -0.25
-1 -6.12323e-17 -7.4988e-33 0.474
0 1.22465e-16 -1 0.114
0 0 0 1
6.12323e-17 -1 -1.22465e-16 -0.25
-1 -6.12323e-17 -7.4988e-33 0.474
0 1.22465e-16 -1 0.112
0 0 0 1
6.12323e-17 -1 -1.22465e-16 -0.25
-1 -6.12323e-17 -7.4988e-33 0.474
0 1.22465e-16 -1 0.11
0 0 0 1
6.12323e-17 -1 -1.22465e-16 -0.25
-1 -6.12323e-17 -7.4988e-33 0.474
0 1.22465e-16 -1 0.108
0 0 0 1
6.12323e-17 -1 -1.22465e-16 -0.25
-1 -6.12323e-17 -7.4988e-33 0.474
0 1.22465e-16 -1 0.106
0 0 0 1
6.12323e-17 -1 -1.22465e-16 -0.25
-1 -6.12323e-17 -7.4988e-33 0.474
0 1.22465e-16 -1 0.104
0 0 0 1
6.12323e-17 -1 -1.22465e-16 -0.25
-1 -6.12323e-17 -7.4988e-33 0.474
0 1.22465e-16 -1 0.102
0 0 0 1
6.12323e-17 -1 -1.22465e-16 -0.25
-1 -6.12323e-17 -7.4988e-33 0.474
0 1.22465e-16 -1 0.1
0 0 0 1
6.12323e-17 -1 -1.22465e-16 -0.25
-1 -6.12323e-17 -7.4988e-33 0.474
0 1.22465e-16 -1 0.0980001
0 0 0 1
6.12323e-17 -1 -1.22465e-16 -0.25
-1 -6.12323e-17 -7.4988e-33 0.474
0 1.22465e-16 -1 0.0960001
0 0 0 1
6.12323e-17 -1 -1.22465e-16 -0.25
-1 -6.12323e-17 -7.4988e-33 0.474
0 1.22465e-16 -1 0.0940001
0 0 0 1
6.12323e-17 -1 -1.22465e-16 -0.25
-1 -6.12323e-17 -7.4988e-33 0.474
0 1.22465e-16 -1 0.0920002
0 0 0 1
6.12323e-17 -1 -1.22465e-16 -0.25
-1 -6.12323e-17 -7.4988e-33 0.474
0 1.22465e-16 -1 0.0900002
0 0 0 1
6.12323e-17 -1 -1.22465e-16 -0.25
-1 -6.12323e-17 -7.4988e-33 0.474
0 1.22465e-16 -1 0.0880002
0 0 0 1
6.12323e-17 -1 -1.22465e-16 -0.25
-1 -6.12323e-17 -7.4988e-33 0.474
0 1.22465e-16 -1 0.0860002
0 0 0 1
6.12323e-17 -1 -1.22465e-16 -0.25
-1 -6.12323e-17 -7.4988e-33 0.474
0 1.22465e-16 -1 0.0840002
0 0 0 1
6.12323e-17 -1 -1.22465e-16 -0.25
-1 -6.12323e-17 -7.4988e-33 0.474
0 1.22465e-16 -1 0.0820002
0 0 0 1
6.12323e-17 -1 -1.22465e-16 -0.25
-1 -6.12323e-17 -7.4988e-33 0.474
0 1.22465e-16 -1 0.0800002
0 0 0 1
6.12323e-17 -1 -1.22465e-16 -0.25
-1 -6.12323e-17 -7.4988e-33 0.474
0 1.22465e-16 -1 0.0780002
0 0 0 1
6.12323e-17 -1 -1.22465e-16 -0.25
-1 -6.12323e-17 -7.4988e-33 0.474
0 1.22465e-16 -1 0.0760002
0 0 0 1
6.12323e-17 -1 -1.22465e-16 -0.25
-1 -6.12323e-17 -7.4988e-33 0.474
0 1.22465e-16 -1 0.0740002
0 0 0 1
6.12323e-17 -1 -1.22465e-16 -0.25
-1 -6.12323e-17 -7.4988e-33 0.474
0 1.22465e-16 -1 0.0720002
0 0 0 1
6.12323e-17 -1 -1.22465e-16 -0.25
-1 -6.12323e-17 -7.4988e-33 0.474
0 1.22465e-16 -1 0.0700002
0 0 0 1
6.12323e-17 -1 -1.22465e-16 -0.25
-1 -6.12323e-17 -7.4988e-33 0.474
0 1.22465e-16 -1 0.0680002
0 0 0 1
6.12323e-17 -1 -1.22465e-16 -0.25
-1 -6.12323e-17 -7.4988e-33 0.474
0 1.22465e-16 -1 0.0660002
0 0 0 1
6.12323e-17 -1 -1.22465e-16 -0.25
-1 -6.12323e-17 -7.4988e-33 0.474
0 1.22465e-16 -1 0.0640002
0 0 0 1
6.12323e-17 -1 -1.22465e-16 -0.25
-1 -6.12323e-17 -7.4988e-33 0.474
0 1.22465e-16 -1 0.0620002
0 0 0 1
6.12323e-17 -1 -1.22465e-16 -0.25
-1 -6.12323e-17 -7.4988e-33 0.474
0 1.22465e-16 -1 0.0600002
0 0 0 1
6.12323e-17 -1 -1.22465e-16 -0.25
-1 -6.12323e-17 -7.4988e-33 0.474
0 1.22465e-16 -1 0.0580002
0 0 0 1
6.12323e-17 -1 -1.22465e-16 -0.25
-1 -6.12323e-17 -7.4988e-33 0.474
0 1.22465e-16 -1 0.0560002
0 0 0 1
6.12323e-17 -1 -1.22465e-16 -0.25
-1 -6.12323e-17 -7.4988e-33 0.474
0 1.22465e-16 -1 0.0540002
0 0 0 1
6.12323e-17 -1 -1.22465e-16 -0.25
-1 -6.12323e-17 -7.4988e-33 0.474
0 1.22465e-16 -1 0.0520002
0 0 0 1
6.12323e-17 -1 -1.22465e-16 -0.25
-1 -6.12323e-17 -7.4988e-33 0.474
0 1.22465e-16 -1 0.0500002
0 0 0 1
6.12323e-17 -1 -1.22465e-16 -0.25
-1 -6.12323e-17 -7.4988e-33 0.474
0 1.22465e-16 -1 0.05
0 0 0 1
6.12323e-17 -1 -1.22465e-16 -0.25
-1 -6.12323e-17 -7.4988e-33 0.474
0 1.22465e-16 -1 0.052
0 0 0 1
6.12323e-17 -1 -1.22465e-16 -0.25
-1 -6.12323e-17 -7.4988e-33 0.474
0 1.22465e-16 -1 0.054
0 0 0 1
6.12323e-17 -1 -1.22465e-16 -0.25
-1 -6.12323e-17 -7.4988e-33 0.474
0 1.22465e-16 -1 0.056
0 0 0 1
6.12323e-17 -1 -1.22465e-16 -0.25
-1 -6.12323e-17 -7.4988e-33 0.474
0 1.22465e-16 -1 0.058
0 0 0 1
6.12323e-17 -1 -1.22465e-16 -0.25
-1 -6.12323e-17 -7.4988e-33 0.474
0 1.22465e-16 -1 0.06
0 0 0 1
6.12323e-17 -1 -1.22465e-16 -0.25
-1 -6.12323e-17 -7.4988e-33 0.474
0 1.22465e-16 -1 0.062
0 0 0 1
6.12323e-17 -1 -1.22465e-16 -0.25
-1 -6.12323e-17 -7.4988e-33 0.474
0 1.22465e-16 -1 0.064
0 0 0 1
6.12323e-17 -1 -1.22465e-16 -0.25
-1 -6.12323e-17 -7.4988e-33 0.474
0 1.22465e-16 -1 0.066
0 0 0 1
6.12323e-17 -1 -1.22465e-16 -0.25
-1 -6.12323e-17 -7.4988e-33 0.474
0 1.22465e-16 -1 0.068
0 0 0 1
6.12323e-17 -1 -1.22465e-16 -0.25
-1 -6.12323e-17 -7.4988e-33 0.474
0 1.22465e-16 -1 0.07
0 0 0 1
6.12323e-17 -1 -1.22465e-16 -0.25
-1 -6.12323e-17 -7.4988e-33 0.474
0 1.22465e-16 -1 0.072
0 0 0 1
6.12323e-17 -1 -1.22465e-16 -0.25
-1 -6.12323e-17 -7.4988e-33 0.474
0 1.22465e-16 -1 0.074
0 0 0 1
6.12323e-17 -1 -1.22465e-16 -0.25
-1 -6.12323e-17 -7.4988e-33 0.474
0 1.22465e-16 -1 0.076
0 0 0 1
6.12323e-17 -1 -1.22465e-16 -0.25
-1 -6.12323e-17 -7.4988e-33 0.474
0 1.22465e-16 -1 0.078
0 0 0 1
6.12323e-17 -1 -1.22465e-16 -0.25
-1 -6.12323e-17 -7.4988e-33 0.474
0 1.22465e-16 -1 0.08
0 0 0 1
6.12323e-17 -1 -1.22465e-16 -0.25
-1 -6.12323e-17 -7.4988e-33 0.474
0 1.22465e-16 -1 0.082
0 0 0 1
6.12323e-17 -1 -1.22465e-16 -0.25
-1 -6.12323e-17 -7.4988e-33 0.474
0 1.22465e-16 -1 0.084
0 0 0 1
6.12323e-17 -1 -1.22465e-16 -0.25
-1 -6.12323e-17 -7.4988e-33 0.474
0 1.22465e-16 -1 0.086
0 0 0 1
6.12323e-17 -1 -1.22465e-16 -0.25
-1 -6.12323e-17 -7.4988e-33 0.474
0 1.22465e-16 -1 0.088
0 0 0 1
6.12323e-17 -1 -1.22465e-16 -0.25
-1 -6.12323e-17 -7.4988e-33 0.474
0 1.22465e-16 -1 0.09
0 0 0 1
6.12323e-17 -1 -1.22465e-16 -0.25
-1 -6.12323e-17 -7.4988e-33 0.474
0 1.22465e-16 -1 0.092
0 0 0 1
6.12323e-17 -1 -1.22465e-16 -0.25
-1 -6.12323e-17 -7.4988e-33 0.474
0 1.22465e-16 -1 0.094
0 0 0 1
6.12323e-17 -1 -1.22465e-16 -0.25
-1 -6.12323e-17 -7.4988e-33 0.474
0 1.22465e-16 -1 0.096
0 0 0 1
6.12323e-17 -1 -1.22465e-16 -0.25
-1 -6.12323e-17 -7.4988e-33 0.474
0 1.22465e-16 -1 0.098
0 0 0 1
6.12323e-17 -1 -1.22465e-16 -0.25
-1 -6.12323e-17 -7.4988e-33 0.474
0 1.22465e-16 -1 0.1
0 0 0 1
6.12323e-17 -1 -1.22465e-16 -0.25
-1 -6.12323e-17 -7.4988e-33 0.474
0 1.22465e-16 -1 0.102
0 0 0 1
6.12323e-17 -1 -1.22465e-16 -0.25
-1 -6.12323e-17 -7.4988e-33 0.474
0 1.22465e-16 -1 0.104
0 0 0 1
6.12323e-17 -1 -1.22465e-16 -0.25
-1 -6.12323e-17 -7.4988e-33 0.474
0 1.22465e-16 -1 0.106
0 0 0 1
6.12323e-17 -1 -1.22465e-16 -0.25
-1 -6.12323e-17 -7.4988e-33 0.474
0 1.22465e-16 -1 0.108
0 0 0 1
6.12323e-17 -1 -1.22465e-16 -0.25
-1 -6.12323e-17 -7.4988e-33 0.474
0 1.22465e-16 -1 0.11
0 0 0 1
6.12323e-17 -1 -1.22465e-16 -0.25
-1 -6.12323e-17 -7.4988e-33 0.474
0 1.22465e-16 -1 0.112
0 0 0 1
6.12323e-17 -1 -1.22465e-16 -0.25
-1 -6.12323e-17 -7.4988e-33 0.474
0 1.22465e-16 -1 0.114
0 0 0 1
6.12323e-17 -1 -1.22465e-16 -0.25
-1 -6.12323e-17 -7.4988e-33 0.474
0 1.22465e-16 -1 0.116
0 0 0 1
6.12323e-17 -1 -1.22465e-16 -0.25
-1 -6.12323e-17 -7.4988e-33 0.474
0 1.22465e-16 -1 0.118
0 0 0 1
6.12323e-17 -1 -1.22465e-16 -0.25
-1 -6.12323e-17 -7.4988e-33 0.474
0 1.22465e-16 -1 0.12
0 0 0 1
6.12323e-17 -1 -1.22465e-16 -0.25
-1 -6.12323e-17 -7.4988e-33 0.474
0 1.22465e-16 -1 0.122
0 0 0 1
6.12323e-17 -1 -1.22465e-16 -0.25
-1 -6.12323e-17 -7.4988e-33 0.474
0 1.22465e-16 -1 0.124
0 0 0 1
6.12323e-17 -1 -1.22465e-16 -0.25
-1 -6.12323e-17 -7.4988e-33 0.474
0 1.22465e-16 -1 0.126
0 0 0 1
6.12323e-17 -1 -1.22465e-16 -0.25
-1 -6.12323e-17 -7.4988e-33 0.474
0 1.22465e-16 -1 0.128
0 0 0 1
6.12323e-17 -1 -1.22465e-16 -0.25
-1 -6.12323e-17 -7.4988e-33 0.474
0 1.22465e-16 -1 0.13
0 0 0 1
6.12323e-17 -1 -1.22465e-16 -0.25
-1 -6.12323e-17 -7.4988e-33 0.474
0 1.22465e-16 -1 0.132
0 0 0 1
6.12323e-17 -1 -1.22465e-16 -0.25
-1 -6.12323e-17 -7.4988e-33 0.474
0 1.22465e-16 -1 0.134
0 0 0 1
6.12323e-17 -1 -1.22465e-16 -0.25
-1 -6.12323e-17 -7.4988e-33 0.474
0 1.22465e-16 -1 0.136
0 0 0 1
6.12323e-17 -1 -1.22465e-16 -0.25
-1 -6.12323e-17 -7.4988e-33 0.474
0 1.22465e-16 -1 0.138
0 0 0 1
6.12323e-17 -1 -1.22465e-16 -0.25
-1 -6.12323e-17 -7.4988e-33 0.474
0 1.22465e-16 -1 0.14
0 0 0 1
6.12323e-17 -1 -1.22465e-16 -0.25
-1 -6.12323e-17 -7.4988e-33 0.474
0 1.22465e-16 -1 0.142
0 0 0 1
6.12323e-17 -1 -1.22465e-16 -0.25
-1 -6.12323e-17 -7.4988e-33 0.474
0 1.22465e-16 -1 0.144
0 0 0 1
6.12323e-17 -1 -1.22465e-16 -0.25
-1 -6.12323e-17 -7.4988e-33 0.474
0 1.22465e-16 -1 0.146
0 0 0 1
6.12323e-17 -1 -1.22465e-16 -0.25
-1 -6.12323e-17 -7.4988e-33 0.474
0 1.22465e-16 -1 0.148
0 0 0 1
6.12323e-17 -1 -1.22465e-16 -0.25
-1 -6.12323e-17 -7.4988e-33 0.474
0 1.22465e-16 -1 0.15
0 0 0 1
6.12323e-17 -1 -1.22465e-16 -0.25
-1 -6.12323e-17 -7.4988e-33 0.474
0 1.22465e-16 -1 0.152
0 0 0 1
6.12323e-17 -1 -1.22465e-16 -0.25
-1 -6.12323e-17 -7.4988e-33 0.474
0 1.22465e-16 -1 0.154
0 0 0 1
6.12323e-17 -1 -1.22465e-16 -0.25
-1 -6.12323e-17 -7.4988e-33 0.474
0 1.22465e-16 -1 0.156
0 0 0 1
6.12323e-17 -1 -1.22465e-16 -0.25
-1 -6.12323e-17 -7.4988e-33 0.474
0 1.22465e-16 -1 0.158
0 0 0 1
6.12323e-17 -1 -1.22465e-16 -0.25
-1 -6.12323e-17 -7.4988e-33 0.474
0 1.22465e-16 -1 0.16
0 0 0 1
6.12323e-17 -1 -1.22465e-16 -0.25
-1 -6.12323e-17 -7.4988e-33 0.474
0 1.22465e-16 -1 0.162
0 0 0 1
6.12323e-17 -1 -1.22465e-16 -0.25
-1 -6.12323e-17 -7.4988e-33 0.474
0 1.22465e-16 -1 0.164
0 0 0 1
6.12323e-17 -1 -1.22465e-16 -0.25
-1 -6.12323e-17 -7.4988e-33 0.474
0 1.22465e-16 -1 0.166
0 0 0 1
6.12323e-17 -1 -1.22465e-16 -0.25
-1 -6.12323e-17 -7.4988e-33 0.474
0 1.22465e-16 -1 0.168
0 0 0 1
6.12323e-17 -1 -1.22465e-16 -0.25
-1 -6.12323e-17 -7.4988e-33 0.474
0 1.22465e-16 -1 0.17
0 0 0 1
6.12323e-17 -1 -1.22465e-16 -0.25
-1 -6.12323e-17 -7.4988e-33 0.474
0 1.22465e-16 -1 0.172
0 0 0 1
6.12323e-17 -1 -1.22465e-16 -0.25
-1 -6.12323e-17 -7.4988e-33 0.474
0 1.22465e-16 -1 0.174
0 0 0 1
6.12323e-17 -1 -1.22465e-16 -0.25
-1 -6.12323e-17 -7.4988e-33 0.474
0 1.22465e-16 -1 0.176
0 0 0 1
6.12323e-17 -1 -1.22465e-16 -0.25
-1 -6.12323e-17 -7.4988e-33 0.474
0 1.22465e-16 -1 0.178
0 0 0 1
6.12323e-17 -1 -1.22465e-16 -0.25
-1 -6.12323e-17 -7.4988e-33 0.474
0 1.22465e-16 -1 0.18
0 0 0 1
6.12323e-17 -1 -1.22465e-16 -0.25
-1 -6.12323e-17 -7.4988e-33 0.474
0 1.22465e-16 -1 0.182
0 0 0 1
6.12323e-17 -1 -1.22465e-16 -0.25
-1 -6.12323e-17 -7.4988e-33 0.474
0 1.22465e-16 -1 0.184
0 0 0 1
6.12323e-17 -1 -1.22465e-16 -0.25
-1 -6.12323e-17 -7.4988e-33 0.474
0 1.22465e-16 -1 0.186
0 0 0 1
6.12323e-17 -1 -1.22465e-16 -0.25
-1 -6.12323e-17 -7.4988e-33 0.474
0 1.22465e-16 -1 0.188
0 0 0 1
6.12323e-17 -1 -1.22465e-16 -0.25
-1 -6.12323e-17 -7.4988e-33 0.474
0 1.22465e-16 -1 0.19
0 0 0 1
6.12323e-17 -1 -1.22465e-16 -0.25
-1 -6.12323e-17 -7.4988e-33 0.474
0 1.22465e-16 -1 0.192
0 0 0 1
6.12323e-17 -1 -1.22465e-16 -0.25
-1 -6.12323e-17 -7.4988e-33 0.474
0 1.22465e-16 -1 0.194
0 0 0 1
6.12323e-17 -1 -1.22465e-16 -0.25
-1 -6.12323e-17 -7.4988e-33 0.474
0 1.22465e-16 -1 0.196
0 0 0 1
6.12323e-17 -1 -1.22465e-16 -0.25
-1 -6.12323e-17 -7.4988e-33 0.474
0 1.22465e-16 -1 0.198
0 0 0 1
6.12323e-17 -1 -1.22465e-16 -0.25
-1 -6.12323e-17 -7.4988e-33 0.474
0 1.22465e-16 -1 0.2
0 0 0 1
6.12323e-17 -1 -1.22465e-16 -0.25
-1 -6.12323e-17 -7.4988e-33 0.474
0 1.22465e-16 -1 0.202
0 0 0 1
6.12323e-17 -1 -1.22465e-16 -0.25
-1 -6.12323e-17 -7.4988e-33 0.474
0 1.22465e-16 -1 0.204
0 0 0 1
6.12323e-17 -1 -1.22465e-16 -0.25
-1 -6.12323e-17 -7.4988e-33 0.474
0 1.22465e-16 -1 0.206
0 0 0 1
6.12323e-17 -1 -1.22465e-16 -0.25
-1 -6.12323e-17 -7.4988e-33 0.474
0 1.22465e-16 -1 0.208
0 0 0 1
6.12323e-17 -1 -1.22465e-16 -0.25
-1 -6.12323e-17 -7.4988e-33 0.474
0 1.22465e-16 -1 0.21
0 0 0 1
6.12323e-17 -1 -1.22465e-16 -0.25
-1 -6.12323e-17 -7.4988e-33 0.474
0 1.22465e-16 -1 0.212
0 0 0 1
6.12323e-17 -1 -1.22465e-16 -0.25
-1 -6.12323e-17 -7.4988e-33 0.474
0 1.22465e-16 -1 0.214
0 0 0 1
6.12323e-17 -1 -1.22465e-16 -0.25
-1 -6.12323e-17 -7.4988e-33 0.474
0 1.22465e-16 -1 0.216
0 0 0 1
6.12323e-17 -1 -1.22465e-16 -0.25
-1 -6.12323e-17 -7.4988e-33 0.474
0 1.22465e-16 -1 0.218
0 0 0 1
6.12323e-17 -1 -1.22465e-16 -0.25
-1 -6.12323e-17 -7.4988e-33 0.474
0 1.22465e-16 -1 0.22
0 0 0 1
6.12323e-17 -1 -1.22465e-16 -0.25
-1 -6.12323e-17 -7.4988e-33 0.474
0 1.22465e-16 -1 0.222
0 0 0 1
6.12323e-17 -1 -1.22465e-16 -0.25
-1 -6.12323e-17 -7.4988e-33 0.474
0 1.22465e-16 -1 0.224
0 0 0 1
6.12323e-17 -1 -1.22465e-16 -0.25
-1 -6.12323e-17 -7.4988e-33 0.474
0 1.22465e-16 -1 0.226
0 0 0 1
6.12323e-17 -1 -1.22465e-16 -0.25
-1 -6.12323e-17 -7.4988e-33 0.474
0 1.22465e-16 -1 0.228
0 0 0 1
6.12323e-17 -1 -1.22465e-16 -0.25
-1 -6.12323e-17 -7.4988e-33 0.474
0 1.22465e-16 -1 0.23
0 0 0 1
6.12323e-17 -1 -1.22465e-16 -0.25
-1 -6.12323e-17 -7.4988e-33 0.474
0 1.22465e-16 -1 0.232
0 0 0 1
6.12323e-17 -1 -1.22465e-16 -0.25
-1 -6.12323e-17 -7.4988e-33 0.474
0 1.22465e-16 -1 0.234
0 0 0 1
6.12323e-17 -1 -1.22465e-16 -0.25
-1 -6.12323e-17 -7.4988e-33 0.474
0 1.22465e-16 -1 0.236
0 0 0 1
6.12323e-17 -1 -1.22465e-16 -0.25
-1 -6.12323e-17 -7.4988e-33 0.474
0 1.22465e-16 -1 0.238
0 0 0 1
6.12323e-17 -1 -1.22465e-16 -0.25
-1 -6.12323e-17 -7.4988e-33 0.474
0 1.22465e-16 -1 0.24
0 0 0 1
6.12323e-17 -1 -1.22465e-16 -0.25
-1 -6.12323e-17 -7.4988e-33 0.474
0 1.22465e-16 -1 0.242
0 0 0 1
6.12323e-17 -1 -1.22465e-16 -0.25
-1 -6.12323e-17 -7.4988e-33 0.474
0 1.22465e-16 -1 0.244
0 0 0 1
6.12323e-17 -1 -1.22465e-16 -0.25
-1 -6.12323e-17 -7.4988e-33 0.474
0 1.22465e-16 -1 0.246
0 0 0 1
6.12323e-17 -1 -1.22465e-16 -0.25
-1 -6.12323e-17 -7.4988e-33 0.474
0 1.22465e-16 -1 0.248
0 0 0 1
6.12323e-17 -1 -1.22465e-16 -0.25
-1 -6.12323e-17 -7.4988e-33 0.474
0 1.22465e-16 -1 0.25
0 0 0 1
6.12323e-17 -1 -1.22465e-16 -0.25
-1 -6.12323e-17 -7.4988e-33 0.474
0 1.22465e-16 -1 0.25
0 0 0 1
0.0157093 -0.999877 -6.37303e-06 -0.246411
-0.999877 -0.0157093 -3.25016e-06 0.474115
3.14964e-06 6.4233e-06 -1 0.25082
0 0 0 1
0.0314148 -0.999506 -1.26942e-05 -0.242822
-0.999506 -0.0314148 -6.60003e-06 0.47423
6.19798e-06 1.28953e-05 -1 0.25164
0 0 0 1
0.0471125 -0.99889 -1.8962e-05 -0.239233
-0.99889 -0.0471125 -1.00488e-05 0.474345
9.14428e-06 1.94144e-05 -1 0.252459
0 0 0 1
0.0627986 -0.998026 -2.51748e-05 -0.235645
-0.998026 -0.0627986 -1.35956e-05 0.47446
1.19878e-05 2.59789e-05 -1 0.253279
0 0 0 1
0.0784692 -0.996917 -3.13312e-05 -0.232056
-0.996917 -0.0784692 -1.72395e-05 0.474574
1.47279e-05 3.25873e-05 -1 0.254099
0 0 0 1
0.0941204 -0.995561 -3.74295e-05 -0.228467
-0.995561 -0.0941204 -2.09798e-05 0.474689
1.73637e-05 3.9238e-05 -1 0.254919
0 0 0 1
0.109748 -0.993959 -4.34683e-05 -0.224878
-0.993959 -0.109748 -2.48153e-05 0.474804
1.98948e-05 4.59292e-05 -1 0.255739
0 0 0 1
0.125349 -0.992113 -4.94462e-05 -0.221289
-0.992113 -0.125349 -2.87453e-05 0.474919
2.23205e-05 5.26594e-05 -1 0.256559
0 0 0 1
0.140919 -0.990021 -5.53615e-05 -0.2177
-0.990021 -0.140919 -3.27686e-05 0.475034
2.46401e-05 5.94268e-05 -1 0.257378
0 0 0 1
0.156454 -0.987685 -6.1213e-05 -0.214112
-0.987685 -0.156454 -3.68845e-05 0.475149
2.68532e-05 6.62299e-05 -1 0.258198
0 0 0 1
0.171951 -0.985106 -6.6999e-05 -0.210523
-0.985106 -0.171951 -4.10917e-05 0.475264
2.89591e-05 7.30668e-05 -1 0.259018
0 0 0 1
0.187405 -0.982283 -7.27182e-05 -0.206934
-0.982283 -0.187405 -4.53893e-05 0.475379
3.09573e-05 7.99361e-05 -1 0.259838
0 0 0 1
0.202813 -0.979217 -7.83693e-05 -0.203345
-0.979217 -0.202813 -4.97762e-05 0.475494
3.28474e-05 8.68358e-05 -1 0.260658
0 0 0 1
0.218171 -0.975911 -8.39507e-05 -0.199756
-0.975911 -0.218171 -5.42513e-05 0.475608
3.46288e-05 9.37644e-05 -1 0.261478
0 0 0 1
0.233475 -0.972363 -8.94611e-05 -0.196167
-0.972363 -0.233475 -5.88136e-05 0.475723
3.63012e-05 0.00010072 -1 0.262297
0 0 0 1
0.248721 -0.968575 -9.48992e-05 -0.192579
-0.968575 -0.248721 -6.34619e-05 0.475838
3.78641e-05 0.000107701 -1 0.263117
0 0 0 1
0.263906 -0.964548 -0.000100264 -0.18899
-0.964548 -0.263906 -6.8195e-05 0.475953
3.93172e-05 0.000114706 -1 0.263937
0 0 0 1
0.279026 -0.960284 -0.000105553 -0.185401
-0.960284 -0.279026 -7.30118e-05 0.476068
4.066e-05 0.000121733 -1 0.264757
0 0 0 1
0.294077 -0.955782 -0.000110766 -0.181812
-0.955782 -0.294077 -7.79111e-05 0.476183
4.18923e-05 0.00012878 -1 0.265577
0 0 0 1
0.309055 -0.951044 -0.000115901 -0.178223
-0.951044 -0.309055 -8.28917e-05 0.476298
4.30137e-05 0.000135845 -1 0.266397
0 0 0 1
0.323958 -0.946072 -0.000120958 -0.174634
-0.946072 -0.323958 -8.79524e-05 0.476413
4.4024e-05 0.000142928 -1 0.267216
0 0 0 1
0.33878 -0.940866 -0.000125934 -0.171046
-0.940866 -0.33878 -9.30918e-05 0.476527
4.49229e-05 0.000150025 -1 0.268036
0 0 0 1
0.353518 -0.935428 -0.000130829 -0.167457
-0.935428 -0.353518 -9.83089e-05 0.476642
4.57102e-05 0.000157135 -1 0.268856
0 0 0 1
0.36817 -0.929759 -0.000135642 -0.163868
-0.929759 -0.36817 -0.000103602 0.476757
4.63857e-05 0.000164257 -1 0.269676
0 0 0 1
0.38273 -0.92386 -0.000140371 -0.160279
-0.92386 -0.38273 -0.00010897 0.476872
4.69493e-05 0.000171389 -1 0.270496
0 0 0 1
0.397196 -0.917734 -0.000145015 -0.15669
-0.917734 -0.397196 -0.000114412 0.476987
4.74007e-05 0.000178529 -1 0.271316
0 0 0 1
0.411564 -0.911381 -0.000149572 -0.153101
-0.911381 -0.411564 -0.000119926 0.477102
4.77399e-05 0.000185675 -1 0.272135
0 0 0 1
0.42583 -0.904803 -0.000154043 -0.149512
-0.904803 -0.42583 -0.000125511 0.477217
4.79668e-05 0.000192825 -1 0.272955
0 0 0 1
0.439992 -0.898002 -0.000158425 -0.145924
-0.898002 -0.439992 -0.000131166 0.477332
4.80814e-05 0.000199978 -1 0.273775
0 0 0 1
0.454045 -0.890979 -0.000162718 -0.142335
-0.890979 -0.454044 -0.000136889 0.477447
4.80836e-05 0.000207132 -1 0.274595
0 0 0 1
0.467985 -0.883736 -0.000166921 -0.138746
-0.883736 -0.467985 -0.000142678 0.477561
4.79734e-05 0.000214285 -1 0.275415
0 0 0 1
0.48181 -0.876276 -0.000171032 -0.135157
-0.876276 -0.48181 -0.000148533 0.477676
4.77508e-05 0.000221436 -1 0.276235
0 0 0 1
0.495517 -0.868598 -0.00017505 -0.131568
-0.868598 -0.495517 -0.000154452 0.477791
4.7416e-05 0.000228582 -1 0.277054
0 0 0 1
0.509101 -0.860707 -0.000178975 -0.127979
-0.860707 -0.509101 -0.000160433 0.477906
4.69689e-05 0.000235722 -1 0.277874
0 0 0 1
0.522559 -0.852603 -0.000182806 -0.124391
-0.852603 -0.522559 -0.000166474 0.478021
4.64097e-05 0.000242854 -1 0.278694
0 0 0 1
0.535888 -0.844289 -0.000186541 -0.120802
-0.844289 -0.535888 -0.000172576 0.478136
4.57385e-05 0.000249976 -1 0.279514
0 0 0 1
0.549085 -0.835766 -0.00019018 -0.117213
-0.835766 -0.549085 -0.000178735 0.478251
4.49556e-05 0.000257087 -1 0.280334
0 0 0 1
0.562147 -0.827037 -0.000193722 -0.113624
-0.827037 -0.562147 -0.000184951 0.478366
4.4061e-05 0.000264185 -1 0.281154
0 0 0 1
0.57507 -0.818104 -0.000197166 -0.110035
-0.818104 -0.57507 -0.000191221 0.478481
4.3055e-05 0.000271268 -1 0.281973
0 0 0 1
0.587851 -0.808969 -0.000200511 -0.106446
-0.808969 -0.587851 -0.000197545 0.478595
4.19379e-05 0.000278334 -1 0.282793
0 0 0 1
0.600486 -0.799635 -0.000203756 -0.102858
-0.799635 -0.600486 -0.000203921 0.47871
4.07099e-05 0.000285382 -1 0.283613
0 0 0 1
0.612974 -0.790103 -0.0002069 -0.0992687
-0.790103 -0.612974 -0.000210347 0.478825
3.93714e-05 0.000292409 -1 0.284433
0 0 0 1
0.62531 -0.780376 -0.000209943 -0.0956798
-0.780376 -0.62531 -0.000216821 0.47894
3.79226e-05 0.000299415 -1 0.285253
0 0 0 1
0.637492 -0.770457 -0.000212884 -0.092091
-0.770457 -0.637492 -0.000223343 0.479055
3.6364e-05 0.000306397 -1 0.286073
0 0 0 1
0.649517 -0.760347 -0.000215722 -0.0885022
-0.760347 -0.649517 -0.00022991 0.47917
3.46958e-05 0.000313354 -1 0.286892
0 0 0 1
0.661382 -0.75005 -0.000218457 -0.0849133
-0.75005 -0.661382 -0.00023652 0.479285
3.29186e-05 0.000320284 -1 0.287712
0 0 0 1
0.673083 -0.739567 -0.000221087 -0.0813245
-0.739567 -0.673083 -0.000243173 0.4794
3.10327e-05 0.000327185 -1 0.288532
0 0 0 1
0.684618 -0.728902 -0.000223613 -0.0777356
-0.728902 -0.684618 -0.000249866 0.479515
2.90387e-05 0.000334055 -1 0.289352
0 0 0 1
0.695984 -0.718057 -0.000226033 -0.0741468
-0.718057 -0.695984 -0.000256598 0.479629
2.69369e-05 0.000340893 -1 0.290172
0 0 0 1
0.707178 -0.707035 -0.000228347 -0.070558
-0.707035 -0.707178 -0.000263368 0.479744
2.4728e-05 0.000347698 -1 0.290992
0 0 0 1
0.718198 -0.695839 -0.000230555 -0.0669691
-0.695839 -0.718198 -0.000270173 0.479859
2.24125e-05 0.000354467 -1 0.291811
0 0 0 1
0.729041 -0.68447 -0.000232655 -0.0633803
-0.684471 -0.729041 -0.000277011 0.479974
1.9991e-05 0.000361198 -1 0.292631
0 0 0 1
0.739703 -0.672933 -0.000234648 -0.0597914
-0.672933 -0.739703 -0.000283882 0.480089
1.7464e-05 0.000367891 -1 0.293451
0 0 0 1
0.750183 -0.66123 -0.000236532 -0.0562026
-0.66123 -0.750183 -0.000290783 0.480204
1.48321e-05 0.000374543 -1 0.294271
0 0 0 1
0.760478 -0.649363 -0.000238308 -0.0526138
-0.649364 -0.760478 -0.000297713 0.480319
1.20961e-05 0.000381153 -1 0.295091
0 0 0 1
0.770585 -0.637337 -0.000239975 -0.0490249
-0.637337 -0.770585 -0.000304671 0.480434
9.25659e-06 0.00038772 -1 0.295911
0 0 0 1
0.780502 -0.625153 -0.000241532 -0.0454361
-0.625153 -0.780502 -0.000311653 0.480548
6.31426e-06 0.00039424 -1 0.29673
0 0 0 1
0.790227 -0.612814 -0.00024298 -0.0418472
-0.612814 -0.790227 -0.000318659 0.480663
3.26987e-06 0.000400714 -1 0.29755
0 0 0 1
0.799756 -0.600325 -0.000244317 -0.0382584
-0.600325 -0.799756 -0.000325687 0.480778
1.24147e-07 0.000407139 -1 0.29837
0 0 0 1
0.809088 -0.587687 -0.000245543 -0.0346696
-0.587687 -0.809088 -0.000332735 0.480893
-3.12212e-06 0.000413514 -1 0.29919
0 0 0 1
0.818221 -0.574904 -0.000246659 -0.0310807
-0.574904 -0.818221 -0.000339801 0.481008
-6.46814e-06 0.000419838 -1 0.30001
0 0 0 1
0.827151 -0.56198 -0.000247663 -0.0274919
-0.56198 -0.827151 -0.000346884 0.481123
-9.91307e-06 0.000426108 -1 0.30083
0 0 0 1
0.835877 -0.548916 -0.000248557 -0.023903
-0.548916 -0.835877 -0.000353982 0.481238
-1.34561e-05 0.000432323 -1 0.301649
0 0 0 1
0.844397 -0.535718 -0.000249338 -0.0203142
-0.535718 -0.844397 -0.000361093 0.481353
-1.70963e-05 0.000438481 -1 0.302469
0 0 0 1
0.852709 -0.522387 -0.000250008 -0.0167253
-0.522387 -0.852709 -0.000368216 0.481468
-2.08328e-05 0.000444582 -1 0.303289
0 0 0 1
0.86081 -0.508927 -0.000250566 -0.0131365
-0.508927 -0.86081 -0.000375348 0.481582
-2.46647e-05 0.000450623 -1 0.304109
0 0 0 1
0.868699 -0.495341 -0.000251011 -0.00954767
-0.495341 -0.868699 -0.000382488 0.481697
-2.8591e-05 0.000456603 -1 0.304929
0 0 0 1
0.876373 -0.481633 -0.000251345 -0.00595883
-0.481633 -0.876373 -0.000389634 0.481812
-3.26107e-05 0.000462521 -1 0.305749
0 0 0 1
0.883831 -0.467807 -0.000251566 -0.00236999
-0.467807 -0.883831 -0.000396785 0.481927
-3.6723e-05 0.000468375 -1 0.306568
0 0 0 1
0.891071 -0.453864 -0.000251675 0.00121885
-0.453864 -0.891071 -0.000403938 0.482042
-4.09267e-05 0.000474164 -1 0.307388
0 0 0 1
0.898091 -0.43981 -0.000251671 0.0048077
-0.43981 -0.898091 -0.000411092 0.482157
-4.52208e-05 0.000479885 -1 0.308208
0 0 0 1
0.904889 -0.425648 -0.000251555 0.00839654
-0.425648 -0.904889 -0.000418245 0.482272
-4.96042e-05 0.000485539 -1 0.309028
0 0 0 1
0.911464 -0.41138 -0.000251327 0.0119854
-0.41138 -0.911464 -0.000425395 0.482387
-5.4076e-05 0.000491123 -1 0.309848
0 0 0 1
0.917814 -0.397011 -0.000250986 0.0155742
-0.397011 -0.917814 -0.000432541 0.482502
-5.86349e-05 0.000496636 -1 0.310668
0 0 0 1
0.923938 -0.382543 -0.000250533 0.0191631
-0.382543 -0.923937 -0.000439681 0.482616
-6.32798e-05 0.000502077 -1 0.311487
0 0 0 1
0.929833 -0.367982 -0.000249968 0.0227519
-0.367982 -0.929833 -0.000446812 0.482731
-6.80097e-05 0.000507445 -1 0.312307
0 0 0 1
0.935499 -0.353329 -0.000249291 0.0263407
-0.353329 -0.935499 -0.000453934 0.482846
-7.28233e-05 0.000512737 -1 0.313127
0 0 0 1
0.940934 -0.33859 -0.000248502 0.0299296
-0.33859 -0.940934 -0.000461045 0.482961
-7.77194e-05 0.000517953 -1 0.313947
0 0 0 1
0.946137 -0.323766 -0.000247602 0.0335184
-0.323766 -0.946137 -0.000468142 0.483076
-8.26969e-05 0.000523091 -1 0.314767
0 0 0 1
0.951106 -0.308863 -0.00024659 0.0371073
-0.308863 -0.951106 -0.000475224 0.483191
-8.77544e-05 0.000528151 -1 0.315587
0 0 0 1
0.955841 -0.293884 -0.000245467 0.0406961
-0.293884 -0.955841 -0.000482289 0.483306
-9.28909e-05 0.000533131 -1 0.316406
0 0 0 1
0.96034 -0.278832 -0.000244234 0.0442849
-0.278832 -0.96034 -0.000489336 0.483421
-9.81049e-05 0.000538029 -1 0.317226
0 0 0 1
0.964602 -0.263711 -0.000242889 0.0478738
-0.263711 -0.964602 -0.000496362 0.483536
-0.000103395 0.000542845 -1 0.318046
0 0 0 1
0.968625 -0.248525 -0.000241435 0.0514626
-0.248525 -0.968625 -0.000503367 0.48365
-0.000108761 0.000547577 -1 0.318866
0 0 0 1
0.97241 -0.233278 -0.000239871 0.0550515
-0.233278 -0.97241 -0.000510348 0.483765
-0.0001142 0.000552224 -1 0.319686
0 0 0 1
0.975955 -0.217974 -0.000238197 0.0586403
-0.217974 -0.975955 -0.000517303 0.48388
-0.000119711 0.000556785 -1 0.320506
0 0 0 1
0.979258 -0.202615 -0.000236414 0.0622291
-0.202615 -0.979258 -0.000524231 0.483995
-0.000125293 0.000561259 -1 0.321325
0 0 0 1
0.982321 -0.187207 -0.000234523 0.065818
-0.187207 -0.98232 -0.000531131 0.48411
-0.000130945 0.000565645 -1 0.322145
0 0 0 1
0.98514 -0.171752 -0.000232523 0.0694068
-0.171752 -0.98514 -0.000537999 0.484225
-0.000136665 0.000569941 -1 0.322965
0 0 0 1
0.987717 -0.156255 -0.000230416 0.0729957
-0.156255 -0.987717 -0.000544836 0.48434
-0.000142452 0.000574147 -1 0.323785
0 0 0 1
0.99005 -0.140719 -0.000228201 0.0765845
-0.140719 -0.990049 -0.000551639 0.484455
-0.000148304 0.000578262 -1 0.324605
0 0 0 1
0.992138 -0.125149 -0.00022588 0.0801734
-0.125149 -0.992138 -0.000558406 0.484569
-0.000154221 0.000582284 -1 0.325425
0 0 0 1
0.993982 -0.109547 -0.000223453 0.0837622
-0.109548 -0.993981 -0.000565135 0.484684
-0.000160199 0.000586213 -1 0.326244
0 0 0 1
0.99558 -0.0939191 -0.000220921 0.087351
-0.0939192 -0.99558 -0.000571826 0.484799
-0.000166239 0.000590047 -1 0.327064
0 0 0 1
0.996932 -0.0782676 -0.000218283 0.0909399
-0.0782677 -0.996932 -0.000578476 0.484914
-0.000172338 0.000593786 -1 0.327884
0 0 0 1
0.998039 -0.0625968 -0.000215542 0.0945287
-0.0625969 -0.998039 -0.000585084 0.485029
-0.000178495 0.000597429 -1 0.328704
0 0 0 1
0.998899 -0.0469106 -0.000212697 0.0981176
-0.0469107 -0.998899 -0.000591648 0.485144
-0.000184709 0.000600974 -1 0.329524
0 0 0 1
0.999513 -0.0312127 -0.00020975 0.101706
-0.0312128 -0.999513 -0.000598166 0.485259
-0.000190977 0.000604422 -1 0.330344
0 0 0 1
0.99988 -0.0155072 -0.0002067 0.105295
-0.0155073 -0.99988 -0.000604638 0.485374
-0.000197299 0.00060777 -1 0.331163
0 0 0 1
1 0.000202175 -0.000203549 0.108884
0.000202051 -1 -0.00061106 0.485489
-0.000203673 0.000611019 -1 0.331983
0 0 0 1
1 0.000203673 -0.000203549 0.108884
0.000203549 -1 -0.000611061 0.485489
-0.000203673 0.00061102 -1 0.331983
0 0 0 1
0.99988 -0.0155061 -0.0002067 0.110796
-0.0155062 -0.99988 -0.000604638 0.475633
-0.000197299 0.000607771 -1 0.331163
0 0 0 1
0.999513 -0.031212 -0.00020975 0.112707
-0.0312121 -0.999513 -0.000598167 0.465778
-0.000190977 0.000604422 -1 0.330344
0 0 0 1
0.998899 -0.0469102 -0.000212697 0.114618
-0.0469103 -0.998899 -0.000591648 0.455923
-0.000184709 0.000600974 -1 0.329524
0 0 0 1
0.998039 -0.0625968 -0.000215542 0.116529
-0.0625969 -0.998039 -0.000585084 0.446068
-0.000178495 0.000597429 -1 0.328704
0 0 0 1
0.996932 -0.078268 -0.000218284 0.11844
-0.0782681 -0.996932 -0.000578476 0.436213
-0.000172338 0.000593786 -1 0.327884
0 0 0 1
0.99558 -0.0939199 -0.000220921 0.120352
-0.09392 -0.99558 -0.000571826 0.426358
-0.000166239 0.000590047 -1 0.327064
0 0 0 1
0.993981 -0.109549 -0.000223453 0.122263
-0.109549 -0.993981 -0.000565135 0.416503
-0.000160199 0.000586212 -1 0.326244
0 0 0 1
0.992138 -0.12515 -0.00022588 0.124174
-0.12515 -0.992138 -0.000558405 0.406648
-0.00015422 0.000582284 -1 0.325425
0 0 0 1
0.990049 -0.140721 -0.000228201 0.126085
-0.140721 -0.990049 -0.000551638 0.396793
-0.000148304 0.000578261 -1 0.324605
0 0 0 1
0.987716 -0.156257 -0.000230416 0.127996
-0.156257 -0.987716 -0.000544835 0.386937
-0.000142451 0.000574147 -1 0.323785
0 0 0 1
0.98514 -0.171754 -0.000232523 0.129908
-0.171755 -0.98514 -0.000537998 0.377082
-0.000136664 0.00056994 -1 0.322965
0 0 0 1
0.98232 -0.187209 -0.000234523 0.131819
-0.18721 -0.98232 -0.000531129 0.367227
-0.000130944 0.000565644 -1 0.322145
0 0 0 1
0.979258 -0.202618 -0.000236414 0.13373
-0.202618 -0.979258 -0.00052423 0.357372
-0.000125292 0.000561258 -1 0.321325
0 0 0 1
0.975954 -0.217977 -0.000238197 0.135641
-0.217977 -0.975954 -0.000517301 0.347517
-0.00011971 0.000556784 -1 0.320505
0 0 0 1
0.972409 -0.233282 -0.000239871 0.137552
-0.233282 -0.972409 -0.000510346 0.337662
-0.000114198 0.000552223 -1 0.319686
0 0 0 1
0.968624 -0.24853 -0.000241435 0.139464
-0.24853 -0.968624 -0.000503365 0.327807
-0.000108759 0.000547575 -1 0.318866
0 0 0 1
0.9646 -0.263716 -0.00024289 0.141375
-0.263716 -0.9646 -0.00049636 0.317952
-0.000103394 0.000542843 -1 0.318046
0 0 0 1
0.960338 -0.278837 -0.000244234 0.143286
-0.278837 -0.960338 -0.000489333 0.308097
-9.81032e-05 0.000538027 -1 0.317226
0 0 0 1
0.955839 -0.293889 -0.000245468 0.145197
-0.293889 -0.955839 -0.000482286 0.298241
-9.2889e-05 0.000533129 -1 0.316406
0 0 0 1
0.951105 -0.308869 -0.000246591 0.147108
-0.308869 -0.951104 -0.000475221 0.288386
-8.77525e-05 0.000528149 -1 0.315586
0 0 0 1
0.946135 -0.323772 -0.000247602 0.14902
-0.323772 -0.946135 -0.000468139 0.278531
-8.26948e-05 0.000523089 -1 0.314766
0 0 0 1
0.940932 -0.338596 -0.000248503 0.150931
-0.338596 -0.940932 -0.000461042 0.268676
-7.77173e-05 0.000517951 -1 0.313947
0 0 0 1
0.935497 -0.353336 -0.000249291 0.152842
-0.353336 -0.935496 -0.000453931 0.258821
-7.28211e-05 0.000512734 -1 0.313127
0 0 0 1
0.92983 -0.367989 -0.000249968 0.154753
-0.367989 -0.92983 -0.000446809 0.248966
-6.80074e-05 0.000507442 -1 0.312307
0 0 0 1
0.923935 -0.382551 -0.000250533 0.156664
-0.382551 -0.923934 -0.000439677 0.239111
-6.32775e-05 0.000502075 -1 0.311487
0 0 0 1
0.917811 -0.397018 -0.000250986 0.158576
-0.397018 -0.917811 -0.000432537 0.229256
-5.86325e-05 0.000496634 -1 0.310667
0 0 0 1
0.91146 -0.411388 -0.000251327 0.160487
-0.411388 -0.91146 -0.000425391 0.219401
-5.40735e-05 0.00049112 -1 0.309847
0 0 0 1
0.904885 -0.425656 -0.000251555 0.162398
-0.425656 -0.904885 -0.000418241 0.209545
-4.96017e-05 0.000485536 -1 0.309027
0 0 0 1
0.898087 -0.439819 -0.000251671 0.164309
-0.439819 -0.898086 -0.000411088 0.19969
-4.52182e-05 0.000479882 -1 0.308208
0 0 0 1
0.891066 -0.453873 -0.000251674 0.16622
-0.453873 -0.891066 -0.000403934 0.189835
-4.0924e-05 0.00047416 -1 0.307388
0 0 0 1
0.883826 -0.467815 -0.000251566 0.168132
-0.467816 -0.883826 -0.00039678 0.17998
-3.67203e-05 0.000468371 -1 0.306568
0 0 0 1
0.876368 -0.481642 -0.000251344 0.170043
-0.481642 -0.876368 -0.00038963 0.170125
-3.2608e-05 0.000462517 -1 0.305748
0 0 0 1
0.868693 -0.49535 -0.000251011 0.171954
-0.49535 -0.868693 -0.000382483 0.16027
-2.85882e-05 0.000456599 -1 0.304928
0 0 0 1
0.860804 -0.508936 -0.000250565 0.173865
-0.508936 -0.860804 -0.000375343 0.150415
-2.46619e-05 0.000450619 -1 0.304108
0 0 0 1
0.852703 -0.522396 -0.000250007 0.175776
-0.522396 -0.852703 -0.000368211 0.14056
-2.083e-05 0.000444577 -1 0.303289
0 0 0 1
0.844391 -0.535728 -0.000249338 0.177688
-0.535728 -0.844391 -0.000361088 0.130705
-1.70935e-05 0.000438476 -1 0.302469
0 0 0 1
0.83587 -0.548927 -0.000248556 0.179599
-0.548927 -0.83587 -0.000353977 0.120849
-1.34533e-05 0.000432318 -1 0.301649
0 0 0 1
0.827144 -0.56199 -0.000247663 0.18151
-0.56199 -0.827144 -0.000346879 0.110994
-9.91024e-06 0.000426103 -1 0.300829
0 0 0 1
0.818213 -0.574915 -0.000246658 0.183421
-0.574915 -0.818213 -0.000339795 0.101139
-6.4653e-06 0.000419832 -1 0.300009
0 0 0 1
0.80908 -0.587698 -0.000245542 0.185332
-0.587698 -0.80908 -0.000332729 0.0912841
-3.11929e-06 0.000413509 -1 0.299189
0 0 0 1
0.799748 -0.600336 -0.000244316 0.187244
-0.600336 -0.799748 -0.000325681 0.081429
1.26966e-07 0.000407134 -1 0.298369
0 0 0 1
0.790218 -0.612826 -0.000242978 0.189155
-0.612826 -0.790218 -0.000318653 0.0715739
3.27267e-06 0.000400708 -1 0.29755
0 0 0 1
0.780493 -0.625164 -0.000241531 0.191066
-0.625164 -0.780493 -0.000311646 0.0617188
6.31705e-06 0.000394234 -1 0.29673
0 0 0 1
0.770576 -0.637348 -0.000239973 0.192977
-0.637348 -0.770576 -0.000304664 0.0518637
9.25934e-06 0.000387713 -1 0.29591
0 0 0 1
0.760468 -0.649375 -0.000238307 0.194888
-0.649375 -0.760468 -0.000297707 0.0420086
1.20988e-05 0.000381147 -1 0.29509
0 0 0 1
0.750173 -0.661242 -0.000236531 0.1968
-0.661242 -0.750173 -0.000290777 0.0321535
1.48348e-05 0.000374537 -1 0.29427
0 0 0 1
0.739692 -0.672945 -0.000234646 0.198711
-0.672945 -0.739692 -0.000283875 0.0222984
1.74666e-05 0.000367884 -1 0.29345
0 0 0 1
0.729029 -0.684482 -0.000232653 0.200622
-0.684483 -0.729029 -0.000277004 0.0124432
1.99936e-05 0.000361191 -1 0.29263
0 0 0 1
0.718186 -0.695851 -0.000230553 0.202533
-0.695851 -0.718186 -0.000270165 0.00258813
2.24151e-05 0.000354459 -1 0.291811
0 0 0 1
0.707166 -0.707047 -0.000228345 0.204444
-0.707048 -0.707166 -0.00026336 -0.00726698
2.47305e-05 0.00034769 -1 0.290991
0 0 0 1
0.695971 -0.71807 -0.000226031 0.206356
-0.71807 -0.695971 -0.000256591 -0.0171221
2.69394e-05 0.000340886 -1 0.290171
0 0 0 1
0.684605 -0.728914 -0.00022361 0.208267
-0.728915 -0.684605 -0.000249859 -0.0269772
2.9041e-05 0.000334047 -1 0.289351
0 0 0 1
0.673069 -0.739579 -0.000221084 0.210178
-0.73958 -0.673069 -0.000243165 -0.0368323
3.1035e-05 0.000327177 -1 0.288531
0 0 0 1
0.661368 -0.750062 -0.000218454 0.212089
-0.750062 -0.661368 -0.000236512 -0.0466874
3.29208e-05 0.000320275 -1 0.287711
0 0 0 1
0.649503 -0.760359 -0.000215719 0.214
-0.760359 -0.649503 -0.000229902 -0.0565425
3.46979e-05 0.000313346 -1 0.286891
0 0 0 1
0.637477 -0.770469 -0.00021288 0.215912
-0.770469 -0.637477 -0.000223335 -0.0663976
3.6366e-05 0.000306389 -1 0.286072
0 0 0 1
0.625295 -0.780388 -0.000209939 0.217823
-0.780388 -0.625295 -0.000216813 -0.0762528
3.79245e-05 0.000299406 -1 0.285252
0 0 0 1
0.612958 -0.790115 -0.000206896 0.219734
-0.790115 -0.612958 -0.000210339 -0.0861079
3.93732e-05 0.0002924 -1 0.284432
0 0 0 1
0.60047 -0.799647 -0.000203751 0.221645
-0.799647 -0.60047 -0.000203913 -0.095963
4.07116e-05 0.000285373 -1 0.283612
0 0 0 1
0.587834 -0.808982 -0.000200506 0.223556
-0.808982 -0.587834 -0.000197537 -0.105818
4.19395e-05 0.000278325 -1 0.282792
0 0 0 1
0.575052 -0.818117 -0.000197161 0.225468
-0.818117 -0.575052 -0.000191213 -0.115673
4.30565e-05 0.000271258 -1 0.281972
0 0 0 1
0.562129 -0.82705 -0.000193717 0.227379
-0.82705 -0.562129 -0.000184942 -0.125528
4.40623e-05 0.000264175 -1 0.281153
0 0 0 1
0.549067 -0.835778 -0.000190175 0.22929
-0.835778 -0.549067 -0.000178726 -0.135383
4.49568e-05 0.000257077 -1 0.280333
0 0 0 1
0.535869 -0.844301 -0.000186536 0.231201
-0.844301 -0.535869 -0.000172567 -0.145239
4.57396e-05 0.000249966 -1 0.279513
0 0 0 1
0.522539 -0.852615 -0.000182801 0.233112
-0.852615 -0.522539 -0.000166466 -0.155094
4.64106e-05 0.000242843 -1 0.278693
0 0 0 1
0.509081 -0.860719 -0.00017897 0.235024
-0.860719 -0.509081 -0.000160424 -0.164949
4.69696e-05 0.000235711 -1 0.277873
0 0 0 1
0.495496 -0.86861 -0.000175044 0.236935
-0.86861 -0.495496 -0.000154443 -0.174804
4.74166e-05 0.000228571 -1 0.277053
0 0 0 1
0.481789 -0.876287 -0.000171026 0.238846
-0.876287 -0.481789 -0.000148524 -0.184659
4.77513e-05 0.000221425 -1 0.276233
0 0 0 1
0.467964 -0.883748 -0.000166914 0.240757
-0.883748 -0.467964 -0.000142669 -0.194514
4.79736e-05 0.000214274 -1 0.275414
0 0 0 1
0.454022 -0.89099 -0.000162712 0.242668
-0.89099 -0.454022 -0.00013688 -0.204369
4.80837e-05 0.000207121 -1 0.274594
0 0 0 1
0.439969 -0.898013 -0.000158418 0.24458
-0.898013 -0.439969 -0.000131157 -0.214224
4.80813e-05 0.000199967 -1 0.273774
0 0 0 1
0.425807 -0.904814 -0.000154036 0.246491
-0.904814 -0.425807 -0.000125502 -0.224079
4.79666e-05 0.000192813 -1 0.272954
0 0 0 1
0.411541 -0.911391 -0.000149565 0.248402
-0.911391 -0.411541 -0.000119917 -0.233935
4.77395e-05 0.000185663 -1 0.272134
0 0 0 1
0.397172 -0.917744 -0.000145007 0.250313
-0.917744 -0.397172 -0.000114403 -0.24379
4.74e-05 0.000178517 -1 0.271314
0 0 0 1
0.382706 -0.92387 -0.000140363 0.252224
-0.92387 -0.382706 -0.000108961 -0.253645
4.69484e-05 0.000171377 -1 0.270494
0 0 0 1
0.368145 -0.929769 -0.000135634 0.254136
-0.929769 -0.368145 -0.000103593 -0.2635
4.63847e-05 0.000164245 -1 0.269675
0 0 0 1
0.353493 -0.935437 -0.000130821 0.256047
-0.935437 -0.353493 -9.82997e-05 -0.273355
4.5709e-05 0.000157123 -1 0.268855
0 0 0 1
0.338754 -0.940875 -0.000125926 0.257958
-0.940875 -0.338754 -9.30827e-05 -0.28321
4.49214e-05 0.000150012 -1 0.268035
0 0 0 1
0.323931 -0.946081 -0.000120949 0.259869
-0.946081 -0.323931 -8.79433e-05 -0.293065
4.40223e-05 0.000142915 -1 0.267215
0 0 0 1
0.309028 -0.951053 -0.000115892 0.26178
-0.951053 -0.309028 -8.28826e-05 -0.30292
4.30118e-05 0.000135833 -1 0.266395
0 0 0 1
0.294049 -0.95579 -0.000110756 0.263692
-0.95579 -0.294049 -7.7902e-05 -0.312775
4.18901e-05 0.000128767 -1 0.265575
0 0 0 1
0.278998 -0.960292 -0.000105543 0.265603
-0.960292 -0.278998 -7.30028e-05 -0.322631
4.06576e-05 0.00012172 -1 0.264755
0 0 0 1
0.263878 -0.964556 -0.000100254 0.267514
-0.964556 -0.263878 -6.8186e-05 -0.332486
3.93146e-05 0.000114693 -1 0.263936
0 0 0 1
0.248692 -0.968583 -9.48889e-05 0.269425
-0.968583 -0.248692 -6.34529e-05 -0.342341
3.78613e-05 0.000107688 -1 0.263116
0 0 0 1
0.233445 -0.97237 -8.94505e-05 0.271336
-0.97237 -0.233445 -5.88047e-05 -0.352196
3.62981e-05 0.000100707 -1 0.262296
0 0 0 1
0.218141 -0.975917 -8.39398e-05 0.273248
-0.975917 -0.218141 -5.42425e-05 -0.362051
3.46255e-05 9.37508e-05 -1 0.261476
0 0 0 1
0.202783 -0.979224 -7.83582e-05 0.275159
-0.979224 -0.202783 -4.97674e-05 -0.371906
3.28438e-05 8.68221e-05 -1 0.260656
0 0 0 1
0.187374 -0.982289 -7.27069e-05 0.27707
-0.982289 -0.187374 -4.53806e-05 -0.381761
3.09534e-05 7.99223e-05 -1 0.259836
0 0 0 1
0.17192 -0.985111 -6.69873e-05 0.278981
-0.985111 -0.17192 -4.10831e-05 -0.391616
2.89549e-05 7.3053e-05 -1 0.259016
0 0 0 1
0.156423 -0.98769 -6.1201e-05 0.280892
-0.98769 -0.156423 -3.68759e-05 -0.401471
2.68488e-05 6.62159e-05 -1 0.258197
0 0 0 1
0.140887 -0.990026 -5.53493e-05 0.282804
-0.990026 -0.140887 -3.27602e-05 -0.411327
2.46354e-05 5.94127e-05 -1 0.257377
0 0 0 1
0.125317 -0.992117 -4.94337e-05 0.284715
-0.992117 -0.125317 -2.87369e-05 -0.421182
2.23155e-05 5.26452e-05 -1 0.256557
0 0 0 1
0.109715 -0.993963 -4.34556e-05 0.286626
-0.993963 -0.109715 -2.48071e-05 -0.431037
1.98896e-05 4.5915e-05 -1 0.255737
0 0 0 1
0.0940868 -0.995564 -3.74165e-05 0.288537
-0.995564 -0.0940868 -2.09716e-05 -0.440892
1.73582e-05 3.92237e-05 -1 0.254917
0 0 0 1
0.0784352 -0.996919 -3.13179e-05 0.290448
-0.996919 -0.0784352 -1.72315e-05 -0.450747
1.4722e-05 3.2573e-05 -1 0.254097
0 0 0 1
0.0627642 -0.998028 -2.51613e-05 0.29236
-0.998028 -0.0627642 -1.35877e-05 -0.460602
1.19817e-05 2.59645e-05 -1 0.253278
0 0 0 1
0.0470777 -0.998891 -1.89482e-05 0.294271
-0.998891 -0.0470777 -1.0041e-05 -0.470457
9.13786e-06 1.93999e-05 -1 0.252458
0 0 0 1
0.0313796 -0.999508 -1.26801e-05 0.296182
-0.999508 -0.0313796 -6.59241e-06 -0.480312
6.19126e-06 1.28807e-05 -1 0.251638
0 0 0 1
0.0156738 -0.999877 -6.35865e-06 0.298093
-0.999877 -0.0156738 -3.24268e-06 -0.490167
3.14262e-06 6.4087e-06 -1 0.250818
0 0 0 1
6.12323e-17 -1 -1.22465e-16 0.3
-1 -6.12323e-17 -7.4988e-33 -0.5
0 1.22465e-16 -1 0.25
0 0 0 1
6.12323e-17 -1 -1.22465e-16 0.3
-1 -6.12323e-17 -7.4988e-33 -0.5
0 1.22465e-16 -1 0.248
0 0 0 1
6.12323e-17 -1 -1.22465e-16 0.3
-1 -6.12323e-17 -7.4988e-33 -0.5
0 1.22465e-16 -1 0.246
0 0 0 1
6.12323e-17 -1 -1.22465e-16 0.3
-1 -6.12323e-17 -7.4988e-33 -0.5
0 1.22465e-16 -1 0.244
0 0 0 1
6.12323e-17 -1 -1.22465e-16 0.3
-1 -6.12323e-17 -7.4988e-33 -0.5
0 1.22465e-16 -1 0.242
0 0 0 1
6.12323e-17 -1 -1.22465e-16 0.3
-1 -6.12323e-17 -7.4988e-33 -0.5
0 1.22465e-16 -1 0.24
0 0 0 1
6.12323e-17 -1 -1.22465e-16 0.3
-1 -6.12323e-17 -7.4988e-33 -0.5
0 1.22465e-16 -1 0.238
0 0 0 1
6.12323e-17 -1 -1.22465e-16 0.3
-1 -6.12323e-17 -7.4988e-33 -0.5
0 1.22465e-16 -1 0.236
0 0 0 1
6.12323e-17 -1 -1.22465e-16 0.3
-1 -6.12323e-17 -7.4988e-33 -0.5
0 1.22465e-16 -1 0.234
0 0 0 1
6.12323e-17 -1 -1.22465e-16 0.3
-1 -6.12323e-17 -7.4988e-33 -0.5
0 1.22465e-16 -1 0.232
0 0 0 1
6.12323e-17 -1 -1.22465e-16 0.3
-1 -6.12323e-17 -7.4988e-33 -0.5
0 1.22465e-16 -1 0.23
0 0 0 1
6.12323e-17 -1 -1.22465e-16 0.3
-1 -6.12323e-17 -7.4988e-33 -0.5
0 1.22465e-16 -1 0.227999
0 0 0 1
6.12323e-17 -1 -1.22465e-16 0.3
-1 -6.12323e-17 -7.4988e-33 -0.5
0 1.22465e-16 -1 0.225999
0 0 0 1
6.12323e-17 -1 -1.22465e-16 0.3
-1 -6.12323e-17 -7.4988e-33 -0.5
0 1.22465e-16 -1 0.223999
0 0 0 1
6.12323e-17 -1 -1.22465e-16 0.3
-1 -6.12323e-17 -7.4988e-33 -0.5
0 1.22465e-16 -1 0.221999
0 0 0 1
6.12323e-17 -1 -1.22465e-16 0.3
-1 -6.12323e-17 -7.4988e-33 -0.5
0 1.22465e-16 -1 0.219999
0 0 0 1
6.12323e-17 -1 -1.22465e-16 0.3
-1 -6.12323e-17 -7.4988e-33 -0.5
0 1.22465e-16 -1 0.217999
0 0 0 1
6.12323e-17 -1 -1.22465e-16 0.3
-1 -6.12323e-17 -7.4988e-33 -0.5
0 1.22465e-16 -1 0.215999
0 0 0 1
6.12323e-17 -1 -1.22465e-16 0.3
-1 -6.12323e-17 -7.4988e-33 -0.5
0 1.22465e-16 -1 0.213999
0 0 0 1
6.12323e-17 -1 -1.22465e-16 0.3
-1 -6.12323e-17 -7.4988e-33 -0.5
0 1.22465e-16 -1 0.211999
0 0 0 1
6.12323e-17 -1 -1.22465e-16 0.3
-1 -6.12323e-17 -7.4988e-33 -0.5
0 1.22465e-16 -1 0.209999
0 0 0 1
6.12323e-17 -1 -1.22465e-16 0.3
-1 -6.12323e-17 -7.4988e-33 -0.5
0 1.22465e-16 -1 0.207999
0 0 0 1
6.12323e-17 -1 -1.22465e-16 0.3
-1 -6.12323e-17 -7.4988e-33 -0.5
0 1.22465e-16 -1 0.205999
0 0 0 1
6.12323e-17 -1 -1.22465e-16 0.3
-1 -6.12323e-17 -7.4988e-33 -0.5
0 1.22465e-16 -1 0.203999
0 0 0 1
6.12323e-17 -1 -1.22465e-16 0.3
-1 -6.12323e-17 -7.4988e-33 -0.5
0 1.22465e-16 -1 0.201999
0 0 0 1
6.12323e-17 -1 -1.22465e-16 0.3
-1 -6.12323e-17 -7.4988e-33 -0.5
0 1.22465e-16 -1 0.199999
0 0 0 1
6.12323e-17 -1 -1.22465e-16 0.3
-1 -6.12323e-17 -7.4988e-33 -0.5
0 1.22465e-16 -1 0.197999
0 0 0 1
6.12323e-17 -1 -1.22465e-16 0.3
-1 -6.12323e-17 -7.4988e-33 -0.5
0 1.22465e-16 -1 0.195999
0 0 0 1
6.12323e-17 -1 -1.22465e-16 0.3
-1 -6.12323e-17 -7.4988e-33 -0.5
0 1.22465e-16 -1 0.193999
0 0 0 1
6.12323e-17 -1 -1.22465e-16 0.3
-1 -6.12323e-17 -7.4988e-33 -0.5
0 1.22465e-16 -1 0.191999
0 0 0 1
6.12323e-17 -1 -1.22465e-16 0.3
-1 -6.12323e-17 -7.4988e-33 -0.5
0 1.22465e-16 -1 0.189999
0 0 0 1
6.12323e-17 -1 -1.22465e-16 0.3
-1 -6.12323e-17 -7.4988e-33 -0.5
0 1.22465e-16 -1 0.187999
0 0 0 1
6.12323e-17 -1 -1.22465e-16 0.3
-1 -6.12323e-17 -7.4988e-33 -0.5
0 1.22465e-16 -1 0.185999
0 0 0 1
6.12323e-17 -1 -1.22465e-16 0.3
-1 -6.12323e-17 -7.4988e-33 -0.5
0 1.22465e-16 -1 0.183998
0 0 0 1
6.12323e-17 -1 -1.22465e-16 0.3
-1 -6.12323e-17 -7.4988e-33 -0.5
0 1.22465e-16 -1 0.181998
0 0 0 1
6.12323e-17 -1 -1.22465e-16 0.3
-1 -6.12323e-17 -7.4988e-33 -0.5
0 1.22465e-16 -1 0.179998
0 0 0 1
6.12323e-17 -1 -1.22465e-16 0.3
-1 -6.12323e-17 -7.4988e-33 -0.5
0 1.22465e-16 -1 0.177998
0 0 0 1
6.12323e-17 -1 -1.22465e-16 0.3
-1 -6.12323e-17 -7.4988e-33 -0.5
0 1.22465e-16 -1 0.175998
0 0 0 1
6.12323e-17 -1 -1.22465e-16 0.3
-1 -6.12323e-17 -7.4988e-33 -0.5
0 1.22465e-16 -1 0.173998
0 0 0 1
6.12323e-17 -1 -1.22465e-16 0.3
-1 -6.12323e-17 -7.4988e-33 -0.5
0 1.22465e-16 -1 0.171998
0 0 0 1
6.12323e-17 -1 -1.22465e-16 0.3
-1 -6.12323e-17 -7.4988e-33 -0.5
0 1.22465e-16 -1 0.169998
0 0 0 1
6.12323e-17 -1 -1.22465e-16 0.3
-1 -6.12323e-17 -7.4988e-33 -0.5
0 1.22465e-16 -1 0.167998
0 0 0 1
6.12323e-17 -1 -1.22465e-16 0.3
-1 -6.12323e-17 -7.4988e-33 -0.5
0 1.22465e-16 -1 0.165998
0 0 0 1
6.12323e-17 -1 -1.22465e-16 0.3
-1 -6.12323e-17 -7.4988e-33 -0.5
0 1.22465e-16 -1 0.163998
0 0 0 1
6.12323e-17 -1 -1.22465e-16 0.3
-1 -6.12323e-17 -7.4988e-33 -0.5
0 1.22465e-16 -1 0.161998
0 0 0 1
6.12323e-17 -1 -1.22465e-16 0.3
-1 -6.12323e-17 -7.4988e-33 -0.5
0 1.22465e-16 -1 0.159998
0 0 0 1
6.12323e-17 -1 -1.22465e-16 0.3
-1 -6.12323e-17 -7.4988e-33 -0.5
0 1.22465e-16 -1 0.157998
0 0 0 1
6.12323e-17 -1 -1.22465e-16 0.3
-1 -6.12323e-17 -7.4988e-33 -0.5
0 1.22465e-16 -1 0.155998
0 0 0 1
6.12323e-17 -1 -1.22465e-16 0.3
-1 -6.12323e-17 -7.4988e-33 -0.5
0 1.22465e-16 -1 0.153998
0 0 0 1
6.12323e-17 -1 -1.22465e-16 0.3
-1 -6.12323e-17 -7.4988e-33 -0.5
0 1.22465e-16 -1 0.151998
0 0 0 1
6.12323e-17 -1 -1.22465e-16 0.3
-1 -6.12323e-17 -7.4988e-33 -0.5
0 1.22465e-16 -1 0.149998
0 0 0 1
6.12323e-17 -1 -1.22465e-16 0.3
-1 -6.12323e-17 -7.4988e-33 -0.5
0 1.22465e-16 -1 0.147998
0 0 0 1
6.12323e-17 -1 -1.22465e-16 0.3
-1 -6.12323e-17 -7.4988e-33 -0.5
0 1.22465e-16 -1 0.145998
0 0 0 1
6.12323e-17 -1 -1.22465e-16 0.3
-1 -6.12323e-17 -7.4988e-33 -0.5
0 1.22465e-16 -1 0.143998
0 0 0 1
6.12323e-17 -1 -1.22465e-16 0.3
-1 -6.12323e-17 -7.4988e-33 -0.5
0 1.22465e-16 -1 0.141998
0 0 0 1
6.12323e-17 -1 -1.22465e-16 0.3
-1 -6.12323e-17 -7.4988e-33 -0.5
0 1.22465e-16 -1 0.139997
0 0 0 1
6.12323e-17 -1 -1.22465e-16 0.3
-1 -6.12323e-17 -7.4988e-33 -0.5
0 1.22465e-16 -1 0.137997
0 0 0 1
6.12323e-17 -1 -1.22465e-16 0.3
-1 -6.12323e-17 -7.4988e-33 -0.5
0 1.22465e-16 -1 0.135997
0 0 0 1
6.12323e-17 -1 -1.22465e-16 0.3
-1 -6.12323e-17 -7.4988e-33 -0.5
0 1.22465e-16 -1 0.133997
0 0 0 1
6.12323e-17 -1 -1.22465e-16 0.3
-1 -6.12323e-17 -7.4988e-33 -0.5
0 1.22465e-16 -1 0.131997
0 0 0 1
6.12323e-17 -1 -1.22465e-16 0.3
-1 -6.12323e-17 -7.4988e-33 -0.5
0 1.22465e-16 -1 0.129997
0 0 0 1
6.12323e-17 -1 -1.22465e-16 0.3
-1 -6.12323e-17 -7.4988e-33 -0.5
0 1.22465e-16 -1 0.127997
0 0 0 1
6.12323e-17 -1 -1.22465e-16 0.3
-1 -6.12323e-17 -7.4988e-33 -0.5
0 1.22465e-16 -1 0.125997
0 0 0 1
6.12323e-17 -1 -1.22465e-16 0.3
-1 -6.12323e-17 -7.4988e-33 -0.5
0 1.22465e-16 -1 0.123997
0 0 0 1
6.12323e-17 -1 -1.22465e-16 0.3
-1 -6.12323e-17 -7.4988e-33 -0.5
0 1.22465e-16 -1 0.121997
0 0 0 1
6.12323e-17 -1 -1.22465e-16 0.3
-1 -6.12323e-17 -7.4988e-33 -0.5
0 1.22465e-16 -1 0.119997
0 0 0 1
6.12323e-17 -1 -1.22465e-16 0.3
-1 -6.12323e-17 -7.4988e-33 -0.5
0 1.22465e-16 -1 0.117997
0 0 0 1
6.12323e-17 -1 -1.22465e-16 0.3
-1 -6.12323e-17 -7.4988e-33 -0.5
0 1.22465e-16 -1 0.115997
0 0 0 1
6.12323e-17 -1 -1.22465e-16 0.3
-1 -6.12323e-17 -7.4988e-33 -0.5
0 1.22465e-16 -1 0.113997
0 0 0 1
6.12323e-17 -1 -1.22465e-16 0.3
-1 -6.12323e-17 -7.4988e-33 -0.5
0 1.22465e-16 -1 0.111997
0 0 0 1
6.12323e-17 -1 -1.22465e-16 0.3
-1 -6.12323e-17 -7.4988e-33 -0.5
0 1.22465e-16 -1 0.109997
0 0 0 1
6.12323e-17 -1 -1.22465e-16 0.3
-1 -6.12323e-17 -7.4988e-33 -0.5
0 1.22465e-16 -1 0.107997
0 0 0 1
6.12323e-17 -1 -1.22465e-16 0.3
-1 -6.12323e-17 -7.4988e-33 -0.5
0 1.22465e-16 -1 0.105997
0 0 0 1
6.12323e-17 -1 -1.22465e-16 0.3
-1 -6.12323e-17 -7.4988e-33 -0.5
0 1.22465e-16 -1 0.103997
0 0 0 1
6.12323e-17 -1 -1.22465e-16 0.3
-1 -6.12323e-17 -7.4988e-33 -0.5
0 1.22465e-16 -1 0.101997
0 0 0 1
6.12323e-17 -1 -1.22465e-16 0.3
-1 -6.12323e-17 -7.4988e-33 -0.5
0 1.22465e-16 -1 0.0999966
0 0 0 1
6.12323e-17 -1 -1.22465e-16 0.3
-1 -6.12323e-17 -7.4988e-33 -0.5
0 1.22465e-16 -1 0.0979965
0 0 0 1
6.12323e-17 -1 -1.22465e-16 0.3
-1 -6.12323e-17 -7.4988e-33 -0.5
0 1.22465e-16 -1 0.0959965
0 0 0 1
6.12323e-17 -1 -1.22465e-16 0.3
-1 -6.12323e-17 -7.4988e-33 -0.5
0 1.22465e-16 -1 0.0939964
0 0 0 1
6.12323e-17 -1 -1.22465e-16 0.3
-1 -6.12323e-17 -7.4988e-33 -0.5
0 1.22465e-16 -1 0.0919964
0 0 0 1
6.12323e-17 -1 -1.22465e-16 0.3
-1 -6.12323e-17 -7.4988e-33 -0.5
0 1.22465e-16 -1 0.0899963
0 0 0 1
6.12323e-17 -1 -1.22465e-16 0.3
-1 -6.12323e-17 -7.4988e-33 -0.5
0 1.22465e-16 -1 0.0879963
0 0 0 1
6.12323e-17 -1 -1.22465e-16 0.3
-1 -6.12323e-17 -7.4988e-33 -0.5
0 1.22465e-16 -1 0.0859962
0 0 0 1
6.12323e-17 -1 -1.22465e-16 0.3
-1 -6.12323e-17 -7.4988e-33 -0.5
0 1.22465e-16 -1 0.0839962
0 0 0 1
6.12323e-17 -1 -1.22465e-16 0.3
-1 -6.12323e-17 -7.4988e-33 -0.5
0 1.22465e-16 -1 0.0819962
0 0 0 1
6.12323e-17 -1 -1.22465e-16 0.3
-1 -6.12323e-17 -7.4988e-33 -0.5
0 1.22465e-16 -1 0.0799961
0 0 0 1
6.12323e-17 -1 -1.22465e-16 0.3
-1 -6.12323e-17 -7.4988e-33 -0.5
0 1.22465e-16 -1 0.0779961
0 0 0 1
6.12323e-17 -1 -1.22465e-16 0.3
-1 -6.12323e-17 -7.4988e-33 -0.5
0 1.22465e-16 -1 0.075996
0 0 0 1
6.12323e-17 -1 -1.22465e-16 0.3
-1 -6.12323e-17 -7.4988e-33 -0.5
0 1.22465e-16 -1 0.073996
0 0 0 1
6.12323e-17 -1 -1.22465e-16 0.3
-1 -6.12323e-17 -7.4988e-33 -0.5
0 1.22465e-16 -1 0.0719959
0 0 0 1
6.12323e-17 -1 -1.22465e-16 0.3
-1 -6.12323e-17 -7.4988e-33 -0.5
0 1.22465e-16 -1 0.0699959
0 0 0 1
6.12323e-17 -1 -1.22465e-16 0.3
-1 -6.12323e-17 -7.4988e-33 -0.5
0 1.22465e-16 -1 0.0679958
0 0 0 1
6.12323e-17 -1 -1.22465e-16 0.3
-1 -6.12323e-17 -7.4988e-33 -0.5
0 1.22465e-16 -1 0.0659958
0 0 0 1
6.12323e-17 -1 -1.22465e-16 0.3
-1 -6.12323e-17 -7.4988e-33 -0.5
0 1.22465e-16 -1 0.0639957
0 0 0 1
6.12323e-17 -1 -1.22465e-16 0.3
-1 -6.12323e-17 -7.4988e-33 -0.5
0 1.22465e-16 -1 0.0619957
0 0 0 1
6.12323e-17 -1 -1.22465e-16 0.3
-1 -6.12323e-17 -7.4988e-33 -0.5
0 1.22465e-16 -1 0.0599957
0 0 0 1
6.12323e-17 -1 -1.22465e-16 0.3
-1 -6.12323e-17 -7.4988e-33 -0.5
0 1.22465e-16 -1 0.0579956
0 0 0 1
6.12323e-17 -1 -1.22465e-16 0.3
-1 -6.12323e-17 -7.4988e-33 -0.5
0 1.22465e-16 -1 0.0559956
0 0 0 1
6.12323e-17 -1 -1.22465e-16 0.3
-1 -6.12323e-17 -7.4988e-33 -0.5
0 1.22465e-16 -1 0.0539955
0 0 0 1
6.12323e-17 -1 -1.22465e-16 0.3
-1 -6.12323e-17 -7.4988e-33 -0.5
0 1.22465e-16 -1 0.0519955
0 0 0 1
6.12323e-17 -1 -1.22465e-16 0.3
-1 -6.12323e-17 -7.4988e-33 -0.5
0 1.22465e-16 -1 0.05
0 0 0 1
6.12323e-17 -1 -1.22465e-16 0.3
-1 -6.12323e-17 -7.4988e-33 -0.5
0 1.22465e-16 -1 0.052
0 0 0 1
6.12323e-17 -1 -1.22465e-16 0.3
-1 -6.12323e-17 -7.4988e-33 -0.5
0 1.22465e-16 -1 0.0540001
0 0 0 1
6.12323e-17 -1 -1.22465e-16 0.3
-1 -6.12323e-17 -7.4988e-33 -0.5
0 1.22465e-16 -1 0.0560001
0 0 0 1
6.12323e-17 -1 -1.22465e-16 0.3
-1 -6.12323e-17 -7.4988e-33 -0.5
0 1.22465e-16 -1 0.0580002
0 0 0 1
6.12323e-17 -1 -1.22465e-16 0.3
-1 -6.12323e-17 -7.4988e-33 -0.5
0 1.22465e-16 -1 0.0600002
0 0 0 1
6.12323e-17 -1 -1.22465e-16 0.3
-1 -6.12323e-17 -7.4988e-33 -0.5
0 1.22465e-16 -1 0.0620003
0 0 0 1
6.12323e-17 -1 -1.22465e-16 0.3
-1 -6.12323e-17 -7.4988e-33 -0.5
0 1.22465e-16 -1 0.0640003
0 0 0 1
6.12323e-17 -1 -1.22465e-16 0.3
-1 -6.12323e-17 -7.4988e-33 -0.5
0 1.22465e-16 -1 0.0660004
0 0 0 1
6.12323e-17 -1 -1.22465e-16 0.3
-1 -6.12323e-17 -7.4988e-33 -0.5
0 1.22465e-16 -1 0.0680004
0 0 0 1
6.12323e-17 -1 -1.22465e-16 0.3
-1 -6.12323e-17 -7.4988e-33 -0.5
0 1.22465e-16 -1 0.0700005
0 0 0 1
6.12323e-17 -1 -1.22465e-16 0.3
-1 -6.12323e-17 -7.4988e-33 -0.5
0 1.22465e-16 -1 0.0720005
0 0 0 1
6.12323e-17 -1 -1.22465e-16 0.3
-1 -6.12323e-17 -7.4988e-33 -0.5
0 1.22465e-16 -1 0.0740005
0 0 0 1
6.12323e-17 -1 -1.22465e-16 0.3
-1 -6.12323e-17 -7.4988e-33 -0.5
0 1.22465e-16 -1 0.0760006
0 0 0 1
6.12323e-17 -1 -1.22465e-16 0.3
-1 -6.12323e-17 -7.4988e-33 -0.5
0 1.22465e-16 -1 0.0780006
0 0 0 1
6.12323e-17 -1 -1.22465e-16 0.3
-1 -6.12323e-17 -7.4988e-33 -0.5
0 1.22465e-16 -1 0.0800007
0 0 0 1
6.12323e-17 -1 -1.22465e-16 0.3
-1 -6.12323e-17 -7.4988e-33 -0.5
0 1.22465e-16 -1 0.0820007
0 0 0 1
6.12323e-17 -1 -1.22465e-16 0.3
-1 -6.12323e-17 -7.4988e-33 -0.5
0 1.22465e-16 -1 0.0840008
0 0 0 1
6.12323e-17 -1 -1.22465e-16 0.3
-1 -6.12323e-17 -7.4988e-33 -0.5
0 1.22465e-16 -1 0.0860008
0 0 0 1
6.12323e-17 -1 -1.22465e-16 0.3
-1 -6.12323e-17 -7.4988e-33 -0.5
0 1.22465e-16 -1 0.0880009
0 0 0 1
6.12323e-17 -1 -1.22465e-16 0.3
-1 -6.12323e-17 -7.4988e-33 -0.5
0 1.22465e-16 -1 0.0900009
0 0 0 1
6.12323e-17 -1 -1.22465e-16 0.3
-1 -6.12323e-17 -7.4988e-33 -0.5
0 1.22465e-16 -1 0.092001
0 0 0 1
6.12323e-17 -1 -1.22465e-16 0.3
-1 -6.12323e-17 -7.4988e-33 -0.5
0 1.22465e-16 -1 0.094001
0 0 0 1
6.12323e-17 -1 -1.22465e-16 0.3
-1 -6.12323e-17 -7.4988e-33 -0.5
0 1.22465e-16 -1 0.0960011
0 0 0 1
6.12323e-17 -1 -1.22465e-16 0.3
-1 -6.12323e-17 -7.4988e-33 -0.5
0 1.22465e-16 -1 0.0980011
0 0 0 1
6.12323e-17 -1 -1.22465e-16 0.3
-1 -6.12323e-17 -7.4988e-33 -0.5
0 1.22465e-16 -1 0.100001
0 0 0 1
6.12323e-17 -1 -1.22465e-16 0.3
-1 -6.12323e-17 -7.4988e-33 -0.5
0 1.22465e-16 -1 0.102001
0 0 0 1
6.12323e-17 -1 -1.22465e-16 0.3
-1 -6.12323e-17 -7.4988e-33 -0.5
0 1.22465e-16 -1 0.104001
0 0 0 1
6.12323e-17 -1 -1.22465e-16 0.3
-1 -6.12323e-17 -7.4988e-33 -0.5
0 1.22465e-16 -1 0.106001
0 0 0 1
6.12323e-17 -1 -1.22465e-16 0.3
-1 -6.12323e-17 -7.4988e-33 -0.5
0 1.22465e-16 -1 0.108001
0 0 0 1
6.12323e-17 -1 -1.22465e-16 0.3
-1 -6.12323e-17 -7.4988e-33 -0.5
0 1.22465e-16 -1 0.110001
0 0 0 1
6.12323e-17 -1 -1.22465e-16 0.3
-1 -6.12323e-17 -7.4988e-33 -0.5
0 1.22465e-16 -1 0.112001
0 0 0 1
6.12323e-17 -1 -1.22465e-16 0.3
-1 -6.12323e-17 -7.4988e-33 -0.5
0 1.22465e-16 -1 0.114001
0 0 0 1
6.12323e-17 -1 -1.22465e-16 0.3
-1 -6.12323e-17 -7.4988e-33 -0.5
0 1.22465e-16 -1 0.116002
0 0 0 1
6.12323e-17 -1 -1.22465e-16 0.3
-1 -6.12323e-17 -7.4988e-33 -0.5
0 1.22465e-16 -1 0.118002
0 0 0 1
6.12323e-17 -1 -1.22465e-16 0.3
-1 -6.12323e-17 -7.4988e-33 -0.5
0 1.22465e-16 -1 0.120002
0 0 0 1
6.12323e-17 -1 -1.22465e-16 0.3
-1 -6.12323e-17 -7.4988e-33 -0.5
0 1.22465e-16 -1 0.122002
0 0 0 1
6.12323e-17 -1 -1.22465e-16 0.3
-1 -6.12323e-17 -7.4988e-33 -0.5
0 1.22465e-16 -1 0.124002
0 0 0 1
6.12323e-17 -1 -1.22465e-16 0.3
-1 -6.12323e-17 -7.4988e-33 -0.5
0 1.22465e-16 -1 0.126002
0 0 0 1
6.12323e-17 -1 -1.22465e-16 0.3
-1 -6.12323e-17 -7.4988e-33 -0.5
0 1.22465e-16 -1 0.128002
0 0 0 1
6.12323e-17 -1 -1.22465e-16 0.3
-1 -6.12323e-17 -7.4988e-33 -0.5
0 1.22465e-16 -1 0.130002
0 0 0 1
6.12323e-17 -1 -1.22465e-16 0.3
-1 -6.12323e-17 -7.4988e-33 -0.5
0 1.22465e-16 -1 0.132002
0 0 0 1
6.12323e-17 -1 -1.22465e-16 0.3
-1 -6.12323e-17 -7.4988e-33 -0.5
0 1.22465e-16 -1 0.134002
0 0 0 1
6.12323e-17 -1 -1.22465e-16 0.3
-1 -6.12323e-17 -7.4988e-33 -0.5
0 1.22465e-16 -1 0.136002
0 0 0 1
6.12323e-17 -1 -1.22465e-16 0.3
-1 -6.12323e-17 -7.4988e-33 -0.5
0 1.22465e-16 -1 0.138002
0 0 0 1
6.12323e-17 -1 -1.22465e-16 0.3
-1 -6.12323e-17 -7.4988e-33 -0.5
0 1.22465e-16 -1 0.140002
0 0 0 1
6.12323e-17 -1 -1.22465e-16 0.3
-1 -6.12323e-17 -7.4988e-33 -0.5
0 1.22465e-16 -1 0.142002
0 0 0 1
6.12323e-17 -1 -1.22465e-16 0.3
-1 -6.12323e-17 -7.4988e-33 -0.5
0 1.22465e-16 -1 0.144002
0 0 0 1
6.12323e-17 -1 -1.22465e-16 0.3
-1 -6.12323e-17 -7.4988e-33 -0.5
0 1.22465e-16 -1 0.146002
0 0 0 1
6.12323e-17 -1 -1.22465e-16 0.3
-1 -6.12323e-17 -7.4988e-33 -0.5
0 1.22465e-16 -1 0.148002
0 0 0 1
6.12323e-17 -1 -1.22465e-16 0.3
-1 -6.12323e-17 -7.4988e-33 -0.5
0 1.22465e-16 -1 0.150002
0 0 0 1
6.12323e-17 -1 -1.22465e-16 0.3
-1 -6.12323e-17 -7.4988e-33 -0.5
0 1.22465e-16 -1 0.152002
0 0 0 1
6.12323e-17 -1 -1.22465e-16 0.3
-1 -6.12323e-17 -7.4988e-33 -0.5
0 1.22465e-16 -1 0.154002
0 0 0 1
6.12323e-17 -1 -1.22465e-16 0.3
-1 -6.12323e-17 -7.4988e-33 -0.5
0 1.22465e-16 -1 0.156002
0 0 0 1
6.12323e-17 -1 -1.22465e-16 0.3
-1 -6.12323e-17 -7.4988e-33 -0.5
0 1.22465e-16 -1 0.158002
0 0 0 1
6.12323e-17 -1 -1.22465e-16 0.3
-1 -6.12323e-17 -7.4988e-33 -0.5
0 1.22465e-16 -1 0.160003
0 0 0 1
6.12323e-17 -1 -1.22465e-16 0.3
-1 -6.12323e-17 -7.4988e-33 -0.5
0 1.22465e-16 -1 0.162003
0 0 0 1
6.12323e-17 -1 -1.22465e-16 0.3
-1 -6.12323e-17 -7.4988e-33 -0.5
0 1.22465e-16 -1 0.164003
0 0 0 1
6.12323e-17 -1 -1.22465e-16 0.3
-1 -6.12323e-17 -7.4988e-33 -0.5
0 1.22465e-16 -1 0.166003
0 0 0 1
6.12323e-17 -1 -1.22465e-16 0.3
-1 -6.12323e-17 -7.4988e-33 -0.5
0 1.22465e-16 -1 0.168003
0 0 0 1
6.12323e-17 -1 -1.22465e-16 0.3
-1 -6.12323e-17 -7.4988e-33 -0.5
0 1.22465e-16 -1 0.170003
0 0 0 1
6.12323e-17 -1 -1.22465e-16 0.3
-1 -6.12323e-17 -7.4988e-33 -0.5
0 1.22465e-16 -1 0.172003
0 0 0 1
6.12323e-17 -1 -1.22465e-16 0.3
-1 -6.12323e-17 -7.4988e-33 -0.5
0 1.22465e-16 -1 0.174003
0 0 0 1
6.12323e-17 -1 -1.22465e-16 0.3
-1 -6.12323e-17 -7.4988e-33 -0.5
0 1.22465e-16 -1 0.176003
0 0 0 1
6.12323e-17 -1 -1.22465e-16 0.3
-1 -6.12323e-17 -7.4988e-33 -0.5
0 1.22465e-16 -1 0.178003
0 0 0 1
6.12323e-17 -1 -1.22465e-16 0.3
-1 -6.12323e-17 -7.4988e-33 -0.5
0 1.22465e-16 -1 0.180003
0 0 0 1
6.12323e-17 -1 -1.22465e-16 0.3
-1 -6.12323e-17 -7.4988e-33 -0.5
0 1.22465e-16 -1 0.182003
0 0 0 1
6.12323e-17 -1 -1.22465e-16 0.3
-1 -6.12323e-17 -7.4988e-33 -0.5
0 1.22465e-16 -1 0.184003
0 0 0 1
6.12323e-17 -1 -1.22465e-16 0.3
-1 -6.12323e-17 -7.4988e-33 -0.5
0 1.22465e-16 -1 0.186003
0 0 0 1
6.12323e-17 -1 -1.22465e-16 0.3
-1 -6.12323e-17 -7.4988e-33 -0.5
0 1.22465e-16 -1 0.188003
0 0 0 1
6.12323e-17 -1 -1.22465e-16 0.3
-1 -6.12323e-17 -7.4988e-33 -0.5
0 1.22465e-16 -1 0.190003
0 0 0 1
6.12323e-17 -1 -1.22465e-16 0.3
-1 -6.12323e-17 -7.4988e-33 -0.5
0 1.22465e-16 -1 0.192003
0 0 0 1
6.12323e-17 -1 -1.22465e-16 0.3
-1 -6.12323e-17 -7.4988e-33 -0.5
0 1.22465e-16 -1 0.194003
0 0 0 1
6.12323e-17 -1 -1.22465e-16 0.3
-1 -6.12323e-17 -7.4988e-33 -0.5
0 1.22465e-16 -1 0.196003
0 0 0 1
6.12323e-17 -1 -1.22465e-16 0.3
-1 -6.12323e-17 -7.4988e-33 -0.5
0 1.22465e-16 -1 0.198003
0 0 0 1
6.12323e-17 -1 -1.22465e-16 0.3
-1 -6.12323e-17 -7.4988e-33 -0.5
0 1.22465e-16 -1 0.200003
0 0 0 1
6.12323e-17 -1 -1.22465e-16 0.3
-1 -6.12323e-17 -7.4988e-33 -0.5
0 1.22465e-16 -1 0.202003
0 0 0 1
6.12323e-17 -1 -1.22465e-16 0.3
-1 -6.12323e-17 -7.4988e-33 -0.5
0 1.22465e-16 -1 0.204004
0 0 0 1
6.12323e-17 -1 -1.22465e-16 0.3
-1 -6.12323e-17 -7.4988e-33 -0.5
0 1.22465e-16 -1 0.206004
0 0 0 1
6.12323e-17 -1 -1.22465e-16 0.3
-1 -6.12323e-17 -7.4988e-33 -0.5
0 1.22465e-16 -1 0.208004
0 0 0 1
6.12323e-17 -1 -1.22465e-16 0.3
-1 -6.12323e-17 -7.4988e-33 -0.5
0 1.22465e-16 -1 0.210004
0 0 0 1
6.12323e-17 -1 -1.22465e-16 0.3
-1 -6.12323e-17 -7.4988e-33 -0.5
0 1.22465e-16 -1 0.212004
0 0 0 1
6.12323e-17 -1 -1.22465e-16 0.3
-1 -6.12323e-17 -7.4988e-33 -0.5
0 1.22465e-16 -1 0.214004
0 0 0 1
6.12323e-17 -1 -1.22465e-16 0.3
-1 -6.12323e-17 -7.4988e-33 -0.5
0 1.22465e-16 -1 0.216004
0 0 0 1
6.12323e-17 -1 -1.22465e-16 0.3
-1 -6.12323e-17 -7.4988e-33 -0.5
0 1.22465e-16 -1 0.218004
0 0 0 1
6.12323e-17 -1 -1.22465e-16 0.3
-1 -6.12323e-17 -7.4988e-33 -0.5
0 1.22465e-16 -1 0.220004
0 0 0 1
6.12323e-17 -1 -1.22465e-16 0.3
-1 -6.12323e-17 -7.4988e-33 -0.5
0 1.22465e-16 -1 0.222004
0 0 0 1
6.12323e-17 -1 -1.22465e-16 0.3
-1 -6.12323e-17 -7.4988e-33 -0.5
0 1.22465e-16 -1 0.224004
0 0 0 1
6.12323e-17 -1 -1.22465e-16 0.3
-1 -6.12323e-17 -7.4988e-33 -0.5
0 1.22465e-16 -1 0.226004
0 0 0 1
6.12323e-17 -1 -1.22465e-16 0.3
-1 -6.12323e-17 -7.4988e-33 -0.5
0 1.22465e-16 -1 0.228004
0 0 0 1
6.12323e-17 -1 -1.22465e-16 0.3
-1 -6.12323e-17 -7.4988e-33 -0.5
0 1.22465e-16 -1 0.230004
0 0 0 1
6.12323e-17 -1 -1.22465e-16 0.3
-1 -6.12323e-17 -7.4988e-33 -0.5
0 1.22465e-16 -1 0.232004
0 0 0 1
6.12323e-17 -1 -1.22465e-16 0.3
-1 -6.12323e-17 -7.4988e-33 -0.5
0 1.22465e-16 -1 0.234004
0 0 0 1
6.12323e-17 -1 -1.22465e-16 0.3
-1 -6.12323e-17 -7.4988e-33 -0.5
0 1.22465e-16 -1 0.236004
0 0 0 1
6.12323e-17 -1 -1.22465e-16 0.3
-1 -6.12323e-17 -7.4988e-33 -0.5
0 1.22465e-16 -1 0.238004
0 0 0 1
6.12323e-17 -1 -1.22465e-16 0.3
-1 -6.12323e-17 -7.4988e-33 -0.5
0 1.22465e-16 -1 0.240004
0 0 0 1
6.12323e-17 -1 -1.22465e-16 0.3
-1 -6.12323e-17 -7.4988e-33 -0.5
0 1.22465e-16 -1 0.242004
0 0 0 1
6.12323e-17 -1 -1.22465e-16 0.3
-1 -6.12323e-17 -7.4988e-33 -0.5
0 1.22465e-16 -1 0.244004
0 0 0 1
6.12323e-17 -1 -1.22465e-16 0.3
-1 -6.12323e-17 -7.4988e-33 -0.5
0 1.22465e-16 -1 0.246004
0 0 0 1
6.12323e-17 -1 -1.22465e-16 0.3
-1 -6.12323e-17 -7.4988e-33 -0.5
0 1.22465e-16 -1 0.248005
0 0 0 1
6.12323e-17 -1 -1.22465e-16 0.3
-1 -6.12323e-17 -7.4988e-33 -0.5
0 1.22465e-16 -1 0.25
0 0 0 1
0.0157097 -0.999877 -6.37318e-06 0.298089
-0.999877 -0.0157097 -3.25023e-06 -0.490145
3.14971e-06 6.42345e-06 -1 0.25082
0 0 0 1
0.0314155 -0.999506 -1.26945e-05 0.296178
-0.999506 -0.0314155 -6.60019e-06 -0.48029
6.19813e-06 1.28956e-05 -1 0.25164
0 0 0 1
0.0471136 -0.99889 -1.89624e-05 0.294266
-0.99889 -0.0471136 -1.0049e-05 -0.470435
9.14449e-06 1.94148e-05 -1 0.25246
0 0 0 1
0.0628001 -0.998026 -2.51754e-05 0.292355
-0.998026 -0.0628001 -1.35959e-05 -0.46058
1.19881e-05 2.59795e-05 -1 0.253279
0 0 0 1
0.078471 -0.996916 -3.13319e-05 0.290444
-0.996916 -0.078471 -1.724e-05 -0.450724
1.47282e-05 3.25881e-05 -1 0.254099
0 0 0 1
0.0941226 -0.995561 -3.74304e-05 0.288533
-0.995561 -0.0941226 -2.09803e-05 -0.440869
1.73641e-05 3.92389e-05 -1 0.254919
0 0 0 1
0.109751 -0.993959 -4.34693e-05 0.286622
-0.993959 -0.109751 -2.4816e-05 -0.431014
1.98953e-05 4.59303e-05 -1 0.255739
0 0 0 1
0.125352 -0.992112 -4.94473e-05 0.28471
-0.992112 -0.125352 -2.8746e-05 -0.421159
2.2321e-05 5.26607e-05 -1 0.256559
0 0 0 1
0.140923 -0.990021 -5.53628e-05 0.282799
-0.990021 -0.140923 -3.27695e-05 -0.411304
2.46406e-05 5.94283e-05 -1 0.257379
0 0 0 1
0.156458 -0.987685 -6.12143e-05 0.280888
-0.987685 -0.156458 -3.68854e-05 -0.401449
2.68537e-05 6.62315e-05 -1 0.258199
0 0 0 1
0.171955 -0.985105 -6.70005e-05 0.278977
-0.985105 -0.171955 -4.10928e-05 -0.391594
2.89596e-05 7.30686e-05 -1 0.259018
0 0 0 1
0.18741 -0.982282 -7.27199e-05 0.277066
-0.982282 -0.18741 -4.53905e-05 -0.381739
3.09579e-05 7.9938e-05 -1 0.259838
0 0 0 1
0.202818 -0.979216 -7.8371e-05 0.275154
-0.979216 -0.202818 -4.97776e-05 -0.371884
3.2848e-05 8.6838e-05 -1 0.260658
0 0 0 1
0.218176 -0.975909 -8.39525e-05 0.273243
-0.975909 -0.218176 -5.42528e-05 -0.362028
3.46294e-05 9.37667e-05 -1 0.261478
0 0 0 1
0.23348 -0.972362 -8.94631e-05 0.271332
-0.972362 -0.23348 -5.88152e-05 -0.352173
3.63018e-05 0.000100723 -1 0.262298
0 0 0 1
0.248727 -0.968574 -9.49012e-05 0.269421
-0.968574 -0.248727 -6.34637e-05 -0.342318
3.78647e-05 0.000107704 -1 0.263118
0 0 0 1
0.263912 -0.964547 -0.000100266 0.26751
-0.964547 -0.263912 -6.81969e-05 -0.332463
3.93178e-05 0.000114709 -1 0.263937
0 0 0 1
0.279033 -0.960282 -0.000105555 0.265598
-0.960282 -0.279033 -7.30139e-05 -0.322608
4.06606e-05 0.000121736 -1 0.264757
0 0 0 1
0.294084 -0.95578 -0.000110768 0.263687
-0.95578 -0.294084 -7.79134e-05 -0.312753
4.18928e-05 0.000128783 -1 0.265577
0 0 0 1
0.309063 -0.951042 -0.000115904 0.261776
-0.951042 -0.309063 -8.28941e-05 -0.302898
4.30142e-05 0.000135849 -1 0.266397
0 0 0 1
0.323965 -0.946069 -0.00012096 0.259865
-0.946069 -0.323965 -8.79549e-05 -0.293043
4.40245e-05 0.000142931 -1 0.267217
0 0 0 1
0.338788 -0.940863 -0.000125937 0.257954
-0.940863 -0.338787 -9.30946e-05 -0.283188
4.49234e-05 0.000150029 -1 0.268037
0 0 0 1
0.353526 -0.935425 -0.000130832 0.256042
-0.935425 -0.353526 -9.83117e-05 -0.273332
4.57106e-05 0.000157139 -1 0.268857
0 0 0 1
0.368178 -0.929755 -0.000135645 0.254131
-0.929755 -0.368178 -0.000103605 -0.263477
4.63861e-05 0.000164262 -1 0.269676
0 0 0 1
0.382739 -0.923857 -0.000140374 0.25222
-0.923857 -0.382739 -0.000108974 -0.253622
4.69496e-05 0.000171393 -1 0.270496
0 0 0 1
0.397205 -0.91773 -0.000145017 0.250309
-0.91773 -0.397205 -0.000114416 -0.243767
4.7401e-05 0.000178533 -1 0.271316
0 0 0 1
0.411573 -0.911377 -0.000149575 0.248398
-0.911377 -0.411573 -0.00011993 -0.233912
4.77401e-05 0.000185679 -1 0.272136
0 0 0 1
0.42584 -0.904798 -0.000154046 0.246486
-0.904798 -0.42584 -0.000125515 -0.224057
4.7967e-05 0.00019283 -1 0.272956
0 0 0 1
0.440002 -0.897997 -0.000158428 0.244575
-0.897997 -0.440002 -0.00013117 -0.214202
4.80815e-05 0.000199983 -1 0.273776
0 0 0 1
0.454055 -0.890974 -0.000162721 0.242664
-0.890974 -0.454055 -0.000136893 -0.204347
4.80836e-05 0.000207137 -1 0.274596
0 0 0 1
0.467995 -0.883731 -0.000166924 0.240753
-0.883731 -0.467995 -0.000142682 -0.194492
4.79733e-05 0.00021429 -1 0.275415
0 0 0 1
0.481821 -0.87627 -0.000171035 0.238842
-0.87627 -0.481821 -0.000148537 -0.184636
4.77506e-05 0.000221441 -1 0.276235
0 0 0 1
0.495527 -0.868592 -0.000175054 0.23693
-0.868592 -0.495527 -0.000154456 -0.174781
4.74157e-05 0.000228587 -1 0.277055
0 0 0 1
0.509112 -0.860701 -0.000178979 0.235019
-0.860701 -0.509111 -0.000160437 -0.164926
4.69685e-05 0.000235728 -1 0.277875
0 0 0 1
0.52257 -0.852596 -0.000182809 0.233108
-0.852596 -0.52257 -0.00016648 -0.155071
4.64092e-05 0.00024286 -1 0.278695
0 0 0 1
0.5359 -0.844282 -0.000186545 0.231197
-0.844282 -0.5359 -0.000172581 -0.145216
4.57379e-05 0.000249982 -1 0.279515
0 0 0 1
0.549097 -0.835759 -0.000190184 0.229286
-0.835759 -0.549097 -0.000178741 -0.135361
4.49548e-05 0.000257093 -1 0.280335
0 0 0 1
0.562159 -0.827029 -0.000193725 0.227374
-0.827029 -0.562159 -0.000184957 -0.125506
4.40601e-05 0.000264191 -1 0.281154
0 0 0 1
0.575082 -0.818096 -0.000197169 0.225463
-0.818096 -0.575082 -0.000191227 -0.115651
4.3054e-05 0.000271274 -1 0.281974
0 0 0 1
0.587863 -0.808961 -0.000200514 0.223552
-0.808961 -0.587863 -0.000197551 -0.105796
4.19368e-05 0.000278341 -1 0.282794
0 0 0 1
0.600499 -0.799626 -0.000203759 0.221641
-0.799626 -0.600499 -0.000203927 -0.0959404
4.07087e-05 0.000285389 -1 0.283614
0 0 0 1
0.612987 -0.790093 -0.000206903 0.21973
-0.790093 -0.612987 -0.000210353 -0.0860853
3.937e-05 0.000292416 -1 0.284434
0 0 0 1
0.625323 -0.780366 -0.000209946 0.217818
-0.780366 -0.625323 -0.000216828 -0.0762302
3.79211e-05 0.000299422 -1 0.285254
0 0 0 1
0.637505 -0.770446 -0.000212887 0.215907
-0.770446 -0.637505 -0.00022335 -0.0663751
3.63623e-05 0.000306405 -1 0.286073
0 0 0 1
0.64953 -0.760336 -0.000215725 0.213996
-0.760336 -0.64953 -0.000229917 -0.05652
3.4694e-05 0.000313361 -1 0.286893
0 0 0 1
0.661395 -0.750038 -0.00021846 0.212085
-0.750038 -0.661394 -0.000236528 -0.0466649
3.29166e-05 0.000320291 -1 0.287713
0 0 0 1
0.673096 -0.739555 -0.00022109 0.210174
-0.739555 -0.673096 -0.000243181 -0.0368098
3.10305e-05 0.000327192 -1 0.288533
0 0 0 1
0.684631 -0.72889 -0.000223616 0.208262
-0.72889 -0.684631 -0.000249874 -0.0269546
2.90363e-05 0.000334063 -1 0.289353
0 0 0 1
0.695997 -0.718045 -0.000226036 0.206351
-0.718045 -0.695997 -0.000256606 -0.0170995
2.69344e-05 0.000340901 -1 0.290173
0 0 0 1
0.707191 -0.707022 -0.00022835 0.20444
-0.707022 -0.707191 -0.000263376 -0.00724442
2.47254e-05 0.000347706 -1 0.290993
0 0 0 1
0.718211 -0.695825 -0.000230558 0.202529
-0.695825 -0.718211 -0.000270181 0.00261069
2.24097e-05 0.000354475 -1 0.291812
0 0 0 1
0.729054 -0.684456 -0.000232658 0.200618
-0.684456 -0.729054 -0.00027702 0.0124658
1.99879e-05 0.000361206 -1 0.292632
0 0 0 1
0.739717 -0.672919 -0.00023465 0.198706
-0.672919 -0.739716 -0.000283891 0.0223209
1.74607e-05 0.000367899 -1 0.293452
0 0 0 1
0.750197 -0.661215 -0.000236535 0.196795
-0.661215 -0.750197 -0.000290792 0.032176
1.48287e-05 0.000374552 -1 0.294272
0 0 0 1
0.760492 -0.649348 -0.00023831 0.194884
-0.649348 -0.760491 -0.000297723 0.0420311
1.20924e-05 0.000381162 -1 0.295092
0 0 0 1
0.770599 -0.637321 -0.000239977 0.192973
-0.637321 -0.770599 -0.00030468 0.0518862
9.25273e-06 0.000387728 -1 0.295912
0 0 0 1
0.780516 -0.625136 -0.000241534 0.191062
-0.625136 -0.780516 -0.000311662 0.0617414
6.3102e-06 0.000394249 -1 0.296732
0 0 0 1
0.79024 -0.612797 -0.000242981 0.18915
-0.612797 -0.79024 -0.000318669 0.0715965
3.26559e-06 0.000400723 -1 0.297551
0 0 0 1
0.79977 -0.600307 -0.000244318 0.187239
-0.600307 -0.799769 -0.000325697 0.0814516
1.19651e-07 0.000407148 -1 0.298371
0 0 0 1
0.809101 -0.587669 -0.000245545 0.185328
-0.587669 -0.809101 -0.000332745 0.0913067
-3.12684e-06 0.000413524 -1 0.299191
0 0 0 1
0.818234 -0.574886 -0.00024666 0.183417
-0.574886 -0.818234 -0.000339812 0.101162
-6.47308e-06 0.000419847 -1 0.300011
0 0 0 1
0.827164 -0.56196 -0.000247665 0.181506
-0.561961 -0.827164 -0.000346895 0.111017
-9.91824e-06 0.000426117 -1 0.300831
0 0 0 1
0.83589 -0.548897 -0.000248558 0.179594
-0.548897 -0.83589 -0.000353993 0.120872
-1.34615e-05 0.000432332 -1 0.301651
0 0 0 1
0.84441 -0.535697 -0.000249339 0.177683
-0.535697 -0.84441 -0.000361104 0.130727
-1.71019e-05 0.000438491 -1 0.302471
0 0 0 1
0.852722 -0.522366 -0.000250009 0.175772
-0.522366 -0.852721 -0.000368227 0.140582
-2.08386e-05 0.000444591 -1 0.30329
0 0 0 1
0.860822 -0.508905 -0.000250566 0.173861
-0.508905 -0.860822 -0.000375359 0.150437
-2.46708e-05 0.000450632 -1 0.30411
0 0 0 1
0.868711 -0.495319 -0.000251012 0.17195
-0.495319 -0.868711 -0.0003825 0.160292
-2.85973e-05 0.000456613 -1 0.30493
0 0 0 1
0.876385 -0.481611 -0.000251345 0.170038
-0.481611 -0.876385 -0.000389646 0.170148
-3.26173e-05 0.000462531 -1 0.30575
0 0 0 1
0.883843 -0.467784 -0.000251566 0.168127
-0.467784 -0.883843 -0.000396797 0.180003
-3.67298e-05 0.000468384 -1 0.30657
0 0 0 1
0.891083 -0.453841 -0.000251675 0.166216
-0.453841 -0.891083 -0.00040395 0.189858
-4.09337e-05 0.000474173 -1 0.30739
0 0 0 1
0.898102 -0.439786 -0.000251671 0.164305
-0.439786 -0.898102 -0.000411104 0.199713
-4.52281e-05 0.000479895 -1 0.308209
0 0 0 1
0.9049 -0.425623 -0.000251555 0.162394
-0.425623 -0.9049 -0.000418257 0.209568
-4.96118e-05 0.000485549 -1 0.309029
0 0 0 1
0.911475 -0.411355 -0.000251326 0.160482
-0.411355 -0.911475 -0.000425408 0.219423
-5.40838e-05 0.000491133 -1 0.309849
0 0 0 1
0.917825 -0.396985 -0.000250985 0.158571
-0.396985 -0.917825 -0.000432554 0.229278
-5.8643e-05 0.000496646 -1 0.310669
0 0 0 1
0.923948 -0.382517 -0.000250532 0.15666
-0.382517 -0.923948 -0.000439694 0.239133
-6.32882e-05 0.000502087 -1 0.311489
0 0 0 1
0.929843 -0.367955 -0.000249967 0.154749
-0.367955 -0.929843 -0.000446825 0.248988
-6.80183e-05 0.000507454 -1 0.312309
0 0 0 1
0.935509 -0.353302 -0.00024929 0.152838
-0.353302 -0.935509 -0.000453947 0.258844
-7.28322e-05 0.000512747 -1 0.313129
0 0 0 1
0.940944 -0.338562 -0.000248501 0.150926
-0.338562 -0.940944 -0.000461058 0.268699
-7.77286e-05 0.000517963 -1 0.313948
0 0 0 1
0.946147 -0.323738 -0.0002476 0.149015
-0.323738 -0.946147 -0.000468155 0.278554
-8.27063e-05 0.000523101 -1 0.314768
0 0 0 1
0.951116 -0.308835 -0.000246588 0.147104
-0.308835 -0.951116 -0.000475237 0.288409
-8.77642e-05 0.000528161 -1 0.315588
0 0 0 1
0.95585 -0.293855 -0.000245465 0.145193
-0.293855 -0.95585 -0.000482303 0.298264
-9.29009e-05 0.00053314 -1 0.316408
0 0 0 1
0.960348 -0.278802 -0.000244231 0.143282
-0.278802 -0.960348 -0.00048935 0.308119
-9.81152e-05 0.000538038 -1 0.317228
0 0 0 1
0.96461 -0.263681 -0.000242887 0.14137
-0.263681 -0.96461 -0.000496376 0.317974
-0.000103406 0.000542854 -1 0.318048
0 0 0 1
0.968633 -0.248495 -0.000241432 0.139459
-0.248495 -0.968633 -0.000503381 0.327829
-0.000108771 0.000547586 -1 0.318868
0 0 0 1
0.972417 -0.233247 -0.000239867 0.137548
-0.233247 -0.972417 -0.000510362 0.337684
-0.000114211 0.000552233 -1 0.319687
0 0 0 1
0.975962 -0.217942 -0.000238193 0.135637
-0.217942 -0.975962 -0.000517317 0.34754
-0.000119722 0.000556794 -1 0.320507
0 0 0 1
0.979265 -0.202583 -0.00023641 0.133726
-0.202583 -0.979265 -0.000524246 0.357395
-0.000125305 0.000561268 -1 0.321327
0 0 0 1
0.982327 -0.187174 -0.000234518 0.131814
-0.187174 -0.982327 -0.000531145 0.36725
-0.000130957 0.000565654 -1 0.322147
0 0 0 1
0.985146 -0.171719 -0.000232519 0.129903
-0.171719 -0.985146 -0.000538014 0.377105
-0.000136677 0.00056995 -1 0.322967
0 0 0 1
0.987722 -0.156221 -0.000230411 0.127992
-0.156222 -0.987722 -0.000544851 0.38696
-0.000142465 0.000574156 -1 0.323787
0 0 0 1
0.990054 -0.140685 -0.000228196 0.126081
-0.140685 -0.990054 -0.000551653 0.396815
-0.000148317 0.000578271 -1 0.324607
0 0 0 1
0.992142 -0.125115 -0.000225875 0.12417
-0.125115 -0.992142 -0.00055842 0.40667
-0.000154234 0.000582293 -1 0.325426
0 0 0 1
0.993985 -0.109513 -0.000223448 0.122258
-0.109513 -0.993985 -0.00056515 0.416525
-0.000160213 0.000586221 -1 0.326246
0 0 0 1
0.995583 -0.0938841 -0.000220915 0.120347
-0.0938842 -0.995583 -0.000571841 0.42638
-0.000166252 0.000590056 -1 0.327066
0 0 0 1
0.996935 -0.0782321 -0.000218277 0.118436
-0.0782323 -0.996935 -0.000578491 0.436236
-0.000172352 0.000593794 -1 0.327886
0 0 0 1
0.998041 -0.0625609 -0.000215536 0.116525
-0.062561 -0.998041 -0.000585099 0.446091
-0.000178509 0.000597437 -1 0.328706
0 0 0 1
0.998901 -0.0468743 -0.000212691 0.114614
-0.0468744 -0.998901 -0.000591663 0.455946
-0.000184723 0.000600982 -1 0.329526
0 0 0 1
0.999514 -0.031176 -0.000209743 0.112702
-0.0311762 -0.999514 -0.000598182 0.465801
-0.000190992 0.00060443 -1 0.330346
0 0 0 1
0.99988 -0.0154701 -0.000206693 0.110791
-0.0154702 -0.99988 -0.000604653 0.475656
-0.000197314 0.000607778 -1 0.331165
0 0 0 1
