1.55555 -2.1897 -0.644987 1.26328 -1.57099 3.12614
1.56235 -1.67332 -1.36296 -1.67672 1.571 0.00706315
1.56917 -1.67102 -1.36762 -1.67435 1.57101 0.0295894
1.576 -1.66878 -1.3722 -1.672 1.57101 0.0521286
1.58284 -1.6666 -1.37671 -1.66966 1.57102 0.07468
1.58969 -1.66448 -1.38115 -1.66733 1.57103 0.0972432
1.59656 -1.66242 -1.38551 -1.66502 1.57103 0.119817
1.60343 -1.66043 -1.3898 -1.66271 1.57104 0.142402
1.61032 -1.6585 -1.39402 -1.66042 1.57104 0.164997
1.61721 -1.65663 -1.39817 -1.65814 1.57105 0.187601
1.62411 -1.65482 -1.40224 -1.65586 1.57106 0.210214
1.63102 -1.65307 -1.40624 -1.6536 1.57106 0.232834
1.63794 -1.65139 -1.41018 -1.65134 1.57107 0.255463
1.64487 -1.64977 -1.41404 -1.64909 1.57107 0.278098
1.6518 -1.64821 -1.41783 -1.64685 1.57108 0.300739
1.65874 -1.64671 -1.42154 -1.64462 1.57108 0.323385
1.66568 -1.64527 -1.42519 -1.6424 1.57108 0.346037
1.67262 -1.6439 -1.42877 -1.64019 1.57109 0.368693
1.67957 -1.64259 -1.43228 -1.63798 1.57109 0.391352
1.68652 -1.64135 -1.43571 -1.63578 1.5711 0.414014
1.69348 -1.64017 -1.43908 -1.63358 1.5711 0.436678
1.70043 -1.63905 -1.44238 -1.63139 1.5711 0.459344
1.70739 -1.63799 -1.44561 -1.62921 1.57111 0.482011
1.71435 -1.637 -1.44877 -1.62704 1.57111 0.504678
1.7213 -1.63607 -1.45186 -1.62487 1.57111 0.527345
1.72826 -1.6352 -1.45488 -1.6227 1.57111 0.55001
1.73521 -1.6344 -1.45783 -1.62054 1.57111 0.572674
1.74216 -1.63366 -1.46071 -1.61839 1.57112 0.595335
1.74911 -1.63299 -1.46353 -1.61624 1.57112 0.617993
1.75606 -1.63237 -1.46628 -1.6141 1.57112 0.640647
1.763 -1.63183 -1.46895 -1.61196 1.57112 0.663297
1.76993 -1.63134 -1.47156 -1.60982 1.57112 0.685941
1.77686 -1.63092 -1.4741 -1.60769 1.57112 0.708579
1.78378 -1.63056 -1.47658 -1.60557 1.57112 0.731211
1.7907 -1.63027 -1.47898 -1.60345 1.57112 0.753836
1.7976 -1.63004 -1.48132 -1.60133 1.57112 0.776453
1.8045 -1.62987 -1.48359 -1.59922 1.57112 0.799061
1.81139 -1.62977 -1.48579 -1.59711 1.57112 0.821661
1.81827 -1.62973 -1.48792 -1.59501 1.57112 0.84425
1.82514 -1.62976 -1.48999 -1.59291 1.57112 0.866829
1.832 -1.62985 -1.49198 -1.59082 1.57112 0.889397
1.83884 -1.63 -1.49391 -1.58873 1.57112 0.911952
1.84568 -1.63022 -1.49577 -1.58664 1.57112 0.934496
1.8525 -1.6305 -1.49757 -1.58456 1.57111 0.957026
1.8593 -1.63084 -1.49929 -1.58248 1.57111 0.979543
1.8661 -1.63125 -1.50095 -1.58041 1.57111 1.00205
1.87287 -1.63172 -1.50254 -1.57834 1.57111 1.02453
1.87964 -1.63225 -1.50406 -1.57628 1.57111 1.04701
1.88638 -1.63285 -1.50552 -1.57422 1.5711 1.06946
1.89311 -1.63351 -1.50691 -1.57216 1.5711 1.0919
1.89982 -1.63423 -1.50822 -1.57011 1.5711 1.11432
1.90652 -1.63501 -1.50948 -1.56807 1.57109 1.13673
1.91319 -1.63586 -1.51066 -1.56603 1.57109 1.15911
1.91985 -1.63677 -1.51178 -1.56399 1.57109 1.18148
1.92649 -1.63774 -1.51283 -1.56197 1.57108 1.20383
1.9331 -1.63878 -1.51381 -1.55994 1.57108 1.22615
1.9397 -1.63987 -1.51472 -1.55793 1.57108 1.24846
1.94627 -1.64103 -1.51556 -1.55592 1.57107 1.27074
1.95283 -1.64225 -1.51634 -1.55391 1.57107 1.29301
1.95936 -1.64353 -1.51705 -1.55192 1.57106 1.31525
1.96587 -1.64488 -1.51769 -1.54993 1.57106 1.33747
1.97235 -1.64628 -1.51826 -1.54794 1.57105 1.35966
1.97882 -1.64775 -1.51877 -1.54597 1.57105 1.38184
1.98525 -1.64927 -1.51921 -1.544 1.57104 1.40398
1.99167 -1.65086 -1.51958 -1.54204 1.57104 1.42611
1.99806 -1.65251 -1.51988 -1.54008 1.57103 1.44821
2.00442 -1.65421 -1.52011 -1.53814 1.57103 1.47028
2.01076 -1.65598 -1.52027 -1.5362 1.57102 1.49233
2.01707 -1.6578 -1.52037 -1.53428 1.57101 1.51435
2.02336 -1.65969 -1.5204 -1.53236 1.57101 1.53634
2.02961 -1.66163 -1.52036 -1.53045 1.571 1.55831
2.03584 -1.66364 -1.52025 -1.52855 1.571 1.58025
2.04205 -1.6657 -1.52007 -1.52667 1.57099 1.60217
2.04822 -1.66781 -1.51982 -1.52479 1.57098 1.62405
2.05437 -1.66999 -1.51951 -1.52293 1.57098 1.64591
2.06049 -1.67223 -1.51912 -1.52107 1.57097 1.66774
2.06658 -1.67452 -1.51867 -1.51923 1.57096 1.68954
2.07264 -1.67686 -1.51815 -1.5174 1.57096 1.71131
2.07867 -1.67927 -1.51756 -1.51558 1.57095 1.73305
2.08467 -1.68173 -1.5169 -1.51378 1.57094 1.75476
2.09064 -1.68425 -1.51617 -1.51199 1.57094 1.77644
2.09658 -1.68682 -1.51537 -1.51021 1.57093 1.79809
2.10249 -1.68945 -1.5145 -1.50845 1.57092 1.81971
2.10837 -1.69213 -1.51356 -1.5067 1.57092 1.8413
2.11421 -1.69487 -1.51256 -1.50497 1.57091 1.86285
2.12003 -1.69766 -1.51148 -1.50325 1.5709 1.88438
2.12582 -1.7005 -1.51033 -1.50155 1.5709 1.90588
2.13157 -1.7034 -1.50912 -1.49987 1.57089 1.92734
2.13729 -1.70635 -1.50783 -1.4982 1.57088 1.94877
2.14298 -1.70936 -1.50648 -1.49655 1.57087 1.97017
2.14864 -1.71242 -1.50505 -1.49492 1.57087 1.99154
2.15426 -1.71553 -1.50355 -1.4933 1.57086 2.01287
2.15986 -1.71869 -1.50199 -1.49171 1.57085 2.03418
2.16542 -1.7219 -1.50035 -1.49013 1.57085 2.05545
2.17095 -1.72516 -1.49864 -1.48858 1.57084 2.07668
2.17644 -1.72848 -1.49687 -1.48704 1.57083 2.09789
2.1819 -1.73184 -1.49502 -1.48552 1.57082 2.11906
2.18733 -1.73526 -1.4931 -1.48403 1.57082 2.1402
2.19273 -1.73872 -1.49111 -1.48256 1.57081 2.16131
2.19809 -1.74223 -1.48905 -1.48111 1.5708 2.18238
2.20342 -1.7458 -1.48692 -1.47968 1.5708 2.20342
2.20342 -1.7458 -1.48691 -1.47968 1.5708 2.20342
2.20342 -1.74624 -1.49151 -1.47464 1.5708 2.20342
2.20342 -1.7467 -1.49608 -1.46961 1.5708 2.20342
2.20342 -1.74719 -1.50062 -1.46458 1.5708 2.20342
2.20342 -1.7477 -1.50514 -1.45955 1.5708 2.20342
2.20342 -1.74824 -1.50963 -1.45452 1.5708 2.20342
2.20342 -1.7488 -1.51409 -1.4495 1.5708 2.20342
2.20342 -1.74938 -1.51853 -1.44447 1.5708 2.20342
2.20342 -1.74999 -1.52295 -1.43945 1.5708 2.20342
2.20342 -1.75061 -1.52734 -1.43443 1.5708 2.20342
2.20342 -1.75127 -1.53171 -1.42941 1.5708 2.20342
2.20342 -1.75194 -1.53605 -1.4244 1.5708 2.20342
2.20342 -1.75264 -1.54037 -1.41938 1.5708 2.20342
2.20342 -1.75336 -1.54466 -1.41437 1.5708 2.20342
2.20342 -1.75411 -1.54893 -1.40936 1.5708 2.20342
2.20342 -1.75487 -1.55317 -1.40434 1.5708 2.20342
2.20342 -1.75567 -1.55739 -1.39933 1.5708 2.20342
2.20342 -1.75648 -1.56158 -1.39432 1.5708 2.20342
2.20342 -1.75732 -1.56576 -1.38932 1.5708 2.20342
2.20342 -1.75818 -1.5699 -1.38431 1.5708 2.20342
2.20342 -1.75906 -1.57402 -1.3793 1.5708 2.20342
2.20342 -1.75997 -1.57812 -1.37429 1.5708 2.20342
2.20342 -1.7609 -1.5822 -1.36929 1.5708 2.20342
2.20342 -1.76185 -1.58625 -1.36428 1.5708 2.20342
2.20342 -1.76283 -1.59028 -1.35928 1.5708 2.20342
2.20342 -1.76383 -1.59428 -1.35428 1.5708 2.20342
2.20342 -1.76485 -1.59826 -1.34927 1.5708 2.20342
2.20342 -1.7659 -1.60222 -1.34427 1.5708 2.20342
2.20342 -1.76697 -1.60615 -1.33927 1.5708 2.20342
2.20342 -1.76806 -1.61006 -1.33427 1.5708 2.20342
2.20342 -1.76918 -1.61395 -1.32927 1.5708 2.20342
2.20342 -1.77031 -1.61781 -1.32427 1.5708 2.20342
2.20342 -1.77148 -1.62165 -1.31927 1.5708 2.20342
2.20342 -1.77266 -1.62546 -1.31426 1.5708 2.20342
2.20342 -1.77387 -1.62926 -1.30926 1.5708 2.20342
2.20342 -1.7751 -1.63303 -1.30426 1.5708 2.20342
2.20342 -1.77635 -1.63677 -1.29926 1.5708 2.20342
2.20342 -1.77763 -1.6405 -1.29426 1.5708 2.20342
2.20342 -1.77893 -1.6442 -1.28926 1.5708 2.20342
2.20342 -1.78025 -1.64788 -1.28426 1.5708 2.20342
2.20342 -1.78159 -1.65153 -1.27926 1.5708 2.20342
2.20342 -1.78296 -1.65516 -1.27426 1.5708 2.20342
2.20342 -1.78435 -1.65877 -1.26926 1.5708 2.20342
2.20342 -1.78577 -1.66236 -1.26426 1.5708 2.20342
2.20342 -1.78721 -1.66592 -1.25926 1.5708 2.20342
2.20342 -1.78867 -1.66946 -1.25426 1.5708 2.20342
2.20342 -1.79015 -1.67298 -1.24926 1.5708 2.20342
2.20342 -1.79166 -1.67647 -1.24426 1.5708 2.20342
2.20342 -1.79319 -1.67994 -1.23926 1.5708 2.20342
2.20342 -1.79474 -1.68339 -1.23426 1.5708 2.20342
2.20342 -1.79631 -1.68681 -1.22926 1.5708 2.20342
2.20342 -1.79791 -1.69022 -1.22426 1.5708 2.20342
2.20342 -1.79953 -1.6936 -1.21926 1.5708 2.20342
2.20342 -1.80118 -1.69695 -1.21426 1.5708 2.20342
2.20342 -1.80284 -1.70029 -1.20926 1.5708 2.20342
2.20342 -1.80453 -1.7036 -1.20425 1.5708 2.20342
2.20342 -1.80625 -1.70689 -1.19925 1.5708 2.20342
2.20342 -1.80798 -1.71016 -1.19425 1.5708 2.20342
2.20342 -1.80974 -1.7134 -1.18925 1.5708 2.20342
2.20342 -1.81152 -1.71662 -1.18424 1.5708 2.20342
2.20342 -1.81333 -1.71982 -1.17924 1.5708 2.20342
2.20342 -1.81516 -1.72299 -1.17424 1.5708 2.20342
2.20342 -1.81701 -1.72615 -1.16924 1.5708 2.20342
2.20342 -1.81888 -1.72928 -1.16423 1.5708 2.20342
2.20342 -1.82078 -1.73238 -1.15923 1.5708 2.20342
2.20342 -1.82269 -1.73547 -1.15423 1.5708 2.20342
2.20342 -1.82464 -1.73853 -1.14922 1.5708 2.20342
2.20342 -1.8266 -1.74157 -1.14422 1.5708 2.20342
2.20342 -1.82859 -1.74458 -1.13922 1.5708 2.20342
2.20342 -1.8306 -1.74758 -1.13421 1.5708 2.20342
2.20342 -1.83263 -1.75055 -1.12921 1.5708 2.20342
2.20342 -1.83469 -1.7535 -1.12421 1.5708 2.20342
2.20342 -1.83676 -1.75642 -1.1192 1.5708 2.20342
2.20342 -1.83887 -1.75932 -1.1142 1.5708 2.20342
2.20342 -1.84099 -1.7622 -1.1092 1.5708 2.20342
2.20342 -1.84313 -1.76506 -1.10419 1.5708 2.20342
2.20342 -1.8453 -1.76789 -1.09919 1.5708 2.20342
2.20342 -1.8475 -1.7707 -1.09419 1.5708 2.20342
2.20342 -1.84971 -1.77349 -1.08919 1.5708 2.20342
2.20342 -1.85195 -1.77626 -1.08419 1.5708 2.20342
2.20342 -1.85421 -1.779 -1.07918 1.5708 2.20342
2.20342 -1.85649 -1.78172 -1.07418 1.5708 2.20342
2.20342 -1.85879 -1.78442 -1.06918 1.5708 2.20342
2.20342 -1.86112 -1.78709 -1.06418 1.5708 2.20342
2.20342 -1.86347 -1.78974 -1.05918 1.5708 2.20342
2.20342 -1.86584 -1.79237 -1.05418 1.5708 2.20342
2.20342 -1.86823 -1.79497 -1.04919 1.5708 2.20342
2.20342 -1.87065 -1.79755 -1.04419 1.5708 2.20342
2.20342 -1.87309 -1.80011 -1.03919 1.5708 2.20342
2.20342 -1.87555 -1.80264 -1.0342 1.5708 2.20342
2.20342 -1.87803 -1.80516 -1.0292 1.5708 2.20342
2.20342 -1.88054 -1.80765 -1.02421 1.5708 2.20342
2.20342 -1.88306 -1.81011 -1.01922 1.5708 2.20342
2.20342 -1.88561 -1.81255 -1.01422 1.5708 2.20342
2.20342 -1.88818 -1.81497 -1.00923 1.5708 2.20342
2.20342 -1.89078 -1.81737 -1.00424 1.5708 2.20342
2.20342 -1.89339 -1.81974 -0.999256 1.5708 2.20342
2.20342 -1.89603 -1.82209 -0.99427 1.5708 2.20342
2.20342 -1.89869 -1.82441 -0.989284 1.5708 2.20342
2.20342 -1.90137 -1.82672 -0.984301 1.5708 2.20342
2.20342 -1.90407 -1.829 -0.979319 1.5708 2.20342
2.20342 -1.90407 -1.829 -0.979318 1.5708 2.20342
2.20342 -1.90137 -1.82672 -0.9843 1.5708 2.20342
2.20342 -1.89869 -1.82442 -0.989284 1.5708 2.20342
2.20342 -1.89603 -1.82209 -0.994269 1.5708 2.20342
2.20342 -1.89339 -1.81974 -0.999256 1.5708 2.20342
2.20342 -1.89078 -1.81737 -1.00424 1.5708 2.20342
2.20342 -1.88818 -1.81497 -1.00923 1.5708 2.20342
2.20342 -1.88561 -1.81255 -1.01422 1.5708 2.20342
2.20342 -1.88306 -1.81011 -1.01922 1.5708 2.20342
2.20342 -1.88054 -1.80765 -1.02421 1.5708 2.20342
2.20342 -1.87803 -1.80516 -1.0292 1.5708 2.20342
2.20342 -1.87555 -1.80264 -1.0342 1.5708 2.20342
2.20342 -1.87309 -1.80011 -1.03919 1.5708 2.20342
2.20342 -1.87065 -1.79755 -1.04419 1.5708 2.20342
2.20342 -1.86823 -1.79497 -1.04919 1.5708 2.20342
2.20342 -1.86584 -1.79237 -1.05418 1.5708 2.20342
2.20342 -1.86347 -1.78974 -1.05918 1.5708 2.20342
2.20342 -1.86112 -1.78709 -1.06418 1.5708 2.20342
2.20342 -1.85879 -1.78442 -1.06918 1.5708 2.20342
2.20342 -1.85649 -1.78172 -1.07418 1.5708 2.20342
2.20342 -1.85421 -1.779 -1.07918 1.5708 2.20342
2.20342 -1.85195 -1.77626 -1.08419 1.5708 2.20342
2.20342 -1.84971 -1.77349 -1.08919 1.5708 2.20342
2.20342 -1.8475 -1.7707 -1.09419 1.5708 2.20342
2.20342 -1.8453 -1.76789 -1.09919 1.5708 2.20342
2.20342 -1.84314 -1.76506 -1.10419 1.5708 2.20342
2.20342 -1.84099 -1.7622 -1.1092 1.5708 2.20342
2.20342 -1.83887 -1.75932 -1.1142 1.5708 2.20342
2.20342 -1.83676 -1.75642 -1.1192 1.5708 2.20342
2.20342 -1.83469 -1.7535 -1.12421 1.5708 2.20342
2.20342 -1.83263 -1.75055 -1.12921 1.5708 2.20342
2.20342 -1.8306 -1.74758 -1.13421 1.5708 2.20342
2.20342 -1.82859 -1.74458 -1.13922 1.5708 2.20342
2.20342 -1.8266 -1.74157 -1.14422 1.5708 2.20342
2.20342 -1.82464 -1.73853 -1.14922 1.5708 2.20342
2.20342 -1.82269 -1.73547 -1.15423 1.5708 2.20342
2.20342 -1.82078 -1.73238 -1.15923 1.5708 2.20342
2.20342 -1.81888 -1.72928 -1.16423 1.5708 2.20342
2.20342 -1.81701 -1.72615 -1.16924 1.5708 2.20342
2.20342 -1.81516 -1.72299 -1.17424 1.5708 2.20342
2.20342 -1.81333 -1.71982 -1.17924 1.5708 2.20342
2.20342 -1.81152 -1.71662 -1.18424 1.5708 2.20342
2.20342 -1.80974 -1.7134 -1.18925 1.5708 2.20342
2.20342 -1.80798 -1.71016 -1.19425 1.5708 2.20342
2.20342 -1.80625 -1.70689 -1.19925 1.5708 2.20342
2.20342 -1.80454 -1.7036 -1.20425 1.5708 2.20342
2.20342 -1.80284 -1.70029 -1.20925 1.5708 2.20342
2.20342 -1.80118 -1.69695 -1.21426 1.5708 2.20342
2.20342 -1.79953 -1.6936 -1.21926 1.5708 2.20342
2.20342 -1.79791 -1.69022 -1.22426 1.5708 2.20342
2.20342 -1.79631 -1.68681 -1.22926 1.5708 2.20342
2.20342 -1.79474 -1.68339 -1.23426 1.5708 2.20342
2.20342 -1.79319 -1.67994 -1.23926 1.5708 2.20342
2.20342 -1.79166 -1.67647 -1.24426 1.5708 2.20342
2.20342 -1.79015 -1.67298 -1.24926 1.5708 2.20342
2.20342 -1.78867 -1.66946 -1.25426 1.5708 2.20342
2.20342 -1.78721 -1.66592 -1.25926 1.5708 2.20342
2.20342 -1.78577 -1.66236 -1.26426 1.5708 2.20342
2.20342 -1.78435 -1.65877 -1.26926 1.5708 2.20342
2.20342 -1.78296 -1.65516 -1.27426 1.5708 2.20342
2.20342 -1.78159 -1.65153 -1.27926 1.5708 2.20342
2.20342 -1.78025 -1.64788 -1.28426 1.5708 2.20342
2.20342 -1.77893 -1.6442 -1.28926 1.5708 2.20342
2.20342 -1.77763 -1.6405 -1.29426 1.5708 2.20342
2.20342 -1.77635 -1.63677 -1.29926 1.5708 2.20342
2.20342 -1.7751 -1.63303 -1.30426 1.5708 2.20342
2.20342 -1.77387 -1.62926 -1.30926 1.5708 2.20342
2.20342 -1.77266 -1.62547 -1.31426 1.5708 2.20342
2.20342 -1.77148 -1.62165 -1.31926 1.5708 2.20342
2.20342 -1.77031 -1.61781 -1.32427 1.5708 2.20342
2.20342 -1.76918 -1.61395 -1.32927 1.5708 2.20342
2.20342 -1.76806 -1.61006 -1.33427 1.5708 2.20342
2.20342 -1.76697 -1.60615 -1.33927 1.5708 2.20342
2.20342 -1.7659 -1.60222 -1.34427 1.5708 2.20342
2.20342 -1.76485 -1.59826 -1.34927 1.5708 2.20342
2.20342 -1.76383 -1.59428 -1.35428 1.5708 2.20342
2.20342 -1.76283 -1.59028 -1.35928 1.5708 2.20342
2.20342 -1.76185 -1.58625 -1.36428 1.5708 2.20342
2.20342 -1.7609 -1.5822 -1.36929 1.5708 2.20342
2.20342 -1.75997 -1.57812 -1.37429 1.5708 2.20342
2.20342 -1.75906 -1.57403 -1.3793 1.5708 2.20342
2.20342 -1.75818 -1.5699 -1.38431 1.5708 2.20342
2.20342 -1.75732 -1.56576 -1.38931 1.5708 2.20342
2.20342 -1.75648 -1.56158 -1.39432 1.5708 2.20342
2.20342 -1.75567 -1.55739 -1.39933 1.5708 2.20342
2.20342 -1.75487 -1.55317 -1.40434 1.5708 2.20342
2.20342 -1.75411 -1.54893 -1.40936 1.5708 2.20342
2.20342 -1.75336 -1.54466 -1.41437 1.5708 2.20342
2.20342 -1.75264 -1.54037 -1.41938 1.5708 2.20342
2.20342 -1.75194 -1.53605 -1.4244 1.5708 2.20342
2.20342 -1.75127 -1.53171 -1.42941 1.5708 2.20342
2.20342 -1.75061 -1.52734 -1.43443 1.5708 2.20342
2.20342 -1.74999 -1.52295 -1.43945 1.5708 2.20342
2.20342 -1.74938 -1.51854 -1.44447 1.5708 2.20342
2.20342 -1.7488 -1.51409 -1.4495 1.5708 2.20342
2.20342 -1.74824 -1.50963 -1.45452 1.5708 2.20342
2.20342 -1.7477 -1.50514 -1.45955 1.5708 2.20342
2.20342 -1.74719 -1.50062 -1.46458 1.5708 2.20342
2.20342 -1.7467 -1.49608 -1.46961 1.5708 2.20342
2.20342 -1.74624 -1.49151 -1.47464 1.5708 2.20342
2.20342 -1.7458 -1.48692 -1.47968 1.5708 2.20342
2.20342 -1.7458 -1.48691 -1.47968 1.5708 2.20342
2.19809 -1.74224 -1.48905 -1.48111 1.5708 2.18238
2.19273 -1.73872 -1.49111 -1.48256 1.57081 2.16131
2.18733 -1.73526 -1.4931 -1.48403 1.57082 2.1402
2.1819 -1.73184 -1.49502 -1.48552 1.57082 2.11906
2.17644 -1.72848 -1.49687 -1.48704 1.57083 2.09789
2.17095 -1.72516 -1.49864 -1.48858 1.57084 2.07669
2.16542 -1.7219 -1.50035 -1.49013 1.57085 2.05545
2.15986 -1.71869 -1.50199 -1.49171 1.57085 2.03418
2.15426 -1.71553 -1.50355 -1.4933 1.57086 2.01287
2.14864 -1.71242 -1.50505 -1.49492 1.57087 1.99154
2.14298 -1.70936 -1.50648 -1.49655 1.57087 1.97017
2.13729 -1.70635 -1.50783 -1.4982 1.57088 1.94877
2.13157 -1.7034 -1.50912 -1.49987 1.57089 1.92734
2.12582 -1.7005 -1.51033 -1.50155 1.5709 1.90588
2.12003 -1.69766 -1.51148 -1.50325 1.5709 1.88438
2.11422 -1.69487 -1.51256 -1.50497 1.57091 1.86286
2.10837 -1.69213 -1.51356 -1.5067 1.57092 1.8413
2.10249 -1.68945 -1.5145 -1.50845 1.57092 1.81971
2.09658 -1.68682 -1.51537 -1.51021 1.57093 1.79809
2.09064 -1.68425 -1.51617 -1.51199 1.57094 1.77644
2.08467 -1.68173 -1.5169 -1.51378 1.57094 1.75476
2.07867 -1.67927 -1.51756 -1.51558 1.57095 1.73305
2.07264 -1.67687 -1.51815 -1.5174 1.57096 1.71131
2.06658 -1.67452 -1.51867 -1.51923 1.57096 1.68954
2.06049 -1.67223 -1.51912 -1.52107 1.57097 1.66774
2.05437 -1.66999 -1.51951 -1.52293 1.57098 1.64591
2.04822 -1.66781 -1.51982 -1.52479 1.57098 1.62405
2.04205 -1.6657 -1.52007 -1.52667 1.57099 1.60217
2.03584 -1.66364 -1.52025 -1.52855 1.571 1.58026
2.02961 -1.66163 -1.52036 -1.53045 1.571 1.55831
2.02336 -1.65969 -1.5204 -1.53236 1.57101 1.53635
2.01707 -1.6578 -1.52037 -1.53428 1.57101 1.51435
2.01076 -1.65598 -1.52027 -1.5362 1.57102 1.49233
2.00442 -1.65421 -1.52011 -1.53814 1.57103 1.47028
1.99806 -1.65251 -1.51988 -1.54008 1.57103 1.44821
1.99167 -1.65086 -1.51958 -1.54204 1.57104 1.42611
1.98526 -1.64927 -1.51921 -1.544 1.57104 1.40399
1.97882 -1.64775 -1.51877 -1.54596 1.57105 1.38184
1.97235 -1.64628 -1.51826 -1.54794 1.57105 1.35967
1.96587 -1.64488 -1.51769 -1.54992 1.57106 1.33747
1.95936 -1.64354 -1.51705 -1.55192 1.57106 1.31525
1.95283 -1.64225 -1.51634 -1.55391 1.57107 1.29301
1.94627 -1.64103 -1.51556 -1.55592 1.57107 1.27075
1.9397 -1.63987 -1.51472 -1.55793 1.57108 1.24846
1.9331 -1.63878 -1.51381 -1.55994 1.57108 1.22615
1.92649 -1.63774 -1.51283 -1.56197 1.57108 1.20383
1.91985 -1.63677 -1.51178 -1.56399 1.57109 1.18148
1.91319 -1.63586 -1.51066 -1.56603 1.57109 1.15911
1.90652 -1.63501 -1.50948 -1.56807 1.57109 1.13673
1.89982 -1.63423 -1.50822 -1.57011 1.5711 1.11432
1.89311 -1.63351 -1.50691 -1.57216 1.5711 1.0919
1.88638 -1.63285 -1.50552 -1.57422 1.5711 1.06946
1.87964 -1.63225 -1.50406 -1.57628 1.57111 1.04701
1.87287 -1.63172 -1.50254 -1.57834 1.57111 1.02453
1.8661 -1.63125 -1.50095 -1.58041 1.57111 1.00205
1.8593 -1.63084 -1.49929 -1.58248 1.57111 0.979545
1.8525 -1.6305 -1.49757 -1.58456 1.57111 0.957028
1.84568 -1.63022 -1.49577 -1.58664 1.57112 0.934497
1.83884 -1.63 -1.49391 -1.58873 1.57112 0.911954
1.832 -1.62985 -1.49198 -1.59082 1.57112 0.889398
1.82514 -1.62976 -1.48999 -1.59291 1.57112 0.86683
1.81827 -1.62973 -1.48792 -1.59501 1.57112 0.844252
1.81139 -1.62977 -1.48579 -1.59711 1.57112 0.821662
1.8045 -1.62987 -1.48359 -1.59922 1.57112 0.799063
1.7976 -1.63004 -1.48132 -1.60133 1.57112 0.776455
1.7907 -1.63027 -1.47898 -1.60345 1.57112 0.753838
1.78378 -1.63056 -1.47658 -1.60557 1.57112 0.731213
1.77686 -1.63092 -1.4741 -1.60769 1.57112 0.708581
1.76993 -1.63134 -1.47156 -1.60982 1.57112 0.685942
1.763 -1.63183 -1.46895 -1.61196 1.57112 0.663298
1.75606 -1.63237 -1.46628 -1.6141 1.57112 0.640649
1.74911 -1.63299 -1.46353 -1.61624 1.57112 0.617994
1.74217 -1.63366 -1.46072 -1.61839 1.57112 0.595336
1.73521 -1.6344 -1.45783 -1.62054 1.57111 0.572675
1.72826 -1.6352 -1.45488 -1.6227 1.57111 0.550012
1.72131 -1.63607 -1.45186 -1.62487 1.57111 0.527346
1.71435 -1.637 -1.44877 -1.62704 1.57111 0.50468
1.70739 -1.63799 -1.44561 -1.62921 1.57111 0.482013
1.70043 -1.63905 -1.44238 -1.63139 1.5711 0.459346
1.69348 -1.64017 -1.43908 -1.63358 1.5711 0.43668
1.68652 -1.64135 -1.43571 -1.63578 1.5711 0.414016
1.67957 -1.64259 -1.43228 -1.63798 1.57109 0.391354
1.67262 -1.6439 -1.42877 -1.64019 1.57109 0.368694
1.66568 -1.64527 -1.42519 -1.6424 1.57108 0.346039
1.65874 -1.64671 -1.42154 -1.64462 1.57108 0.323387
1.6518 -1.64821 -1.41783 -1.64685 1.57108 0.300741
1.64487 -1.64976 -1.41404 -1.64909 1.57107 0.278099
1.63794 -1.65139 -1.41018 -1.65134 1.57107 0.255465
1.63103 -1.65307 -1.40625 -1.6536 1.57106 0.232836
1.62411 -1.65482 -1.40224 -1.65586 1.57106 0.210216
1.61721 -1.65663 -1.39817 -1.65813 1.57105 0.187603
1.61032 -1.6585 -1.39402 -1.66042 1.57104 0.164999
1.60343 -1.66043 -1.3898 -1.66271 1.57104 0.142404
1.59656 -1.66242 -1.38551 -1.66502 1.57103 0.119819
1.58969 -1.66448 -1.38115 -1.66733 1.57103 0.0972452
1.58284 -1.6666 -1.37671 -1.66966 1.57102 0.0746821
1.576 -1.66878 -1.3722 -1.672 1.57101 0.0521307
1.56917 -1.67102 -1.36762 -1.67435 1.57101 0.0295916
1.56235 -1.67332 -1.36296 -1.67672 1.571 0.00706528
1.55555 -1.67569 -1.35822 -1.67909 1.57099 -0.0154476
1.55555 -1.67569 -1.35822 -1.67909 1.57099 -0.0154497
1.55157 -1.65307 -1.38525 -1.67468 1.57099 -0.00371964
1.54744 -1.63062 -1.41153 -1.67084 1.57099 0.00786029
1.54315 -1.60833 -1.4371 -1.66756 1.57099 0.0192818
1.53869 -1.58618 -1.46199 -1.66481 1.57099 0.0305359
1.53406 -1.56415 -1.48622 -1.6626 1.57099 0.0416132
1.52924 -1.54225 -1.50981 -1.66092 1.57099 0.0525034
1.52422 -1.52045 -1.53277 -1.65975 1.57099 0.0631955
1.51899 -1.49875 -1.55512 -1.65909 1.57099 0.0736777
1.51354 -1.47715 -1.57688 -1.65892 1.57099 0.0839373
1.50786 -1.45564 -1.59805 -1.65926 1.57099 0.0939605
1.50192 -1.43421 -1.61865 -1.66008 1.57099 0.103733
1.49571 -1.41287 -1.63868 -1.66138 1.57099 0.113238
1.48922 -1.39162 -1.65816 -1.66315 1.57099 0.122458
1.48243 -1.37044 -1.67709 -1.66539 1.57099 0.131376
1.47532 -1.34936 -1.69548 -1.66809 1.57099 0.139971
1.46786 -1.32836 -1.71332 -1.67123 1.57098 0.148222
1.46003 -1.30746 -1.73063 -1.67482 1.57098 0.156104
1.45181 -1.28666 -1.74741 -1.67884 1.57098 0.163592
1.44316 -1.26597 -1.76366 -1.68327 1.57098 0.170658
1.43407 -1.2454 -1.77938 -1.68811 1.57098 0.177273
1.42449 -1.22497 -1.79458 -1.69334 1.57097 0.183404
1.41439 -1.20468 -1.80926 -1.69894 1.57097 0.189015
1.40373 -1.18456 -1.82341 -1.7049 1.57097 0.194069
1.39247 -1.16462 -1.83705 -1.7112 1.57096 0.198523
1.38057 -1.14489 -1.85017 -1.71781 1.57096 0.202333
1.36798 -1.12538 -1.86278 -1.72471 1.57096 0.20545
1.35464 -1.10612 -1.87487 -1.73187 1.57095 0.207821
1.3405 -1.08715 -1.88645 -1.73925 1.57095 0.20939
1.32549 -1.06849 -1.89752 -1.74683 1.57094 0.210095
1.30956 -1.05019 -1.90809 -1.75457 1.57094 0.209871
1.29263 -1.03227 -1.91816 -1.76241 1.57093 0.208648
1.27462 -1.01478 -1.92773 -1.77032 1.57092 0.206351
1.25546 -0.997764 -1.93682 -1.77825 1.57092 0.202903
1.23507 -0.981274 -1.94542 -1.78613 1.57091 0.19822
1.21335 -0.96536 -1.95354 -1.79392 1.5709 0.192217
1.19023 -0.950078 -1.96119 -1.80154 1.57089 0.184808
1.16562 -0.935485 -1.96839 -1.80894 1.57089 0.175903
1.13942 -0.921643 -1.97514 -1.81603 1.57088 0.165418
1.11156 -0.908615 -1.98145 -1.82274 1.57087 0.153267
1.08196 -0.896467 -1.98733 -1.829 1.57086 0.139375
1.05055 -0.885265 -1.9928 -1.83472 1.57085 0.123675
1.01728 -0.875074 -1.99787 -1.83984 1.57084 0.106115
0.982114 -0.86596 -2.00256 -1.84427 1.57082 0.0866599
0.945042 -0.857984 -2.00686 -1.84793 1.57081 0.0652977
0.906077 -0.851204 -2.0108 -1.85076 1.5708 0.0420434
0.865266 -0.845671 -2.01439 -1.8527 1.57079 0.0169429
0.822688 -0.84143 -2.01763 -1.8537 1.57078 -0.00992458
0.778458 -0.838517 -2.02053 -1.85371 1.57076 -0.0384447
0.732724 -0.836956 -2.02309 -1.8527 1.57075 -0.0684683
0.685669 -0.836763 -2.02531 -1.85066 1.57074 -0.0998131
0.637503 -0.837941 -2.02719 -1.84759 1.57072 -0.132268
0.588461 -0.840481 -2.02874 -1.8435 1.57071 -0.1656
0.538793 -0.844366 -2.02993 -1.83841 1.5707 -0.199558
0.488757 -0.849565 -2.03076 -1.83237 1.57069 -0.233884
0.43861 -0.856041 -2.03122 -1.82542 1.57068 -0.26832
0.388605 -0.863748 -2.03129 -1.81763 1.57067 -0.302615
0.338977 -0.872635 -2.03097 -1.80906 1.57066 -0.336533
0.289943 -0.882644 -2.03023 -1.79978 1.57065 -0.369856
0.241697 -0.893717 -2.02906 -1.78986 1.57065 -0.402392
0.194405 -0.90579 -2.02744 -1.77939 1.57064 -0.433973
0.148209 -0.918801 -2.02537 -1.76844 1.57064 -0.464459
0.103222 -0.932688 -2.02283 -1.75709 1.57063 -0.493736
0.0595312 -0.947387 -2.0198 -1.74541 1.57063 -0.521716
0.0172021 -0.962839 -2.01627 -1.73347 1.57063 -0.548335
-0.023723 -0.978985 -2.01223 -1.72135 1.57063 -0.57355
-0.0632198 -0.995769 -2.00768 -1.70911 1.57062 -0.597336
-0.101281 -1.01314 -2.00261 -1.69681 1.57062 -0.619686
-0.137911 -1.03104 -1.997 -1.68451 1.57063 -0.640607
-0.173129 -1.04942 -1.99085 -1.67226 1.57063 -0.660114
-0.206959 -1.06824 -1.98416 -1.66012 1.57063 -0.678234
-0.239437 -1.08746 -1.97692 -1.64813 1.57063 -0.695001
-0.270599 -1.10703 -1.96914 -1.63634 1.57063 -0.710453
-0.300489 -1.12692 -1.96081 -1.62477 1.57064 -0.724633
-0.329152 -1.14709 -1.95192 -1.61348 1.57064 -0.737585
-0.356636 -1.16752 -1.94248 -1.60248 1.57065 -0.749359
-0.382987 -1.18817 -1.93249 -1.59182 1.57065 -0.76
-0.408255 -1.20901 -1.92194 -1.58151 1.57065 -0.769557
-0.432486 -1.23003 -1.91085 -1.57159 1.57066 -0.778078
-0.455728 -1.25119 -1.89921 -1.56206 1.57066 -0.78561
-0.478026 -1.27248 -1.88702 -1.55295 1.57067 -0.792197
-0.499425 -1.29389 -1.87428 -1.54428 1.57067 -0.797886
-0.519967 -1.31538 -1.861 -1.53606 1.57068 -0.802717
-0.539694 -1.33696 -1.84718 -1.5283 1.57069 -0.806734
-0.558644 -1.35861 -1.83282 -1.52101 1.57069 -0.809974
-0.576857 -1.38031 -1.81791 -1.51421 1.5707 -0.812476
-0.594367 -1.40207 -1.80247 -1.50789 1.5707 -0.814276
-0.61121 -1.42386 -1.78649 -1.50208 1.57071 -0.815408
-0.627416 -1.44569 -1.76997 -1.49676 1.57072 -0.815905
-0.643018 -1.46755 -1.75291 -1.49196 1.57072 -0.815796
-0.658045 -1.48944 -1.73531 -1.48767 1.57073 -0.815113
-0.672525 -1.51136 -1.71717 -1.48389 1.57074 -0.813882
-0.686483 -1.5333 -1.69848 -1.48063 1.57074 -0.81213
-0.699944 -1.55526 -1.67924 -1.4779 1.57075 -0.809881
-0.712933 -1.57726 -1.65946 -1.47569 1.57076 -0.807159
-0.725471 -1.59929 -1.63911 -1.47401 1.57076 -0.803987
-0.73758 -1.62135 -1.6182 -1.47285 1.57077 -0.800385
-0.749279 -1.64345 -1.59671 -1.47223 1.57078 -0.796374
-0.760587 -1.6656 -1.57465 -1.47214 1.57078 -0.791971
-0.771522 -1.68781 -1.55199 -1.4726 1.57079 -0.787196
-0.782077 -1.71002 -1.52878 -1.47359 1.5708 -0.782077
-0.782077 -1.71049 -1.53336 -1.46854 1.5708 -0.782077
-0.782077 -1.71098 -1.53792 -1.46349 1.5708 -0.782077
-0.782077 -1.7115 -1.54245 -1.45844 1.5708 -0.782077
-0.782077 -1.71204 -1.54696 -1.45339 1.5708 -0.782077
-0.782077 -1.7126 -1.55144 -1.44834 1.5708 -0.782077
-0.782077 -1.71319 -1.5559 -1.4433 1.5708 -0.782077
-0.782077 -1.7138 -1.56034 -1.43825 1.5708 -0.782077
-0.782077 -1.71443 -1.56475 -1.43321 1.5708 -0.782077
-0.782077 -1.71509 -1.56913 -1.42816 1.5708 -0.782077
-0.782077 -1.71577 -1.5735 -1.42312 1.5708 -0.782077
-0.782077 -1.71648 -1.57784 -1.41808 1.5708 -0.782077
-0.782077 -1.7172 -1.58215 -1.41304 1.5708 -0.782077
-0.782077 -1.71795 -1.58644 -1.40799 1.5708 -0.782077
-0.782077 -1.71873 -1.59071 -1.40295 1.5708 -0.782077
-0.782077 -1.71953 -1.59495 -1.39791 1.5708 -0.782077
-0.782077 -1.72035 -1.59917 -1.39287 1.5708 -0.782077
-0.782077 -1.72119 -1.60337 -1.38783 1.5708 -0.782077
-0.782077 -1.72206 -1.60754 -1.38278 1.5708 -0.782077
-0.782077 -1.72295 -1.61169 -1.37774 1.5708 -0.782077
-0.782077 -1.72387 -1.61582 -1.3727 1.5708 -0.782077
-0.782077 -1.72481 -1.61992 -1.36766 1.5708 -0.782077
-0.782077 -1.72577 -1.624 -1.36262 1.5708 -0.782077
-0.782077 -1.72676 -1.62806 -1.35757 1.5708 -0.782077
-0.782077 -1.72777 -1.63209 -1.35253 1.5708 -0.782077
-0.782077 -1.7288 -1.6361 -1.34749 1.5708 -0.782077
-0.782077 -1.72985 -1.64009 -1.34244 1.5708 -0.782077
-0.782077 -1.73093 -1.64406 -1.3374 1.5708 -0.782077
-0.782077 -1.73204 -1.648 -1.33235 1.5708 -0.782077
-0.782077 -1.73316 -1.65192 -1.32731 1.5708 -0.782077
-0.782077 -1.73431 -1.65582 -1.32226 1.5708 -0.782077
-0.782077 -1.73549 -1.65969 -1.31721 1.5708 -0.782077
-0.782077 -1.73668 -1.66354 -1.31216 1.5708 -0.782077
-0.782077 -1.7379 -1.66737 -1.30712 1.5708 -0.782077
-0.782077 -1.73915 -1.67117 -1.30207 1.5708 -0.782077
-0.782077 -1.74042 -1.67496 -1.29702 1.5708 -0.782077
-0.782077 -1.74171 -1.67872 -1.29196 1.5708 -0.782077
-0.782077 -1.74302 -1.68245 -1.28691 1.5708 -0.782077
-0.782077 -1.74436 -1.68617 -1.28186 1.5708 -0.782077
-0.782077 -1.74572 -1.68986 -1.27681 1.5708 -0.782077
-0.782077 -1.74711 -1.69353 -1.27175 1.5708 -0.782077
-0.782077 -1.74852 -1.69718 -1.26669 1.5708 -0.782077
-0.782077 -1.74995 -1.7008 -1.26164 1.5708 -0.782077
-0.782077 -1.7514 -1.70441 -1.25658 1.5708 -0.782077
-0.782077 -1.75288 -1.70799 -1.25152 1.5708 -0.782077
-0.782077 -1.75439 -1.71154 -1.24646 1.5708 -0.782077
-0.782077 -1.75591 -1.71508 -1.2414 1.5708 -0.782077
-0.782077 -1.75746 -1.71859 -1.23633 1.5708 -0.782077
-0.782077 -1.75904 -1.72208 -1.23127 1.5708 -0.782077
-0.782077 -1.76063 -1.72555 -1.22621 1.5708 -0.782077
-0.782077 -1.76225 -1.72899 -1.22114 1.5708 -0.782077
-0.782077 -1.7639 -1.73242 -1.21607 1.5708 -0.782077
-0.782077 -1.76557 -1.73582 -1.211 1.5708 -0.782077
-0.782077 -1.76726 -1.7392 -1.20593 1.5708 -0.782077
-0.782077 -1.76897 -1.74255 -1.20086 1.5708 -0.782077
-0.782077 -1.77071 -1.74589 -1.19579 1.5708 -0.782077
-0.782077 -1.77247 -1.7492 -1.19072 1.5708 -0.782077
-0.782077 -1.77426 -1.75249 -1.18564 1.5708 -0.782077
-0.782077 -1.77607 -1.75575 -1.18057 1.5708 -0.782077
-0.782077 -1.7779 -1.759 -1.17549 1.5708 -0.782077
-0.782077 -1.77976 -1.76222 -1.17041 1.5708 -0.782077
-0.782077 -1.78164 -1.76542 -1.16534 1.5708 -0.782077
-0.782077 -1.78354 -1.76859 -1.16025 1.5708 -0.782077
-0.782077 -1.78547 -1.77175 -1.15517 1.5708 -0.782077
-0.782077 -1.78742 -1.77488 -1.15009 1.5708 -0.782077
-0.782077 -1.7894 -1.77799 -1.14501 1.5708 -0.782077
-0.782077 -1.79139 -1.78107 -1.13992 1.5708 -0.782077
-0.782077 -1.79341 -1.78414 -1.13484 1.5708 -0.782077
-0.782077 -1.79546 -1.78718 -1.12975 1.5708 -0.782077
-0.782077 -1.79753 -1.7902 -1.12466 1.5708 -0.782077
-0.782077 -1.79962 -1.79319 -1.11957 1.5708 -0.782077
-0.782077 -1.80174 -1.79617 -1.11449 1.5708 -0.782077
-0.782077 -1.80388 -1.79912 -1.10939 1.5708 -0.782077
-0.782077 -1.80604 -1.80205 -1.1043 1.5708 -0.782077
-0.782077 -1.80822 -1.80495 -1.09921 1.5708 -0.782077
-0.782077 -1.81043 -1.80784 -1.09412 1.5708 -0.782077
-0.782077 -1.81267 -1.8107 -1.08902 1.5708 -0.782077
-0.782077 -1.81492 -1.81354 -1.08393 1.5708 -0.782077
-0.782077 -1.8172 -1.81635 -1.07884 1.5708 -0.782077
-0.782077 -1.81951 -1.81914 -1.07374 1.5708 -0.782077
-0.782077 -1.82183 -1.82191 -1.06864 1.5708 -0.782077
-0.782077 -1.82418 -1.82466 -1.06355 1.5708 -0.782077
-0.782077 -1.82656 -1.82738 -1.05845 1.5708 -0.782077
-0.782077 -1.82895 -1.83008 -1.05335 1.5708 -0.782077
-0.782077 -1.83137 -1.83276 -1.04825 1.5708 -0.782077
-0.782077 -1.83382 -1.83542 -1.04315 1.5708 -0.782077
-0.782077 -1.83628 -1.83805 -1.03805 1.5708 -0.782077
-0.782077 -1.83877 -1.84066 -1.03296 1.5708 -0.782077
-0.782077 -1.84129 -1.84325 -1.02786 1.5708 -0.782077
-0.782077 -1.84382 -1.84581 -1.02276 1.5708 -0.782077
-0.782077 -1.84638 -1.84835 -1.01766 1.5708 -0.782077
-0.782077 -1.84896 -1.85087 -1.01256 1.5708 -0.782077
-0.782077 -1.85157 -1.85336 -1.00746 1.5708 -0.782077
-0.782077 -1.8542 -1.85583 -1.00236 1.5708 -0.782077
-0.782077 -1.85685 -1.85828 -0.997261 1.5708 -0.782077
-0.782077 -1.85952 -1.8607 -0.992162 1.5708 -0.782077
-0.782077 -1.86222 -1.8631 -0.987064 1.5708 -0.782077
-0.782077 -1.86494 -1.86548 -0.981967 1.5708 -0.782077
-0.782077 -1.86768 -1.86784 -0.976869 1.5708 -0.782077
-0.782077 -1.87045 -1.87017 -0.971773 1.5708 -0.782077
-0.782077 -1.87323 -1.87247 -0.966689 1.5708 -0.782077
-0.782077 -1.87044 -1.87016 -0.971785 1.5708 -0.782077
-0.782077 -1.86768 -1.86783 -0.976881 1.5708 -0.782077
-0.782077 -1.86493 -1.86548 -0.981978 1.5708 -0.782077
-0.782077 -1.86221 -1.8631 -0.987076 1.5708 -0.782077
-0.782077 -1.85952 -1.8607 -0.992174 1.5708 -0.782077
-0.782077 -1.85684 -1.85827 -0.997273 1.5708 -0.782077
-0.782077 -1.85419 -1.85583 -1.00237 1.5708 -0.782077
-0.782077 -1.85156 -1.85336 -1.00747 1.5708 -0.782077
-0.782077 -1.84896 -1.85086 -1.01257 1.5708 -0.782077
-0.782077 -1.84638 -1.84834 -1.01767 1.5708 -0.782077
-0.782077 -1.84382 -1.8458 -1.02277 1.5708 -0.782077
-0.782077 -1.84128 -1.84324 -1.02787 1.5708 -0.782077
-0.782077 -1.83877 -1.84065 -1.03297 1.5708 -0.782077
-0.782077 -1.83628 -1.83804 -1.03807 1.5708 -0.782077
-0.782077 -1.83381 -1.83541 -1.04317 1.5708 -0.782077
-0.782077 -1.83137 -1.83276 -1.04826 1.5708 -0.782077
-0.782077 -1.82895 -1.83008 -1.05336 1.5708 -0.782077
-0.782077 -1.82655 -1.82738 -1.05846 1.5708 -0.782077
-0.782077 -1.82418 -1.82465 -1.06356 1.5708 -0.782077
-0.782077 -1.82183 -1.82191 -1.06865 1.5708 -0.782077
-0.782077 -1.8195 -1.81914 -1.07375 1.5708 -0.782077
-0.782077 -1.8172 -1.81634 -1.07885 1.5708 -0.782077
-0.782077 -1.81492 -1.81353 -1.08394 1.5708 -0.782077
-0.782077 -1.81266 -1.81069 -1.08904 1.5708 -0.782077
-0.782077 -1.81043 -1.80783 -1.09413 1.5708 -0.782077
-0.782077 -1.80822 -1.80495 -1.09922 1.5708 -0.782077
-0.782077 -1.80603 -1.80204 -1.10432 1.5708 -0.782077
-0.782077 -1.80387 -1.79911 -1.10941 1.5708 -0.782077
-0.782077 -1.80173 -1.79616 -1.1145 1.5708 -0.782077
-0.782077 -1.79962 -1.79319 -1.11959 1.5708 -0.782077
-0.782077 -1.79752 -1.79019 -1.12467 1.5708 -0.782077
-0.782077 -1.79546 -1.78717 -1.12976 1.5708 -0.782077
-0.782077 -1.79341 -1.78413 -1.13485 1.5708 -0.782077
-0.782077 -1.79139 -1.78107 -1.13993 1.5708 -0.782077
-0.782077 -1.78939 -1.77798 -1.14502 1.5708 -0.782077
-0.782077 -1.78742 -1.77487 -1.1501 1.5708 -0.782077
-0.782077 -1.78547 -1.77174 -1.15519 1.5708 -0.782077
-0.782077 -1.78354 -1.76858 -1.16027 1.5708 -0.782077
-0.782077 -1.78163 -1.76541 -1.16535 1.5708 -0.782077
-0.782077 -1.77975 -1.76221 -1.17043 1.5708 -0.782077
-0.782077 -1.7779 -1.75899 -1.1755 1.5708 -0.782077
-0.782077 -1.77606 -1.75574 -1.18058 1.5708 -0.782077
-0.782077 -1.77426 -1.75248 -1.18566 1.5708 -0.782077
-0.782077 -1.77247 -1.74919 -1.19073 1.5708 -0.782077
-0.782077 -1.77071 -1.74588 -1.1958 1.5708 -0.782077
-0.782077 -1.76897 -1.74254 -1.20088 1.5708 -0.782077
-0.782077 -1.76725 -1.73919 -1.20595 1.5708 -0.782077
-0.782077 -1.76556 -1.73581 -1.21102 1.5708 -0.782077
-0.782077 -1.76389 -1.73241 -1.21608 1.5708 -0.782077
-0.782077 -1.76225 -1.72899 -1.22115 1.5708 -0.782077
-0.782077 -1.76063 -1.72554 -1.22622 1.5708 -0.782077
-0.782077 -1.75903 -1.72207 -1.23128 1.5708 -0.782077
-0.782077 -1.75746 -1.71858 -1.23635 1.5708 -0.782077
-0.782077 -1.75591 -1.71507 -1.24141 1.5708 -0.782077
-0.782077 -1.75438 -1.71154 -1.24647 1.5708 -0.782077
-0.782077 -1.75288 -1.70798 -1.25153 1.5708 -0.782077
-0.782077 -1.7514 -1.7044 -1.25659 1.5708 -0.782077
-0.782077 -1.74994 -1.7008 -1.26165 1.5708 -0.782077
-0.782077 -1.74851 -1.69717 -1.26671 1.5708 -0.782077
-0.782077 -1.7471 -1.69352 -1.27176 1.5708 -0.782077
-0.782077 -1.74572 -1.68985 -1.27682 1.5708 -0.782077
-0.782077 -1.74436 -1.68616 -1.28187 1.5708 -0.782077
-0.782077 -1.74302 -1.68245 -1.28692 1.5708 -0.782077
-0.782077 -1.7417 -1.67871 -1.29198 1.5708 -0.782077
-0.782077 -1.74041 -1.67495 -1.29703 1.5708 -0.782077
-0.782077 -1.73915 -1.67117 -1.30208 1.5708 -0.782077
-0.782077 -1.7379 -1.66736 -1.30713 1.5708 -0.782077
-0.782077 -1.73668 -1.66353 -1.31218 1.5708 -0.782077
-0.782077 -1.73548 -1.65968 -1.31722 1.5708 -0.782077
-0.782077 -1.73431 -1.65581 -1.32227 1.5708 -0.782077
-0.782077 -1.73316 -1.65191 -1.32732 1.5708 -0.782077
-0.782077 -1.73203 -1.64799 -1.33236 1.5708 -0.782077
-0.782077 -1.73093 -1.64405 -1.33741 1.5708 -0.782077
-0.782077 -1.72985 -1.64008 -1.34245 1.5708 -0.782077
-0.782077 -1.7288 -1.6361 -1.3475 1.5708 -0.782077
-0.782077 -1.72776 -1.63208 -1.35254 1.5708 -0.782077
-0.782077 -1.72675 -1.62805 -1.35758 1.5708 -0.782077
-0.782077 -1.72577 -1.62399 -1.36263 1.5708 -0.782077
-0.782077 -1.72481 -1.61991 -1.36767 1.5708 -0.782077
-0.782077 -1.72387 -1.61581 -1.37271 1.5708 -0.782077
-0.782077 -1.72295 -1.61168 -1.37775 1.5708 -0.782077
-0.782077 -1.72206 -1.60753 -1.3828 1.5708 -0.782077
-0.782077 -1.72119 -1.60336 -1.38784 1.5708 -0.782077
-0.782077 -1.72035 -1.59916 -1.39288 1.5708 -0.782077
-0.782077 -1.71953 -1.59494 -1.39792 1.5708 -0.782077
-0.782077 -1.71873 -1.5907 -1.40296 1.5708 -0.782077
-0.782077 -1.71795 -1.58643 -1.408 1.5708 -0.782077
-0.782077 -1.7172 -1.58214 -1.41305 1.5708 -0.782077
-0.782077 -1.71647 -1.57783 -1.41809 1.5708 -0.782077
-0.782077 -1.71577 -1.57349 -1.42313 1.5708 -0.782077
-0.782077 -1.71509 -1.56912 -1.42818 1.5708 -0.782077
-0.782077 -1.71443 -1.56474 -1.43322 1.5708 -0.782077
-0.782077 -1.7138 -1.56033 -1.43826 1.5708 -0.782077
-0.782077 -1.71319 -1.55589 -1.44331 1.5708 -0.782077
-0.782077 -1.7126 -1.55143 -1.44835 1.5708 -0.782077
-0.782077 -1.71204 -1.54695 -1.4534 1.5708 -0.782077
-0.782077 -1.7115 -1.54244 -1.45845 1.5708 -0.782077
-0.782077 -1.71098 -1.53791 -1.4635 1.5708 -0.782077
-0.782077 -1.71049 -1.53335 -1.46855 1.5708 -0.782077
-0.782077 -1.71002 -1.52878 -1.47359 1.5708 -0.782077
-0.771497 -1.68776 -1.55204 -1.47259 1.57079 -0.787208
-0.760561 -1.66555 -1.5747 -1.47214 1.57078 -0.791982
-0.749252 -1.6434 -1.59676 -1.47223 1.57078 -0.796383
-0.737552 -1.6213 -1.61825 -1.47285 1.57077 -0.800394
-0.725443 -1.59924 -1.63916 -1.47401 1.57076 -0.803995
-0.712904 -1.57721 -1.6595 -1.47569 1.57076 -0.807166
-0.699914 -1.55521 -1.67929 -1.4779 1.57075 -0.809886
-0.686451 -1.53325 -1.69852 -1.48064 1.57074 -0.812134
-0.672492 -1.51131 -1.71721 -1.4839 1.57074 -0.813885
-0.658012 -1.48939 -1.73535 -1.48768 1.57073 -0.815115
-0.642983 -1.4675 -1.75295 -1.49197 1.57072 -0.815797
-0.62738 -1.44564 -1.77001 -1.49677 1.57072 -0.815904
-0.611172 -1.42381 -1.78653 -1.50209 1.57071 -0.815406
-0.594328 -1.40202 -1.80251 -1.50791 1.5707 -0.814273
-0.576816 -1.38026 -1.81795 -1.51422 1.5707 -0.812472
-0.558602 -1.35856 -1.83285 -1.52103 1.57069 -0.809968
-0.539649 -1.33691 -1.84721 -1.52831 1.57069 -0.806726
-0.519921 -1.31533 -1.86104 -1.53607 1.57068 -0.802707
-0.499377 -1.29384 -1.87431 -1.5443 1.57067 -0.797874
-0.477976 -1.27243 -1.88705 -1.55297 1.57067 -0.792183
-0.455676 -1.25114 -1.89924 -1.56208 1.57066 -0.785593
-0.432432 -1.22998 -1.91088 -1.57161 1.57066 -0.77806
-0.408198 -1.20896 -1.92197 -1.58154 1.57065 -0.769536
-0.382928 -1.18812 -1.93251 -1.59185 1.57065 -0.759977
-0.356574 -1.16747 -1.9425 -1.60251 1.57065 -0.749333
-0.329088 -1.14705 -1.95194 -1.6135 1.57064 -0.737557
-0.300422 -1.12687 -1.96082 -1.6248 1.57064 -0.724602
-0.270529 -1.10698 -1.96916 -1.63636 1.57063 -0.710419
-0.239364 -1.08741 -1.97694 -1.64816 1.57063 -0.694964
-0.206884 -1.0682 -1.98418 -1.66015 1.57063 -0.678194
-0.17305 -1.04938 -1.99086 -1.67229 1.57063 -0.660071
-0.137829 -1.03099 -1.99701 -1.68453 1.57063 -0.64056
-0.101195 -1.0131 -2.00262 -1.69683 1.57062 -0.619637
-0.063131 -0.99573 -2.00769 -1.70913 1.57062 -0.597283
-0.0236309 -0.978948 -2.01224 -1.72138 1.57063 -0.573493
0.0172973 -0.962803 -2.01628 -1.7335 1.57063 -0.548276
0.0596297 -0.947353 -2.0198 -1.74543 1.57063 -0.521654
0.103323 -0.932655 -2.02283 -1.75711 1.57063 -0.49367
0.148313 -0.91877 -2.02538 -1.76847 1.57064 -0.464391
0.194512 -0.905761 -2.02745 -1.77941 1.57064 -0.433902
0.241806 -0.89369 -2.02906 -1.78989 1.57065 -0.402319
0.290054 -0.88262 -2.03023 -1.7998 1.57065 -0.369781
0.33909 -0.872613 -2.03097 -1.80908 1.57066 -0.336456
0.388719 -0.863729 -2.03129 -1.81765 1.57067 -0.302537
0.438725 -0.856025 -2.03122 -1.82544 1.57068 -0.268241
0.488871 -0.849552 -2.03076 -1.83238 1.57069 -0.233805
0.538907 -0.844355 -2.02993 -1.83842 1.5707 -0.19948
0.588574 -0.840474 -2.02873 -1.84351 1.57071 -0.165523
0.637615 -0.837936 -2.02719 -1.8476 1.57072 -0.132193
0.685778 -0.836762 -2.0253 -1.85067 1.57074 -0.09974
0.73283 -0.836958 -2.02308 -1.8527 1.57075 -0.068398
0.778561 -0.838522 -2.02052 -1.85371 1.57076 -0.0383777
0.822788 -0.841439 -2.01762 -1.8537 1.57078 -0.00986115
0.865362 -0.845682 -2.01438 -1.8527 1.57079 0.0170024
0.906169 -0.851218 -2.01079 -1.85076 1.5708 0.0420988
0.945129 -0.858001 -2.00685 -1.84792 1.57081 0.0653487
0.982197 -0.86598 -2.00255 -1.84426 1.57082 0.0867066
1.01736 -0.875096 -1.99786 -1.83983 1.57084 0.106158
1.05062 -0.885289 -1.99279 -1.83471 1.57085 0.123713
1.08203 -0.896494 -1.98732 -1.82898 1.57086 0.139409
1.11163 -0.908644 -1.98143 -1.82272 1.57087 0.153297
1.13949 -0.921674 -1.97512 -1.81601 1.57088 0.165443
1.16568 -0.935517 -1.96837 -1.80892 1.57089 0.175926
1.19029 -0.950112 -1.96118 -1.80153 1.57089 0.184826
1.21341 -0.965396 -1.95352 -1.7939 1.5709 0.192233
1.23512 -0.981311 -1.9454 -1.78612 1.57091 0.198232
1.25551 -0.997802 -1.9368 -1.77823 1.57092 0.202912
1.27466 -1.01482 -1.92771 -1.7703 1.57092 0.206358
1.29267 -1.03231 -1.91814 -1.76239 1.57093 0.208652
1.3096 -1.05023 -1.90807 -1.75455 1.57094 0.209873
1.32553 -1.06853 -1.8975 -1.74682 1.57094 0.210094
1.34053 -1.08719 -1.88642 -1.73924 1.57095 0.209387
1.35467 -1.10617 -1.87484 -1.73185 1.57095 0.207817
1.36801 -1.12542 -1.86275 -1.72469 1.57096 0.205444
1.3806 -1.14493 -1.85014 -1.7178 1.57096 0.202325
1.3925 -1.16467 -1.83702 -1.71119 1.57096 0.198514
1.40376 -1.18461 -1.82338 -1.70489 1.57097 0.194058
1.41441 -1.20473 -1.80922 -1.69893 1.57097 0.189003
1.42451 -1.22502 -1.79455 -1.69333 1.57097 0.183391
1.43409 -1.24545 -1.77935 -1.6881 1.57098 0.177259
1.44318 -1.26602 -1.76362 -1.68326 1.57098 0.170643
1.45182 -1.28671 -1.74737 -1.67883 1.57098 0.163575
1.46005 -1.30751 -1.73059 -1.67481 1.57098 0.156086
1.46787 -1.32841 -1.71328 -1.67123 1.57098 0.148203
1.47533 -1.3494 -1.69543 -1.66808 1.57099 0.139952
1.48245 -1.37049 -1.67705 -1.66539 1.57099 0.131356
1.48924 -1.39166 -1.65812 -1.66315 1.57099 0.122438
1.49573 -1.41292 -1.63864 -1.66137 1.57099 0.113216
1.50193 -1.43426 -1.6186 -1.66008 1.57099 0.103711
1.50787 -1.45569 -1.598 -1.65926 1.57099 0.0939378
1.51356 -1.4772 -1.57683 -1.65892 1.57099 0.083914
1.51901 -1.4988 -1.55507 -1.65909 1.57099 0.073654
1.52423 -1.5205 -1.53272 -1.65975 1.57099 0.0631713
1.52925 -1.5423 -1.50975 -1.66092 1.57099 0.0524787
1.53407 -1.5642 -1.48616 -1.66261 1.57099 0.0415881
1.5387 -1.58623 -1.46194 -1.66482 1.57099 0.0305104
1.54316 -1.60838 -1.43704 -1.66756 1.57099 0.0192558
1.54745 -1.63067 -1.41147 -1.67085 1.57099 0.00783396
1.55158 -1.65312 -1.38518 -1.67469 1.57099 -0.00374631
