1 0.000203549 -0.000203673 0.108884
0.000203673 -1 0.00061102 0.485489
-0.000203549 -0.000611061 -1 0.331983
0 0 0 1
0.99988 -0.0155057 -0.000216373 0.107796
-0.0155058 -0.99988 -0.000614161 0.485374
-0.000206824 0.000617442 -1 0.331163
0 0 0 1
0.999513 -0.0312114 -0.000171482 0.106707
-0.0312113 -0.999513 0.000623314 0.485259
-0.000190853 -0.000617658 -1 0.330344
0 0 0 1
0.998899 -0.0469091 -0.00024216 0.105618
-0.0469092 -0.998899 -0.000619755 0.485144
-0.000212821 0.000630432 -1 0.329524
0 0 0 1
0.998039 -0.0625955 -0.000138921 0.104529
-0.0625954 -0.998039 0.000634592 0.485029
-0.000178371 -0.000624652 -1 0.328704
0 0 0 1
0.996932 -0.0782662 -0.00026811 0.10344
-0.0782663 -0.996932 -0.000624536 0.484914
-0.000218408 0.000643604 -1 0.327884
0 0 0 1
0.99558 -0.0939178 -0.000106022 0.102351
-0.0939177 -0.99558 0.000644841 0.484799
-0.000166115 -0.000632033 -1 0.327064
0 0 0 1
0.993982 -0.109546 -0.000294198 0.101263
-0.109546 -0.993982 -0.000628499 0.484684
-0.000223577 0.000656945 -1 0.326244
0 0 0 1
0.992138 -0.125147 -7.28164e-05 0.100174
-0.125147 -0.992138 0.000654051 0.48457
-0.000154097 -0.000639796 -1 0.325425
0 0 0 1
0.99005 -0.140718 -0.000320397 0.0990848
-0.140718 -0.99005 -0.000631641 0.484455
-0.000228325 0.000670441 -1 0.324605
0 0 0 1
0.987717 -0.156253 -3.93383e-05 0.097996
-0.156253 -0.987717 0.000662214 0.48434
-0.000142328 -0.000647933 -1 0.323785
0 0 0 1
0.98514 -0.17175 -0.000346681 0.0969071
-0.171751 -0.98514 -0.000633958 0.484225
-0.000232647 0.000684081 -1 0.322965
0 0 0 1
0.982321 -0.187205 -5.62022e-06 0.0958183
-0.187205 -0.982321 0.000669321 0.48411
-0.000130821 -0.000656436 -1 0.322145
0 0 0 1
0.979259 -0.202614 -0.000373026 0.0947294
-0.202614 -0.979259 -0.000635449 0.483995
-0.000236538 0.000697849 -1 0.321325
0 0 0 1
0.975955 -0.217972 2.83045e-05 0.0936406
-0.217972 -0.975955 0.000675365 0.48388
-0.000119587 -0.000665295 -1 0.320506
0 0 0 1
0.97241 -0.233277 -0.000399404 0.0925518
-0.233277 -0.97241 -0.000636111 0.483765
-0.000239995 0.000711732 -1 0.319686
0 0 0 1
0.968626 -0.248524 6.24023e-05 0.0914629
-0.248524 -0.968625 0.00068034 0.48365
-0.000108637 -0.000674504 -1 0.318866
0 0 0 1
0.964602 -0.26371 -0.000425791 0.0903741
-0.26371 -0.964602 -0.000635944 0.483536
-0.000243014 0.000725718 -1 0.318046
0 0 0 1
0.96034 -0.278831 9.66396e-05 0.0892852
-0.278831 -0.96034 0.000684242 0.483421
-9.79809e-05 -0.000684051 -1 0.317226
0 0 0 1
0.955841 -0.293883 -0.000452159 0.0881964
-0.293883 -0.955841 -0.000634948 0.483306
-0.000245592 0.000739791 -1 0.316406
0 0 0 1
0.951107 -0.308862 0.000130983 0.0871075
-0.308862 -0.951107 0.000687067 0.483191
-8.76304e-05 -0.000693929 -1 0.315587
0 0 0 1
0.946137 -0.323765 -0.000478482 0.0860187
-0.323765 -0.946137 -0.000633124 0.483076
-0.000247726 0.000753938 -1 0.314767
0 0 0 1
0.940935 -0.338588 0.000165397 0.0849298
-0.338588 -0.940934 0.000688811 0.482961
-7.75953e-05 -0.000704127 -1 0.313947
0 0 0 1
0.935499 -0.353328 -0.000504736 0.083841
-0.353328 -0.935499 -0.000630474 0.482846
-0.000249415 0.000768146 -1 0.313127
0 0 0 1
0.929833 -0.367981 0.00019985 0.0827522
-0.367981 -0.929833 0.000689473 0.482731
-6.78856e-05 -0.000714636 -1 0.312307
0 0 0 1
0.923938 -0.382542 -6.32802e-05 0.0816633
-0.382542 -0.923938 0.000502078 0.482616
-0.000250533 -0.000439681 -1 0.311487
0 0 0 1
0.917814 -0.39701 -5.86352e-05 0.0805745
-0.39701 -0.917814 0.000496637 0.482502
-0.000250986 -0.000432542 -1 0.310668
0 0 0 1
0.911464 -0.411379 -5.40763e-05 0.0794856
-0.411379 -0.911464 0.000491124 0.482387
-0.000251326 -0.000425396 -1 0.309848
0 0 0 1
0.904889 -0.425647 -4.96045e-05 0.0783968
-0.425647 -0.904889 0.000485539 0.482272
-0.000251555 -0.000418246 -1 0.309028
0 0 0 1
0.898091 -0.439809 -4.52211e-05 0.0773079
-0.439809 -0.898091 0.000479886 0.482157
-0.000251671 -0.000411093 -1 0.308208
0 0 0 1
0.891071 -0.453863 -4.0927e-05 0.0762191
-0.453863 -0.891071 0.000474164 0.482042
-0.000251675 -0.000403939 -1 0.307388
0 0 0 1
0.883831 -0.467806 -3.67233e-05 0.0751303
-0.467806 -0.883831 0.000468375 0.481927
-0.000251566 -0.000396785 -1 0.306568
0 0 0 1
0.876373 -0.481632 -3.2611e-05 0.0740414
-0.481632 -0.876373 0.000462521 0.481812
-0.000251345 -0.000389635 -1 0.305749
0 0 0 1
0.868699 -0.49534 -2.85912e-05 0.0729526
-0.49534 -0.868699 0.000456604 0.481697
-0.000251011 -0.000382489 -1 0.304929
0 0 0 1
0.86081 -0.508926 -2.46649e-05 0.0718637
-0.508926 -0.86081 0.000450623 0.481582
-0.000250566 -0.000375349 -1 0.304109
0 0 0 1
0.852709 -0.522386 -2.08331e-05 0.0707749
-0.522386 -0.852709 0.000444582 0.481468
-0.000250008 -0.000368217 -1 0.303289
0 0 0 1
0.844398 -0.535717 -1.70965e-05 0.069686
-0.535717 -0.844398 0.000438482 0.481353
-0.000249338 -0.000361094 -1 0.302469
0 0 0 1
0.835878 -0.548915 -1.34563e-05 0.0685972
-0.548915 -0.835878 0.000432323 0.481238
-0.000248557 -0.000353983 -1 0.30165
0 0 0 1
0.827152 -0.561979 -9.91332e-06 0.0675084
-0.561979 -0.827152 0.000426108 0.481123
-0.000247664 -0.000346885 -1 0.30083
0 0 0 1
0.818221 -0.574903 -6.46838e-06 0.0664195
-0.574903 -0.818221 0.000419838 0.481008
-0.000246659 -0.000339802 -1 0.30001
0 0 0 1
0.809089 -0.587686 -3.12236e-06 0.0653307
-0.587686 -0.809089 0.000413515 0.480893
-0.000245543 -0.000332735 -1 0.29919
0 0 0 1
0.799757 -0.600324 1.23918e-07 0.0642418
-0.600324 -0.799757 0.00040714 0.480778
-0.000244317 -0.000325687 -1 0.29837
0 0 0 1
0.790228 -0.612814 3.26965e-06 0.063153
-0.612814 -0.790227 0.000400715 0.480663
-0.00024298 -0.000318659 -1 0.29755
0 0 0 1
0.780503 -0.625152 6.31405e-06 0.0620641
-0.625152 -0.780503 0.000394241 0.480549
-0.000241532 -0.000311653 -1 0.296731
0 0 0 1
0.770586 -0.637336 9.25638e-06 0.0609753
-0.637336 -0.770586 0.00038772 0.480434
-0.000239975 -0.000304671 -1 0.295911
0 0 0 1
0.760479 -0.649363 1.20959e-05 0.0598864
-0.649363 -0.760479 0.000381154 0.480319
-0.000238308 -0.000297714 -1 0.295091
0 0 0 1
0.750184 -0.661229 1.48319e-05 0.0587976
-0.661229 -0.750184 0.000374544 0.480204
-0.000236533 -0.000290784 -1 0.294271
0 0 0 1
0.739704 -0.672932 1.74638e-05 0.0577088
-0.672932 -0.739704 0.000367891 0.480089
-0.000234648 -0.000283883 -1 0.293451
0 0 0 1
0.729041 -0.68447 1.99908e-05 0.0566199
-0.68447 -0.729041 0.000361199 0.479974
-0.000232655 -0.000277012 -1 0.292631
0 0 0 1
0.718199 -0.695838 2.24124e-05 0.0555311
-0.695838 -0.718199 0.000354467 0.479859
-0.000230555 -0.000270173 -1 0.291812
0 0 0 1
0.707179 -0.707035 2.47279e-05 0.0544422
-0.707035 -0.707179 0.000347698 0.479744
-0.000228348 -0.000263368 -1 0.290992
0 0 0 1
0.695985 -0.718057 2.69368e-05 0.0533534
-0.718057 -0.695985 0.000340894 0.479629
-0.000226033 -0.000256599 -1 0.290172
0 0 0 1
0.684619 -0.728902 2.90385e-05 0.0522645
-0.728901 -0.684619 0.000334055 0.479515
-0.000223613 -0.000249867 -1 0.289352
0 0 0 1
0.673084 -0.739566 3.10326e-05 0.0511757
-0.739566 -0.673083 0.000327185 0.4794
-0.000221088 -0.000243174 -1 0.288532
0 0 0 1
0.661382 -0.750049 3.29185e-05 0.0500869
-0.750049 -0.661382 0.000320284 0.479285
-0.000218457 -0.000236521 -1 0.287712
0 0 0 1
0.649518 -0.760346 3.46957e-05 0.048998
-0.760346 -0.649518 0.000313354 0.47917
-0.000215722 -0.00022991 -1 0.286893
0 0 0 1
0.637493 -0.770456 3.63638e-05 0.0479092
-0.770456 -0.637493 0.000306398 0.479055
-0.000212884 -0.000223343 -1 0.286073
0 0 0 1
0.625311 -0.780375 3.79225e-05 0.0468203
-0.780375 -0.625311 0.000299416 0.47894
-0.000209943 -0.000216822 -1 0.285253
0 0 0 1
0.612975 -0.790102 3.93713e-05 0.0457315
-0.790102 -0.612975 0.00029241 0.478825
-0.0002069 -0.000210347 -1 0.284433
0 0 0 1
0.600487 -0.799634 4.07098e-05 0.0446426
-0.799634 -0.600487 0.000285382 0.47871
-0.000203756 -0.000203921 -1 0.283613
0 0 0 1
0.587851 -0.808969 4.19378e-05 0.0435538
-0.808969 -0.587851 0.000278335 0.478595
-0.000200511 -0.000197546 -1 0.282793
0 0 0 1
0.575071 -0.818104 4.3055e-05 0.042465
-0.818104 -0.575071 0.000271268 0.478481
-0.000197166 -0.000191222 -1 0.281974
0 0 0 1
0.562148 -0.827037 4.40609e-05 0.0413761
-0.827037 -0.562148 0.000264185 0.478366
-0.000193722 -0.000184951 -1 0.281154
0 0 0 1
0.549086 -0.835766 4.49555e-05 0.0402873
-0.835766 -0.549086 0.000257088 0.478251
-0.000190181 -0.000178736 -1 0.280334
0 0 0 1
0.535889 -0.844288 4.57385e-05 0.0391984
-0.844288 -0.535889 0.000249977 0.478136
-0.000186542 -0.000172576 -1 0.279514
0 0 0 1
0.52256 -0.852603 4.64097e-05 0.0381096
-0.852603 -0.52256 0.000242854 0.478021
-0.000182806 -0.000166475 -1 0.278694
0 0 0 1
0.509101 -0.860707 4.69689e-05 0.0370207
-0.860707 -0.509101 0.000235722 0.477906
-0.000178976 -0.000160433 -1 0.277874
0 0 0 1
0.495517 -0.868598 4.74159e-05 0.0359319
-0.868598 -0.495517 0.000228582 0.477791
-0.000175051 -0.000154452 -1 0.277055
0 0 0 1
0.481811 -0.876275 4.77508e-05 0.0348431
-0.876275 -0.481811 0.000221436 0.477676
-0.000171032 -0.000148533 -1 0.276235
0 0 0 1
0.467986 -0.883736 4.79734e-05 0.0337542
-0.883736 -0.467986 0.000214286 0.477561
-0.000166921 -0.000142678 -1 0.275415
0 0 0 1
0.454045 -0.890979 4.80836e-05 0.0326654
-0.890979 -0.454045 0.000207133 0.477447
-0.000162719 -0.000136889 -1 0.274595
0 0 0 1
0.439993 -0.898001 4.80814e-05 0.0315765
-0.898001 -0.439993 0.000199979 0.477332
-0.000158426 -0.000131166 -1 0.273775
0 0 0 1
0.425831 -0.904803 4.79669e-05 0.0304877
-0.904803 -0.425831 0.000192826 0.477217
-0.000154043 -0.000125512 -1 0.272955
0 0 0 1
0.411565 -0.91138 4.77399e-05 0.0293988
-0.91138 -0.411565 0.000185675 0.477102
-0.000149573 -0.000119927 -1 0.272136
0 0 0 1
0.397197 -0.917733 4.74007e-05 0.02831
-0.917733 -0.397197 0.000178529 0.476987
-0.000145015 -0.000114413 -1 0.271316
0 0 0 1
0.382731 -0.92386 4.69493e-05 0.0272212
-0.92386 -0.382731 0.00017139 0.476872
-0.000140371 -0.000108971 -1 0.270496
0 0 0 1
0.368317 -0.9297 4.6392e-05 0.0261432
-0.9297 -0.368317 0.000164329 0.476758
-0.00013569 -0.000103656 -1 0.269664
0 0 0 1
0.354107 -0.935205 4.57394e-05 0.025087
-0.935205 -0.354107 0.000157421 0.476647
-0.000131024 -9.85195e-05 -1 0.268809
0 0 0 1
0.340111 -0.940385 4.49984e-05 0.0240526
-0.940385 -0.340111 0.000150665 0.476538
-0.000126379 -9.35586e-05 -1 0.26793
0 0 0 1
0.326336 -0.945254 4.41754e-05 0.02304
-0.945254 -0.326335 0.000144063 0.476431
-0.00012176 -8.87697e-05 -1 0.267028
0 0 0 1
0.312789 -0.949823 4.32768e-05 0.0220491
-0.949823 -0.312789 0.000137615 0.476326
-0.000117173 -8.41497e-05 -1 0.266102
0 0 0 1
0.299479 -0.954103 4.23089e-05 0.0210801
-0.954103 -0.299479 0.000131322 0.476224
-0.000112624 -7.96951e-05 -1 0.265152
0 0 0 1
0.286411 -0.958107 4.12778e-05 0.0201328
-0.958107 -0.286411 0.000125184 0.476124
-0.000108117 -7.54025e-05 -1 0.264179
0 0 0 1
0.273592 -0.961846 4.01894e-05 0.0192073
-0.961846 -0.273592 0.000119201 0.476027
-0.000103658 -7.12685e-05 -1 0.263182
0 0 0 1
0.261027 -0.965332 3.90497e-05 0.0183035
-0.965332 -0.261027 0.000113374 0.475931
-9.92503e-05 -6.72895e-05 -1 0.262161
0 0 0 1
0.248722 -0.968575 3.78642e-05 0.0174216
-0.968575 -0.248722 0.000107702 0.475838
-9.48995e-05 -6.34621e-05 -1 0.261117
0 0 0 1
0.236682 -0.971587 3.66386e-05 0.0165614
-0.971587 -0.236682 0.000102185 0.475747
-9.06094e-05 -5.97829e-05 -1 0.26005
0 0 0 1
0.224912 -0.974379 3.53783e-05 0.015723
-0.974379 -0.224912 9.68221e-05 0.475659
-8.63844e-05 -5.62483e-05 -1 0.258958
0 0 0 1
0.213416 -0.976961 3.40883e-05 0.0149063
-0.976961 -0.213416 9.16139e-05 0.475573
-8.22283e-05 -5.28549e-05 -1 0.257844
0 0 0 1
0.202198 -0.979345 3.2774e-05 0.0141115
-0.979345 -0.202198 8.65596e-05 0.475489
-7.81448e-05 -4.95992e-05 -1 0.256705
0 0 0 1
0.191262 -0.981539 3.14401e-05 0.0133384
-0.981539 -0.191262 8.16586e-05 0.475407
-7.41377e-05 -4.64779e-05 -1 0.255543
0 0 0 1
0.180612 -0.983555 3.00915e-05 0.0125871
-0.983555 -0.180612 7.69101e-05 0.475328
-7.02104e-05 -4.34875e-05 -1 0.254357
0 0 0 1
0.170249 -0.985401 2.87328e-05 0.0118576
-0.985401 -0.170249 7.23135e-05 0.475251
-6.63661e-05 -4.06246e-05 -1 0.253148
0 0 0 1
0.160178 -0.987088 2.73685e-05 0.0111498
-0.987088 -0.160178 6.7868e-05 0.475176
-6.26079e-05 -3.78861e-05 -1 0.251915
0 0 0 1
0.150401 -0.988625 2.60029e-05 0.0104638
-0.988625 -0.150401 6.35729e-05 0.475104
-5.89389e-05 -3.52685e-05 -1 0.250659
0 0 0 1
0.14092 -0.990021 2.46402e-05 0.00979964
-0.990021 -0.14092 5.94271e-05 0.475034
-5.53618e-05 -3.27688e-05 -1 0.249379
0 0 0 1
0.131738 -0.991285 2.32845e-05 0.00915722
-0.991285 -0.131738 5.54299e-05 0.474966
-5.18794e-05 -3.03838e-05 -1 0.248075
0 0 0 1
0.122856 -0.992425 2.19396e-05 0.00853658
-0.992425 -0.122856 5.15803e-05 0.474901
-4.84941e-05 -2.81103e-05 -1 0.246748
0 0 0 1
0.114276 -0.993449 2.06093e-05 0.00793771
-0.993449 -0.114276 4.78773e-05 0.474838
-4.52085e-05 -2.59455e-05 -1 0.245397
0 0 0 1
0.106001 -0.994366 1.92971e-05 0.00736062
-0.994366 -0.106001 4.432e-05 0.474777
-4.20248e-05 -2.38863e-05 -1 0.244022
0 0 0 1
0.0980303 -0.995183 1.80065e-05 0.00680531
-0.995183 -0.0980303 4.09073e-05 0.474718
-3.89451e-05 -2.19299e-05 -1 0.242624
0 0 0 1
0.0903666 -0.995909 1.67408e-05 0.00627177
-0.995909 -0.0903666 3.76383e-05 0.474662
-3.59715e-05 -2.00735e-05 -1 0.241202
0 0 0 1
0.0830107 -0.996549 1.55031e-05 0.00576002
-0.996549 -0.0830107 3.4512e-05 0.474608
-3.31059e-05 -1.83145e-05 -1 0.239757
0 0 0 1
0.0759636 -0.997111 1.42965e-05 0.00527004
-0.997111 -0.0759636 3.15273e-05 0.474556
-3.03502e-05 -1.66501e-05 -1 0.238288
0 0 0 1
0.0692261 -0.997601 1.31239e-05 0.00480183
-0.997601 -0.0692261 2.86834e-05 0.474507
-2.7706e-05 -1.5078e-05 -1 0.236796
0 0 0 1
0.062799 -0.998026 1.19879e-05 0.0043554
-0.998026 -0.062799 2.59791e-05 0.47446
-2.5175e-05 -1.35957e-05 -1 0.235279
0 0 0 1
0.0566831 -0.998392 1.08912e-05 0.00393075
-0.998392 -0.0566831 2.34136e-05 0.474415
-2.27586e-05 -1.22008e-05 -1 0.23374
0 0 0 1
0.0508788 -0.998705 9.8362e-06 0.00352788
-0.998705 -0.0508788 2.09859e-05 0.474372
-2.04583e-05 -1.08912e-05 -1 0.232176
0 0 0 1
0.0453867 -0.998969 8.82528e-06 0.00314678
-0.998969 -0.0453867 1.86952e-05 0.474332
-1.82754e-05 -9.6647e-06 -1 0.230589
0 0 0 1
0.0402071 -0.999191 7.8606e-06 0.00278746
-0.999191 -0.0402071 1.65404e-05 0.474294
-1.6211e-05 -8.51929e-06 -1 0.228979
0 0 0 1
0.0353405 -0.999375 6.94422e-06 0.00244992
-0.999375 -0.0353405 1.45209e-05 0.474258
-1.42664e-05 -7.45306e-06 -1 0.227345
0 0 0 1
0.030787 -0.999526 6.07807e-06 0.00213416
-0.999526 -0.030787 1.26356e-05 0.474225
-1.24425e-05 -6.4642e-06 -1 0.225687
0 0 0 1
0.0265471 -0.999648 5.26394e-06 0.00184017
-0.999648 -0.0265471 1.0884e-05 0.474194
-1.07404e-05 -5.55102e-06 -1 0.224006
0 0 0 1
0.0226207 -0.999744 4.50349e-06 0.00156795
-0.999744 -0.0226207 9.26519e-06 0.474165
-9.16095e-06 -4.71192e-06 -1 0.222301
0 0 0 1
0.0190082 -0.999819 3.79827e-06 0.00131752
-0.999819 -0.0190082 7.77854e-06 0.474139
-7.70494e-06 -3.94544e-06 -1 0.220572
0 0 0 1
0.0157096 -0.999877 3.14969e-06 0.00108886
-0.999877 -0.0157096 6.4234e-06 0.474115
-6.37313e-06 -3.25021e-06 -1 0.21882
0 0 0 1
0.012725 -0.999919 2.55902e-06 0.000881978
-0.999919 -0.012725 5.19917e-06 0.474093
-5.16619e-06 -2.62498e-06 -1 0.217044
0 0 0 1
0.0100544 -0.999949 2.02744e-06 0.000696873
-0.999949 -0.0100544 4.1053e-06 0.474074
-4.08471e-06 -2.06861e-06 -1 0.215245
0 0 0 1
0.00769799 -0.99997 1.55597e-06 0.000533545
-0.99997 -0.00769799 3.14131e-06 0.474056
-3.12924e-06 -1.5801e-06 -1 0.213422
0 0 0 1
0.00565572 -0.999984 1.14552e-06 0.000391994
-0.999984 -0.00565572 2.30674e-06 0.474041
-2.30023e-06 -1.15855e-06 -1 0.211575
0 0 0 1
0.00392761 -0.999992 7.9689e-07 0.00027222
-0.999992 -0.00392761 1.60123e-06 0.474029
-1.59808e-06 -8.03173e-07 -1 0.209705
0 0 0 1
0.0025137 -0.999997 5.10738e-07 0.000174222
-0.999997 -0.0025137 1.02443e-06 0.474018
-1.02315e-06 -5.13312e-07 -1 0.207811
0 0 0 1
0.00141398 -0.999999 2.87611e-07 9.80012e-05
-0.999999 -0.00141398 5.76093e-07 0.47401
-5.75686e-07 -2.88425e-07 -1 0.205894
0 0 0 1
0.000628451 -1 1.27931e-07 4.35573e-05
-1 -0.000628451 2.55998e-07 0.474005
-2.55918e-07 -1.28092e-07 -1 0.203953
0 0 0 1
0.000157126 -1 3.20006e-08 1.08902e-05
-1 -0.000157126 6.39974e-08 0.474001
-6.39924e-08 -3.20106e-08 -1 0.201988
0 0 0 1
6.12323e-17 -1 0 7.58354e-14
-1 -6.12323e-17 1.22465e-16 0.474
-1.22465e-16 -7.4988e-33 -1 0.2
0 0 0 1
6.12323e-17 -1 0 1.81248e-17
-1 -6.12323e-17 1.22465e-16 0.474
-1.22465e-16 -7.4988e-33 -1 0.198
0 0 0 1
6.12323e-17 -1 -1.22465e-16 1.78798e-17
-1 -6.12323e-17 -7.4988e-33 0.474
0 1.22465e-16 -1 0.196
0 0 0 1
6.12323e-17 -1 0 1.76349e-17
-1 -6.12323e-17 1.22465e-16 0.474
-1.22465e-16 -7.4988e-33 -1 0.194
0 0 0 1
6.12323e-17 -1 -1.22465e-16 1.739e-17
-1 -6.12323e-17 -7.4988e-33 0.474
0 1.22465e-16 -1 0.192
0 0 0 1
6.12323e-17 -1 0 1.71451e-17
-1 -6.12323e-17 1.22465e-16 0.474
-1.22465e-16 -7.4988e-33 -1 0.19
0 0 0 1
6.12323e-17 -1 -1.22465e-16 1.69001e-17
-1 -6.12323e-17 -7.4988e-33 0.474
0 1.22465e-16 -1 0.188
0 0 0 1
6.12323e-17 -1 0 1.66552e-17
-1 -6.12323e-17 1.22465e-16 0.474
-1.22465e-16 -7.4988e-33 -1 0.186
0 0 0 1
6.12323e-17 -1 -1.22465e-16 1.64103e-17
-1 -6.12323e-17 -7.4988e-33 0.474
0 1.22465e-16 -1 0.184
0 0 0 1
6.12323e-17 -1 0 1.61653e-17
-1 -6.12323e-17 1.22465e-16 0.474
-1.22465e-16 -7.4988e-33 -1 0.182
0 0 0 1
6.12323e-17 -1 -1.22465e-16 1.59204e-17
-1 -6.12323e-17 -7.4988e-33 0.474
0 1.22465e-16 -1 0.18
0 0 0 1
6.12323e-17 -1 0 1.56755e-17
-1 -6.12323e-17 1.22465e-16 0.474
-1.22465e-16 -7.4988e-33 -1 0.178
0 0 0 1
6.12323e-17 -1 -1.22465e-16 1.54306e-17
-1 -6.12323e-17 -7.4988e-33 0.474
0 1.22465e-16 -1 0.176
0 0 0 1
6.12323e-17 -1 0 1.51856e-17
-1 -6.12323e-17 1.22465e-16 0.474
-1.22465e-16 -7.4988e-33 -1 0.174
0 0 0 1
6.12323e-17 -1 -1.22465e-16 1.49407e-17
-1 -6.12323e-17 -7.4988e-33 0.474
0 1.22465e-16 -1 0.172
0 0 0 1
6.12323e-17 -1 0 1.46958e-17
-1 -6.12323e-17 1.22465e-16 0.474
-1.22465e-16 -7.4988e-33 -1 0.17
0 0 0 1
6.12323e-17 -1 -1.22465e-16 1.44508e-17
-1 -6.12323e-17 -7.4988e-33 0.474
0 1.22465e-16 -1 0.168
0 0 0 1
6.12323e-17 -1 0 1.42059e-17
-1 -6.12323e-17 1.22465e-16 0.474
-1.22465e-16 -7.4988e-33 -1 0.166
0 0 0 1
6.12323e-17 -1 -1.22465e-16 1.3961e-17
-1 -6.12323e-17 -7.4988e-33 0.474
0 1.22465e-16 -1 0.164
0 0 0 1
6.12323e-17 -1 0 1.37161e-17
-1 -6.12323e-17 1.22465e-16 0.474
-1.22465e-16 -7.4988e-33 -1 0.162
0 0 0 1
6.12323e-17 -1 -1.22465e-16 1.34711e-17
-1 -6.12323e-17 -7.4988e-33 0.474
0 1.22465e-16 -1 0.16
0 0 0 1
6.12323e-17 -1 0 1.32262e-17
-1 -6.12323e-17 1.22465e-16 0.474
-1.22465e-16 -7.4988e-33 -1 0.158
0 0 0 1
6.12323e-17 -1 -1.22465e-16 1.29813e-17
-1 -6.12323e-17 -7.4988e-33 0.474
0 1.22465e-16 -1 0.156
0 0 0 1
6.12323e-17 -1 0 1.27363e-17
-1 -6.12323e-17 1.22465e-16 0.474
-1.22465e-16 -7.4988e-33 -1 0.154
0 0 0 1
6.12323e-17 -1 -1.22465e-16 1.24914e-17
-1 -6.12323e-17 -7.4988e-33 0.474
0 1.22465e-16 -1 0.152
0 0 0 1
6.12323e-17 -1 0 1.22465e-17
-1 -6.12323e-17 1.22465e-16 0.474
-1.22465e-16 -7.4988e-33 -1 0.15
0 0 0 1
6.12323e-17 -1 -1.22465e-16 1.20016e-17
-1 -6.12323e-17 -7.4988e-33 0.474
0 1.22465e-16 -1 0.148
0 0 0 1
6.12323e-17 -1 0 1.17566e-17
-1 -6.12323e-17 1.22465e-16 0.474
-1.22465e-16 -7.4988e-33 -1 0.146
0 0 0 1
6.12323e-17 -1 -1.22465e-16 1.15117e-17
-1 -6.12323e-17 -7.4988e-33 0.474
0 1.22465e-16 -1 0.144
0 0 0 1
6.12323e-17 -1 0 1.12668e-17
-1 -6.12323e-17 1.22465e-16 0.474
-1.22465e-16 -7.4988e-33 -1 0.142
0 0 0 1
6.12323e-17 -1 -1.22465e-16 1.10218e-17
-1 -6.12323e-17 -7.4988e-33 0.474
0 1.22465e-16 -1 0.14
0 0 0 1
6.12323e-17 -1 0 1.07769e-17
-1 -6.12323e-17 1.22465e-16 0.474
-1.22465e-16 -7.4988e-33 -1 0.138
0 0 0 1
6.12323e-17 -1 -1.22465e-16 1.0532e-17
-1 -6.12323e-17 -7.4988e-33 0.474
0 1.22465e-16 -1 0.136
0 0 0 1
6.12323e-17 -1 0 1.0287e-17
-1 -6.12323e-17 1.22465e-16 0.474
-1.22465e-16 -7.4988e-33 -1 0.134
0 0 0 1
6.12323e-17 -1 -1.22465e-16 1.00421e-17
-1 -6.12323e-17 -7.4988e-33 0.474
0 1.22465e-16 -1 0.132
0 0 0 1
6.12323e-17 -1 0 9.79719e-18
-1 -6.12323e-17 1.22465e-16 0.474
-1.22465e-16 -7.4988e-33 -1 0.13
0 0 0 1
6.12323e-17 -1 -1.22465e-16 9.55226e-18
-1 -6.12323e-17 -7.4988e-33 0.474
0 1.22465e-16 -1 0.128
0 0 0 1
6.12323e-17 -1 0 9.30733e-18
-1 -6.12323e-17 1.22465e-16 0.474
-1.22465e-16 -7.4988e-33 -1 0.126
0 0 0 1
6.12323e-17 -1 -1.22465e-16 9.0624e-18
-1 -6.12323e-17 -7.4988e-33 0.474
0 1.22465e-16 -1 0.124
0 0 0 1
6.12323e-17 -1 0 8.81747e-18
-1 -6.12323e-17 1.22465e-16 0.474
-1.22465e-16 -7.4988e-33 -1 0.122
0 0 0 1
6.12323e-17 -1 -1.22465e-16 8.57254e-18
-1 -6.12323e-17 -7.4988e-33 0.474
0 1.22465e-16 -1 0.12
0 0 0 1
6.12323e-17 -1 0 8.32761e-18
-1 -6.12323e-17 1.22465e-16 0.474
-1.22465e-16 -7.4988e-33 -1 0.118
0 0 0 1
6.12323e-17 -1 -1.22465e-16 8.08268e-18
-1 -6.12323e-17 -7.4988e-33 0.474
0 1.22465e-16 -1 0.116
0 0 0 1
6.12323e-17 -1 0 7.83776e-18
-1 -6.12323e-17 1.22465e-16 0.474
-1.22465e-16 -7.4988e-33 -1 0.114
0 0 0 1
6.12323e-17 -1 -1.22465e-16 7.59283e-18
-1 -6.12323e-17 -7.4988e-33 0.474
0 1.22465e-16 -1 0.112
0 0 0 1
6.12323e-17 -1 0 7.3479e-18
-1 -6.12323e-17 1.22465e-16 0.474
-1.22465e-16 -7.4988e-33 -1 0.11
0 0 0 1
6.12323e-17 -1 -1.22465e-16 7.10297e-18
-1 -6.12323e-17 -7.4988e-33 0.474
0 1.22465e-16 -1 0.108
0 0 0 1
6.12323e-17 -1 0 6.85804e-18
-1 -6.12323e-17 1.22465e-16 0.474
-1.22465e-16 -7.4988e-33 -1 0.106
0 0 0 1
6.12323e-17 -1 -1.22465e-16 6.61311e-18
-1 -6.12323e-17 -7.4988e-33 0.474
0 1.22465e-16 -1 0.104
0 0 0 1
6.12323e-17 -1 0 6.36818e-18
-1 -6.12323e-17 1.22465e-16 0.474
-1.22465e-16 -7.4988e-33 -1 0.102
0 0 0 1
6.12323e-17 -1 -1.22465e-16 6.12325e-18
-1 -6.12323e-17 -7.4988e-33 0.474
0 1.22465e-16 -1 0.1
0 0 0 1
6.12323e-17 -1 -1.22465e-16 5.88322e-18
-1 -6.12323e-17 -7.4988e-33 0.474
0 1.22465e-16 -1 0.0980401
0 0 0 1
6.12323e-17 -1 -1.22465e-16 5.65299e-18
-1 -6.12323e-17 -7.4988e-33 0.474
0 1.22465e-16 -1 0.0961601
0 0 0 1
6.12323e-17 -1 -1.22465e-16 5.43255e-18
-1 -6.12323e-17 -7.4988e-33 0.474
0 1.22465e-16 -1 0.0943601
0 0 0 1
6.12323e-17 -1 -1.22465e-16 5.22191e-18
-1 -6.12323e-17 -7.4988e-33 0.474
0 1.22465e-16 -1 0.0926401
0 0 0 1
6.12323e-17 -1 -1.22465e-16 5.02107e-18
-1 -6.12323e-17 -7.4988e-33 0.474
0 1.22465e-16 -1 0.0910001
0 0 0 1
6.12323e-17 -1 -1.22465e-16 4.83002e-18
-1 -6.12323e-17 -7.4988e-33 0.474
0 1.22465e-16 -1 0.0894401
0 0 0 1
6.12323e-17 -1 -1.22465e-16 4.64877e-18
-1 -6.12323e-17 -7.4988e-33 0.474
0 1.22465e-16 -1 0.0879601
0 0 0 1
6.12323e-17 -1 -1.22465e-16 4.47732e-18
-1 -6.12323e-17 -7.4988e-33 0.474
0 1.22465e-16 -1 0.0865601
0 0 0 1
6.12323e-17 -1 -1.22465e-16 4.31567e-18
-1 -6.12323e-17 -7.4988e-33 0.474
0 1.22465e-16 -1 0.0852401
0 0 0 1
6.12323e-17 -1 -1.22465e-16 4.16381e-18
-1 -6.12323e-17 -7.4988e-33 0.474
0 1.22465e-16 -1 0.0840001
0 0 0 1
6.12323e-17 -1 -1.22465e-16 4.02175e-18
-1 -6.12323e-17 -7.4988e-33 0.474
0 1.22465e-16 -1 0.0828401
0 0 0 1
6.12323e-17 -1 -1.22465e-16 3.88949e-18
-1 -6.12323e-17 -7.4988e-33 0.474
0 1.22465e-16 -1 0.0817601
0 0 0 1
6.12323e-17 -1 -1.22465e-16 3.76702e-18
-1 -6.12323e-17 -7.4988e-33 0.474
0 1.22465e-16 -1 0.0807601
0 0 0 1
6.12323e-17 -1 -1.22465e-16 3.65436e-18
-1 -6.12323e-17 -7.4988e-33 0.474
0 1.22465e-16 -1 0.0798401
0 0 0 1
6.12323e-17 -1 -1.22465e-16 3.55148e-18
-1 -6.12323e-17 -7.4988e-33 0.474
0 1.22465e-16 -1 0.0790001
0 0 0 1
6.12323e-17 -1 -1.22465e-16 3.45841e-18
-1 -6.12323e-17 -7.4988e-33 0.474
0 1.22465e-16 -1 0.0782401
0 0 0 1
6.12323e-17 -1 -1.22465e-16 3.37513e-18
-1 -6.12323e-17 -7.4988e-33 0.474
0 1.22465e-16 -1 0.0775601
0 0 0 1
6.12323e-17 -1 -1.22465e-16 3.30165e-18
-1 -6.12323e-17 -7.4988e-33 0.474
0 1.22465e-16 -1 0.07696
0 0 0 1
6.12323e-17 -1 -1.22465e-16 3.23797e-18
-1 -6.12323e-17 -7.4988e-33 0.474
0 1.22465e-16 -1 0.07644
0 0 0 1
6.12323e-17 -1 -1.22465e-16 3.18409e-18
-1 -6.12323e-17 -7.4988e-33 0.474
0 1.22465e-16 -1 0.076
0 0 0 1
6.12323e-17 -1 -1.22465e-16 3.14e-18
-1 -6.12323e-17 -7.4988e-33 0.474
0 1.22465e-16 -1 0.07564
0 0 0 1
6.12323e-17 -1 -1.22465e-16 3.10571e-18
-1 -6.12323e-17 -7.4988e-33 0.474
0 1.22465e-16 -1 0.07536
0 0 0 1
6.12323e-17 -1 -1.22465e-16 3.08121e-18
-1 -6.12323e-17 -7.4988e-33 0.474
0 1.22465e-16 -1 0.07516
0 0 0 1
6.12323e-17 -1 -1.22465e-16 3.06652e-18
-1 -6.12323e-17 -7.4988e-33 0.474
0 1.22465e-16 -1 0.07504
0 0 0 1
6.12323e-17 -1 -1.22465e-16 3.06162e-18
-1 -6.12323e-17 -7.4988e-33 0.474
0 1.22465e-16 -1 0.075
0 0 0 1
6.12323e-17 -1 -1.22465e-16 3.06651e-18
-1 -6.12323e-17 -7.4988e-33 0.474
0 1.22465e-16 -1 0.07504
0 0 0 1
6.12323e-17 -1 -1.22465e-16 3.08121e-18
-1 -6.12323e-17 -7.4988e-33 0.474
0 1.22465e-16 -1 0.07516
0 0 0 1
6.12323e-17 -1 -1.22465e-16 3.1057e-18
-1 -6.12323e-17 -7.4988e-33 0.474
0 1.22465e-16 -1 0.07536
0 0 0 1
6.12323e-17 -1 -1.22465e-16 3.13999e-18
-1 -6.12323e-17 -7.4988e-33 0.474
0 1.22465e-16 -1 0.07564
0 0 0 1
6.12323e-17 -1 -1.22465e-16 3.18408e-18
-1 -6.12323e-17 -7.4988e-33 0.474
0 1.22465e-16 -1 0.076
0 0 0 1
6.12323e-17 -1 -1.22465e-16 3.23796e-18
-1 -6.12323e-17 -7.4988e-33 0.474
0 1.22465e-16 -1 0.07644
0 0 0 1
6.12323e-17 -1 -1.22465e-16 3.30164e-18
-1 -6.12323e-17 -7.4988e-33 0.474
0 1.22465e-16 -1 0.0769599
0 0 0 1
6.12323e-17 -1 -1.22465e-16 3.37512e-18
-1 -6.12323e-17 -7.4988e-33 0.474
0 1.22465e-16 -1 0.0775599
0 0 0 1
6.12323e-17 -1 -1.22465e-16 3.45839e-18
-1 -6.12323e-17 -7.4988e-33 0.474
0 1.22465e-16 -1 0.0782399
0 0 0 1
6.12323e-17 -1 -1.22465e-16 3.55147e-18
-1 -6.12323e-17 -7.4988e-33 0.474
0 1.22465e-16 -1 0.0789999
0 0 0 1
6.12323e-17 -1 -1.22465e-16 3.65433e-18
-1 -6.12323e-17 -7.4988e-33 0.474
0 1.22465e-16 -1 0.0798399
0 0 0 1
6.12323e-17 -1 -1.22465e-16 3.767e-18
-1 -6.12323e-17 -7.4988e-33 0.474
0 1.22465e-16 -1 0.0807599
0 0 0 1
6.12323e-17 -1 -1.22465e-16 3.88946e-18
-1 -6.12323e-17 -7.4988e-33 0.474
0 1.22465e-16 -1 0.0817599
0 0 0 1
6.12323e-17 -1 -1.22465e-16 4.02173e-18
-1 -6.12323e-17 -7.4988e-33 0.474
0 1.22465e-16 -1 0.0828399
0 0 0 1
6.12323e-17 -1 -1.22465e-16 4.16378e-18
-1 -6.12323e-17 -7.4988e-33 0.474
0 1.22465e-16 -1 0.0839999
0 0 0 1
6.12323e-17 -1 -1.22465e-16 4.31564e-18
-1 -6.12323e-17 -7.4988e-33 0.474
0 1.22465e-16 -1 0.0852399
0 0 0 1
6.12323e-17 -1 -1.22465e-16 4.47729e-18
-1 -6.12323e-17 -7.4988e-33 0.474
0 1.22465e-16 -1 0.0865598
0 0 0 1
6.12323e-17 -1 -1.22465e-16 4.64874e-18
-1 -6.12323e-17 -7.4988e-33 0.474
0 1.22465e-16 -1 0.0879598
0 0 0 1
6.12323e-17 -1 -1.22465e-16 4.82999e-18
-1 -6.12323e-17 -7.4988e-33 0.474
0 1.22465e-16 -1 0.0894398
0 0 0 1
6.12323e-17 -1 -1.22465e-16 5.02103e-18
-1 -6.12323e-17 -7.4988e-33 0.474
0 1.22465e-16 -1 0.0909998
0 0 0 1
6.12323e-17 -1 -1.22465e-16 5.22187e-18
-1 -6.12323e-17 -7.4988e-33 0.474
0 1.22465e-16 -1 0.0926398
0 0 0 1
6.12323e-17 -1 -1.22465e-16 5.43251e-18
-1 -6.12323e-17 -7.4988e-33 0.474
0 1.22465e-16 -1 0.0943598
0 0 0 1
6.12323e-17 -1 -1.22465e-16 5.65294e-18
-1 -6.12323e-17 -7.4988e-33 0.474
0 1.22465e-16 -1 0.0961598
0 0 0 1
6.12323e-17 -1 -1.22465e-16 5.88318e-18
-1 -6.12323e-17 -7.4988e-33 0.474
0 1.22465e-16 -1 0.0980398
0 0 0 1
6.12323e-17 -1 -1.22465e-16 6.1232e-18
-1 -6.12323e-17 -7.4988e-33 0.474
0 1.22465e-16 -1 0.0999998
0 0 0 1
6.12323e-17 -1 0 6.36816e-18
-1 -6.12323e-17 1.22465e-16 0.474
-1.22465e-16 -7.4988e-33 -1 0.102
0 0 0 1
6.12323e-17 -1 -1.22465e-16 6.61309e-18
-1 -6.12323e-17 -7.4988e-33 0.474
0 1.22465e-16 -1 0.104
0 0 0 1
6.12323e-17 -1 0 6.85802e-18
-1 -6.12323e-17 1.22465e-16 0.474
-1.22465e-16 -7.4988e-33 -1 0.106
0 0 0 1
6.12323e-17 -1 -1.22465e-16 7.10294e-18
-1 -6.12323e-17 -7.4988e-33 0.474
0 1.22465e-16 -1 0.108
0 0 0 1
6.12323e-17 -1 0 7.34787e-18
-1 -6.12323e-17 1.22465e-16 0.474
-1.22465e-16 -7.4988e-33 -1 0.11
0 0 0 1
6.12323e-17 -1 -1.22465e-16 7.5928e-18
-1 -6.12323e-17 -7.4988e-33 0.474
0 1.22465e-16 -1 0.112
0 0 0 1
6.12323e-17 -1 0 7.83773e-18
-1 -6.12323e-17 1.22465e-16 0.474
-1.22465e-16 -7.4988e-33 -1 0.114
0 0 0 1
6.12323e-17 -1 -1.22465e-16 8.08266e-18
-1 -6.12323e-17 -7.4988e-33 0.474
0 1.22465e-16 -1 0.116
0 0 0 1
6.12323e-17 -1 0 8.32759e-18
-1 -6.12323e-17 1.22465e-16 0.474
-1.22465e-16 -7.4988e-33 -1 0.118
0 0 0 1
6.12323e-17 -1 -1.22465e-16 8.57252e-18
-1 -6.12323e-17 -7.4988e-33 0.474
0 1.22465e-16 -1 0.12
0 0 0 1
6.12323e-17 -1 0 8.81745e-18
-1 -6.12323e-17 1.22465e-16 0.474
-1.22465e-16 -7.4988e-33 -1 0.122
0 0 0 1
6.12323e-17 -1 -1.22465e-16 9.06238e-18
-1 -6.12323e-17 -7.4988e-33 0.474
0 1.22465e-16 -1 0.124
0 0 0 1
6.12323e-17 -1 0 9.30731e-18
-1 -6.12323e-17 1.22465e-16 0.474
-1.22465e-16 -7.4988e-33 -1 0.126
0 0 0 1
6.12323e-17 -1 -1.22465e-16 9.55224e-18
-1 -6.12323e-17 -7.4988e-33 0.474
0 1.22465e-16 -1 0.128
0 0 0 1
6.12323e-17 -1 0 9.79717e-18
-1 -6.12323e-17 1.22465e-16 0.474
-1.22465e-16 -7.4988e-33 -1 0.13
0 0 0 1
6.12323e-17 -1 -1.22465e-16 1.00421e-17
-1 -6.12323e-17 -7.4988e-33 0.474
0 1.22465e-16 -1 0.132
0 0 0 1
6.12323e-17 -1 0 1.0287e-17
-1 -6.12323e-17 1.22465e-16 0.474
-1.22465e-16 -7.4988e-33 -1 0.134
0 0 0 1
6.12323e-17 -1 -1.22465e-16 1.0532e-17
-1 -6.12323e-17 -7.4988e-33 0.474
0 1.22465e-16 -1 0.136
0 0 0 1
6.12323e-17 -1 0 1.07769e-17
-1 -6.12323e-17 1.22465e-16 0.474
-1.22465e-16 -7.4988e-33 -1 0.138
0 0 0 1
6.12323e-17 -1 -1.22465e-16 1.10218e-17
-1 -6.12323e-17 -7.4988e-33 0.474
0 1.22465e-16 -1 0.14
0 0 0 1
6.12323e-17 -1 0 1.12667e-17
-1 -6.12323e-17 1.22465e-16 0.474
-1.22465e-16 -7.4988e-33 -1 0.142
0 0 0 1
6.12323e-17 -1 -1.22465e-16 1.15117e-17
-1 -6.12323e-17 -7.4988e-33 0.474
0 1.22465e-16 -1 0.144
0 0 0 1
6.12323e-17 -1 0 1.17566e-17
-1 -6.12323e-17 1.22465e-16 0.474
-1.22465e-16 -7.4988e-33 -1 0.146
0 0 0 1
6.12323e-17 -1 -1.22465e-16 1.20015e-17
-1 -6.12323e-17 -7.4988e-33 0.474
0 1.22465e-16 -1 0.148
0 0 0 1
6.12323e-17 -1 0 1.22465e-17
-1 -6.12323e-17 1.22465e-16 0.474
-1.22465e-16 -7.4988e-33 -1 0.15
0 0 0 1
6.12323e-17 -1 -1.22465e-16 1.24914e-17
-1 -6.12323e-17 -7.4988e-33 0.474
0 1.22465e-16 -1 0.152
0 0 0 1
6.12323e-17 -1 0 1.27363e-17
-1 -6.12323e-17 1.22465e-16 0.474
-1.22465e-16 -7.4988e-33 -1 0.154
0 0 0 1
6.12323e-17 -1 -1.22465e-16 1.29812e-17
-1 -6.12323e-17 -7.4988e-33 0.474
0 1.22465e-16 -1 0.156
0 0 0 1
6.12323e-17 -1 0 1.32262e-17
-1 -6.12323e-17 1.22465e-16 0.474
-1.22465e-16 -7.4988e-33 -1 0.158
0 0 0 1
6.12323e-17 -1 -1.22465e-16 1.34711e-17
-1 -6.12323e-17 -7.4988e-33 0.474
0 1.22465e-16 -1 0.16
0 0 0 1
6.12323e-17 -1 0 1.3716e-17
-1 -6.12323e-17 1.22465e-16 0.474
-1.22465e-16 -7.4988e-33 -1 0.162
0 0 0 1
6.12323e-17 -1 -1.22465e-16 1.3961e-17
-1 -6.12323e-17 -7.4988e-33 0.474
0 1.22465e-16 -1 0.164
0 0 0 1
6.12323e-17 -1 0 1.42059e-17
-1 -6.12323e-17 1.22465e-16 0.474
-1.22465e-16 -7.4988e-33 -1 0.166
0 0 0 1
6.12323e-17 -1 -1.22465e-16 1.44508e-17
-1 -6.12323e-17 -7.4988e-33 0.474
0 1.22465e-16 -1 0.168
0 0 0 1
6.12323e-17 -1 0 1.46957e-17
-1 -6.12323e-17 1.22465e-16 0.474
-1.22465e-16 -7.4988e-33 -1 0.17
0 0 0 1
6.12323e-17 -1 -1.22465e-16 1.49407e-17
-1 -6.12323e-17 -7.4988e-33 0.474
0 1.22465e-16 -1 0.172
0 0 0 1
6.12323e-17 -1 0 1.51856e-17
-1 -6.12323e-17 1.22465e-16 0.474
-1.22465e-16 -7.4988e-33 -1 0.174
0 0 0 1
6.12323e-17 -1 -1.22465e-16 1.54305e-17
-1 -6.12323e-17 -7.4988e-33 0.474
0 1.22465e-16 -1 0.176
0 0 0 1
6.12323e-17 -1 0 1.56755e-17
-1 -6.12323e-17 1.22465e-16 0.474
-1.22465e-16 -7.4988e-33 -1 0.178
0 0 0 1
6.12323e-17 -1 -1.22465e-16 1.59204e-17
-1 -6.12323e-17 -7.4988e-33 0.474
0 1.22465e-16 -1 0.18
0 0 0 1
6.12323e-17 -1 0 1.61653e-17
-1 -6.12323e-17 1.22465e-16 0.474
-1.22465e-16 -7.4988e-33 -1 0.182
0 0 0 1
6.12323e-17 -1 -1.22465e-16 1.64103e-17
-1 -6.12323e-17 -7.4988e-33 0.474
0 1.22465e-16 -1 0.184
0 0 0 1
6.12323e-17 -1 0 1.66552e-17
-1 -6.12323e-17 1.22465e-16 0.474
-1.22465e-16 -7.4988e-33 -1 0.186
0 0 0 1
6.12323e-17 -1 -1.22465e-16 1.69001e-17
-1 -6.12323e-17 -7.4988e-33 0.474
0 1.22465e-16 -1 0.188
0 0 0 1
6.12323e-17 -1 0 1.7145e-17
-1 -6.12323e-17 1.22465e-16 0.474
-1.22465e-16 -7.4988e-33 -1 0.19
0 0 0 1
6.12323e-17 -1 -1.22465e-16 1.739e-17
-1 -6.12323e-17 -7.4988e-33 0.474
0 1.22465e-16 -1 0.192
0 0 0 1
6.12323e-17 -1 0 1.76349e-17
-1 -6.12323e-17 1.22465e-16 0.474
-1.22465e-16 -7.4988e-33 -1 0.194
0 0 0 1
6.12323e-17 -1 -1.22465e-16 1.78798e-17
-1 -6.12323e-17 -7.4988e-33 0.474
0 1.22465e-16 -1 0.196
0 0 0 1
6.12323e-17 -1 0 1.81248e-17
-1 -6.12323e-17 1.22465e-16 0.474
-1.22465e-16 -7.4988e-33 -1 0.198
0 0 0 1
6.12323e-17 -1 -1.22465e-16 1.83697e-17
-1 -6.12323e-17 -7.4988e-33 0.474
0 1.22465e-16 -1 0.2
0 0 0 1
0.000157077 -1 -6.39726e-08 1.08869e-05
-1 -0.000157077 -3.20007e-08 0.474001
3.19907e-08 6.39776e-08 -1 0.201988
0 0 0 1
0.000628354 -1 -2.55878e-07 4.35506e-05
-1 -0.000628354 -1.28072e-07 0.474005
1.27911e-07 2.55959e-07 -1 0.203953
0 0 0 1
0.00141383 -0.999999 -5.75627e-07 9.79911e-05
-0.999999 -0.00141383 -2.88396e-07 0.47401
2.87581e-07 5.76034e-07 -1 0.205894
0 0 0 1
0.0025135 -0.999997 -1.02307e-06 0.000174209
-0.999997 -0.0025135 -5.13272e-07 0.474018
5.10699e-07 1.02435e-06 -1 0.207811
0 0 0 1
0.00392737 -0.999992 -1.59798e-06 0.000272203
-0.999992 -0.00392737 -8.03123e-07 0.474029
7.9684e-07 1.60113e-06 -1 0.209705
0 0 0 1
0.00565542 -0.999984 -2.30011e-06 0.000391974
-0.999984 -0.00565542 -1.15849e-06 0.474041
1.14546e-06 2.30662e-06 -1 0.211575
0 0 0 1
0.00769765 -0.99997 -3.1291e-06 0.000533522
-0.99997 -0.00769765 -1.58003e-06 0.474056
1.5559e-06 3.14117e-06 -1 0.213422
0 0 0 1
0.010054 -0.999949 -4.08455e-06 0.000696846
-0.999949 -0.010054 -2.06853e-06 0.474074
2.02736e-06 4.10514e-06 -1 0.215245
0 0 0 1
0.0127245 -0.999919 -5.16601e-06 0.000881948
-0.999919 -0.0127245 -2.62488e-06 0.474093
2.55894e-06 5.19899e-06 -1 0.217044
0 0 0 1
0.0157091 -0.999877 -6.37293e-06 0.00108883
-0.999877 -0.0157091 -3.25011e-06 0.474115
3.14959e-06 6.4232e-06 -1 0.21882
0 0 0 1
0.0190077 -0.999819 -7.70472e-06 0.00131748
-0.999819 -0.0190077 -3.94533e-06 0.474139
3.79817e-06 7.77832e-06 -1 0.220572
0 0 0 1
0.0226202 -0.999744 -9.16071e-06 0.00156791
-0.999744 -0.0226202 -4.7118e-06 0.474165
4.50338e-06 9.26495e-06 -1 0.2223
0 0 0 1
0.0265464 -0.999648 -1.07402e-05 0.00184012
-0.999648 -0.0265464 -5.55088e-06 0.474194
5.26381e-06 1.08837e-05 -1 0.224005
0 0 0 1
0.0307864 -0.999526 -1.24422e-05 0.00213411
-0.999526 -0.0307864 -6.46405e-06 0.474225
6.07794e-06 1.26354e-05 -1 0.225687
0 0 0 1
0.0353397 -0.999375 -1.42661e-05 0.00244987
-0.999375 -0.0353397 -7.4529e-06 0.474258
6.94408e-06 1.45206e-05 -1 0.227344
0 0 0 1
0.0402063 -0.999191 -1.62107e-05 0.00278741
-0.999191 -0.0402063 -8.51911e-06 0.474294
7.86045e-06 1.65401e-05 -1 0.228979
0 0 0 1
0.0453858 -0.99897 -1.8275e-05 0.00314673
-0.99897 -0.0453858 -9.66451e-06 0.474332
8.82513e-06 1.86948e-05 -1 0.230589
0 0 0 1
0.0508779 -0.998705 -2.0458e-05 0.00352782
-0.998705 -0.0508779 -1.0891e-05 0.474372
9.83604e-06 2.09856e-05 -1 0.232176
0 0 0 1
0.0566822 -0.998392 -2.27583e-05 0.00393069
-0.998392 -0.0566822 -1.22006e-05 0.474415
1.0891e-05 2.34132e-05 -1 0.233739
0 0 0 1
0.0627981 -0.998026 -2.51746e-05 0.00435534
-0.998026 -0.0627981 -1.35955e-05 0.47446
1.19877e-05 2.59787e-05 -1 0.235279
0 0 0 1
0.0692251 -0.997601 -2.77056e-05 0.00480176
-0.997601 -0.0692251 -1.50778e-05 0.474507
1.31237e-05 2.86829e-05 -1 0.236795
0 0 0 1
0.0759625 -0.997111 -3.03498e-05 0.00526996
-0.997111 -0.0759625 -1.66499e-05 0.474556
1.42963e-05 3.15269e-05 -1 0.238288
0 0 0 1
0.0830096 -0.996549 -3.31055e-05 0.00575994
-0.996549 -0.0830096 -1.83142e-05 0.474608
1.55029e-05 3.45115e-05 -1 0.239757
0 0 0 1
0.0903654 -0.995909 -3.5971e-05 0.00627169
-0.995909 -0.0903654 -2.00732e-05 0.474662
1.67406e-05 3.76378e-05 -1 0.241202
0 0 0 1
0.0980291 -0.995184 -3.89446e-05 0.00680522
-0.995184 -0.0980291 -2.19296e-05 0.474718
1.80063e-05 4.09068e-05 -1 0.242624
0 0 0 1
0.105999 -0.994366 -4.20243e-05 0.00736053
-0.994366 -0.105999 -2.3886e-05 0.474777
1.92969e-05 4.43194e-05 -1 0.244022
0 0 0 1
0.114275 -0.993449 -4.5208e-05 0.00793762
-0.993449 -0.114275 -2.59452e-05 0.474838
2.06091e-05 4.78767e-05 -1 0.245396
0 0 0 1
0.122854 -0.992425 -4.84936e-05 0.00853648
-0.992425 -0.122854 -2.811e-05 0.474901
2.19394e-05 5.15797e-05 -1 0.246747
0 0 0 1
0.131736 -0.991285 -5.18788e-05 0.00915712
-0.991285 -0.131736 -3.03834e-05 0.474966
2.32843e-05 5.54293e-05 -1 0.248075
0 0 0 1
0.140918 -0.990021 -5.53612e-05 0.00979953
-0.990021 -0.140918 -3.27684e-05 0.475034
2.464e-05 5.94265e-05 -1 0.249378
0 0 0 1
0.150399 -0.988625 -5.89383e-05 0.0104637
-0.988625 -0.150399 -3.52681e-05 0.475104
2.60027e-05 6.35722e-05 -1 0.250658
0 0 0 1
0.160176 -0.987088 -6.26073e-05 0.0111497
-0.987088 -0.160176 -3.78857e-05 0.475176
2.73683e-05 6.78673e-05 -1 0.251915
0 0 0 1
0.170247 -0.985401 -6.63655e-05 0.0118574
-0.985401 -0.170247 -4.06242e-05 0.475251
2.87326e-05 7.23128e-05 -1 0.253148
0 0 0 1
0.18061 -0.983555 -7.02098e-05 0.012587
-0.983555 -0.18061 -4.3487e-05 0.475328
3.00913e-05 7.69093e-05 -1 0.254357
0 0 0 1
0.191261 -0.981539 -7.41371e-05 0.0133383
-0.981539 -0.191261 -4.64774e-05 0.475407
3.14399e-05 8.16578e-05 -1 0.255543
0 0 0 1
0.202197 -0.979345 -7.81442e-05 0.0141113
-0.979345 -0.202197 -4.95987e-05 0.475489
3.27738e-05 8.65588e-05 -1 0.256705
0 0 0 1
0.213414 -0.976962 -8.22276e-05 0.0149062
-0.976962 -0.213414 -5.28544e-05 0.475573
3.40881e-05 9.16131e-05 -1 0.257843
0 0 0 1
0.22491 -0.974379 -8.63837e-05 0.0157228
-0.974379 -0.22491 -5.62477e-05 0.475659
3.5378e-05 9.68212e-05 -1 0.258958
0 0 0 1
0.23668 -0.971588 -9.06087e-05 0.0165612
-0.971588 -0.23668 -5.97823e-05 0.475747
3.66384e-05 0.000102184 -1 0.26005
0 0 0 1
0.24872 -0.968575 -9.48988e-05 0.0174214
-0.968575 -0.24872 -6.34615e-05 0.475838
3.7864e-05 0.000107701 -1 0.261117
0 0 0 1
0.261025 -0.965332 -9.92496e-05 0.0183034
-0.965332 -0.261025 -6.72889e-05 0.475931
3.90495e-05 0.000113373 -1 0.262161
0 0 0 1
0.273589 -0.961847 -0.000103657 0.0192071
-0.961847 -0.273589 -7.12678e-05 0.476027
4.01892e-05 0.0001192 -1 0.263182
0 0 0 1
0.286409 -0.958108 -0.000108116 0.0201326
-0.958108 -0.286409 -7.54018e-05 0.476124
4.12776e-05 0.000125183 -1 0.264179
0 0 0 1
0.299477 -0.954104 -0.000112623 0.0210799
-0.954104 -0.299477 -7.96944e-05 0.476224
4.23087e-05 0.000131321 -1 0.265152
0 0 0 1
0.312787 -0.949823 -0.000117173 0.022049
-0.949823 -0.312787 -8.4149e-05 0.476326
4.32766e-05 0.000137614 -1 0.266102
0 0 0 1
0.326333 -0.945255 -0.000121759 0.0230398
-0.945255 -0.326333 -8.8769e-05 0.476431
4.41753e-05 0.000144062 -1 0.267028
0 0 0 1
0.340108 -0.940386 -0.000126378 0.0240524
-0.940386 -0.340108 -9.35578e-05 0.476538
4.49983e-05 0.000150664 -1 0.26793
0 0 0 1
0.354105 -0.935206 -0.000131023 0.0250868
-0.935206 -0.354105 -9.85187e-05 0.476647
4.57393e-05 0.000157419 -1 0.268809
0 0 0 1
0.368314 -0.929701 -0.000135689 0.026143
-0.929701 -0.368314 -0.000103655 0.476758
4.63919e-05 0.000164328 -1 0.269664
0 0 0 1
0.382729 -0.923861 -0.00014037 0.027221
-0.923861 -0.382729 -0.00010897 0.476872
4.69492e-05 0.000171388 -1 0.270496
0 0 0 1
0.397196 -0.917733 0.000976579 0.0283099
-0.917734 -0.397196 0.000370879 0.476987
4.75252e-05 -0.00104355 -0.999999 0.271316
0 0 0 1
0.411564 -0.91138 -0.00106609 0.0293988
-0.911381 -0.411564 -0.000317176 0.477102
-0.000149697 0.00110215 -0.999999 0.272135
0 0 0 1
0.425831 -0.904802 0.000951752 0.0304876
-0.904803 -0.42583 0.000394775 0.477217
4.80913e-05 -0.00102926 -0.999999 0.272955
0 0 0 1
0.439992 -0.898001 -0.0010494 0.0315765
-0.898002 -0.439992 -0.000337616 0.477332
-0.00015855 0.00109091 -0.999999 0.273775
0 0 0 1
0.454045 -0.890978 0.000926186 0.0326653
-0.890979 -0.454044 0.00041788 0.477447
4.82081e-05 -0.00101495 -0.999999 0.274595
0 0 0 1
0.467985 -0.883736 -0.00103208 0.0337541
-0.883736 -0.467985 -0.00035752 0.477561
-0.000167045 0.0010794 -0.999999 0.275415
0 0 0 1
0.48181 -0.876275 0.000899907 0.034843
-0.876275 -0.48181 0.000440169 0.477676
4.78753e-05 -0.00100064 -0.999999 0.276235
0 0 0 1
0.495516 -0.868598 -0.00101414 0.0359318
-0.868599 -0.495516 -0.000376871 0.477791
-0.000175175 0.00106763 -0.999999 0.277054
0 0 0 1
0.509101 -0.860707 0.000872941 0.0370207
-0.860707 -0.5091 0.000461622 0.477906
4.70933e-05 -0.000986359 -1 0.277874
0 0 0 1
0.522559 -0.852603 -0.000995605 0.0381095
-0.852603 -0.522559 -0.000395649 0.478021
-0.00018293 0.00105561 -0.999999 0.278694
0 0 0 1
0.535888 -0.844288 0.000845314 0.0391984
-0.844289 -0.535888 0.000482218 0.478136
4.5863e-05 -0.000972104 -1 0.279514
0 0 0 1
0.549085 -0.835766 -0.000976486 0.0402872
-0.835766 -0.549085 -0.000413835 0.478251
-0.000190305 0.00104335 -0.999999 0.280334
0 0 0 1
0.562147 -0.827037 0.000817054 0.041376
-0.827037 -0.562147 0.000501935 0.478366
4.41854e-05 -0.000957896 -1 0.281154
0 0 0 1
0.57507 -0.818104 -0.000956806 0.0424649
-0.818104 -0.575069 -0.000431412 0.478481
-0.00019729 0.00103086 -0.999999 0.281973
0 0 0 1
0.587851 -0.808969 0.000788188 0.0435537
-0.808969 -0.587851 0.000520755 0.478595
4.20624e-05 -0.000943746 -1 0.282793
0 0 0 1
0.600486 -0.799634 -0.000936583 0.0446426
-0.799635 -0.600486 -0.000448362 0.47871
-0.00020388 0.00101816 -0.999999 0.283613
0 0 0 1
0.612974 -0.790103 0.000758746 0.0457314
-0.790103 -0.612974 0.000538659 0.478825
3.94958e-05 -0.000929671 -1 0.284433
0 0 0 1
0.62531 -0.780376 -0.000915838 0.0468203
-0.780376 -0.62531 -0.000464668 0.47894
-0.000210067 0.00100526 -0.999999 0.285253
0 0 0 1
0.637493 -0.770456 0.000728755 0.0479091
-0.770456 -0.637492 0.000555629 0.479055
3.64884e-05 -0.000915683 -1 0.286073
0 0 0 1
0.649517 -0.760346 -0.00089459 0.0489979
-0.760347 -0.649517 -0.000480314 0.47917
-0.000215847 0.000992171 -0.999999 0.286892
0 0 0 1
0.661382 -0.750049 0.000698246 0.0500868
-0.75005 -0.661381 0.000571648 0.479285
3.3043e-05 -0.000901797 -1 0.287712
0 0 0 1
0.673083 -0.739567 -0.000872862 0.0511756
-0.739567 -0.673083 -0.000495285 0.4794
-0.000221212 0.000978907 -0.999999 0.288532
0 0 0 1
0.684618 -0.728902 0.000667249 0.0522645
-0.728902 -0.684618 0.000586701 0.479515
2.91631e-05 -0.000888026 -1 0.289352
0 0 0 1
0.695984 -0.718057 -0.000850674 0.0533533
-0.718057 -0.695984 -0.000509566 0.479629
-0.000226158 0.000965482 -1 0.290172
0 0 0 1
0.707178 -0.707035 0.000635795 0.0544422
-0.707035 -0.707178 0.000600773 0.479744
2.48525e-05 -0.000874383 -1 0.290992
0 0 0 1
0.718198 -0.695838 -0.000828048 0.055531
-0.695839 -0.718198 -0.000523143 0.479859
-0.000230679 0.000951908 -1 0.291811
0 0 0 1
0.729041 -0.68447 0.000603913 0.0566198
-0.68447 -0.72904 0.00061385 0.479974
2.01154e-05 -0.000860882 -1 0.292631
0 0 0 1
0.739703 -0.672933 -0.000805007 0.0577087
-0.672933 -0.739703 -0.000536002 0.480089
-0.000234772 0.000938198 -1 0.293451
0 0 0 1
0.750183 -0.66123 0.000571637 0.0587975
-0.66123 -0.750183 0.000625919 0.480204
1.49566e-05 -0.000847537 -1 0.294271
0 0 0 1
0.760478 -0.649363 -0.000781573 0.0598864
-0.649364 -0.760478 -0.000548132 0.480319
-0.000238433 0.000924367 -1 0.295091
0 0 0 1
0.770585 -0.637336 0.000538998 0.0609752
-0.637337 -0.770585 0.000636968 0.480434
9.38103e-06 -0.000834361 -1 0.295911
0 0 0 1
0.780502 -0.625152 -0.00075777 0.0620641
-0.625153 -0.780502 -0.000559519 0.480548
-0.000241657 0.000910428 -1 0.29673
0 0 0 1
0.790227 -0.612814 0.000506027 0.0631529
-0.612814 -0.790227 0.000646986 0.480663
3.39431e-06 -0.000821366 -1 0.29755
0 0 0 1
0.799756 -0.600325 -0.000733621 0.0642417
-0.600325 -0.799756 -0.000570152 0.480778
-0.000244441 0.000896394 -1 0.29837
0 0 0 1
0.809088 -0.587687 0.000472758 0.0653306
-0.587687 -0.809088 0.000655963 0.480893
-2.99768e-06 -0.000808566 -1 0.29919
0 0 0 1
0.818221 -0.574904 -0.000709149 0.0664194
-0.574904 -0.81822 -0.000580022 0.481008
-0.000246783 0.000882279 -1 0.30001
0 0 0 1
0.827151 -0.561979 0.000439224 0.0675083
-0.56198 -0.827151 0.000663891 0.481123
-9.78864e-06 -0.000795973 -1 0.30083
0 0 0 1
0.835877 -0.548916 -0.00068438 0.0685971
-0.548916 -0.835877 -0.000589118 0.481238
-0.000248681 0.000868098 -1 0.301649
0 0 0 1
0.844397 -0.535717 0.000405457 0.069686
-0.535717 -0.844397 0.000670761 0.481353
-1.69718e-05 -0.000783599 -1 0.302469
0 0 0 1
0.852709 -0.522386 -0.000659337 0.0707748
-0.522387 -0.852709 -0.000597432 0.481468
-0.000250132 0.000853865 -1 0.303289
0 0 0 1
0.86081 -0.508926 0.000371491 0.0718636
-0.508927 -0.86081 0.000676568 0.481582
-2.45402e-05 -0.000771458 -1 0.304109
0 0 0 1
0.868699 -0.495341 -0.000634046 0.0729525
-0.495341 -0.868698 -0.000604955 0.481697
-0.000251136 0.000839592 -1 0.304929
0 0 0 1
0.876373 -0.481633 0.000337359 0.0740413
-0.481633 -0.876373 0.000681304 0.481812
-3.24863e-05 -0.00075956 -1 0.305749
0 0 0 1
0.883831 -0.467806 -0.00060853 0.0751302
-0.467807 -0.883831 -0.000611679 0.481927
-0.00025169 0.000825296 -1 0.306568
0 0 0 1
0.891071 -0.453864 0.000303095 0.076219
-0.453864 -0.891071 0.000684966 0.482042
-4.08022e-05 -0.000747917 -1 0.307388
0 0 0 1
0.898091 -0.43981 -0.000582816 0.0773079
-0.43981 -0.89809 -0.000617599 0.482157
-0.000251795 0.000810989 -1 0.308208
0 0 0 1
0.904889 -0.425647 0.000268733 0.0783967
-0.425648 -0.904889 0.000687549 0.482272
-4.94798e-05 -0.000736542 -1 0.309028
0 0 0 1
0.911464 -0.41138 -0.000556929 0.0794856
-0.41138 -0.911464 -0.000622708 0.482387
-0.000251451 0.000796685 -1 0.309848
0 0 0 1
0.917814 -0.39701 0.000234307 0.0805744
-0.397011 -0.917814 0.000689052 0.482502
-5.85104e-05 -0.000725444 -1 0.310668
0 0 0 1
0.923937 -0.382543 -0.000530894 0.0816632
-0.382543 -0.923937 -0.000627001 0.482616
-0.000250657 0.0007824 -1 0.311487
0 0 0 1
0.929717 -0.368274 -0.000250092 0.0827603
-0.368274 -0.929717 -0.000446746 0.482632
-6.79901e-05 0.00050745 -1 0.312291
0 0 0 1
0.935054 -0.354505 -0.000249794 0.0838738
-0.354505 -0.935054 -0.000453672 0.482447
-7.2742e-05 0.000512761 -1 0.313062
0 0 0 1
0.939973 -0.341249 -0.000249648 0.0850038
-0.341249 -0.939973 -0.000460463 0.482064
-7.75298e-05 0.000518015 -1 0.313799
0 0 0 1
0.944498 -0.328518 -0.000249664 0.0861502
-0.328519 -0.944497 -0.000467125 0.481481
-8.23481e-05 0.000523217 -1 0.314504
0 0 0 1
0.948651 -0.316324 -0.000249851 0.087313
-0.316324 -0.948651 -0.00047366 0.480698
-8.71916e-05 0.000528372 -1 0.315177
0 0 0 1
0.952456 -0.304676 -0.000250218 0.0884923
-0.304676 -0.952456 -0.000480073 0.479717
-9.2055e-05 0.000533484 -1 0.315816
0 0 0 1
0.955934 -0.293583 -0.000250774 0.0896881
-0.293583 -0.955933 -0.000486368 0.478536
-9.69334e-05 0.000538558 -1 0.316423
0 0 0 1
0.959104 -0.283053 -0.000251525 0.0909003
-0.283053 -0.959104 -0.000492548 0.477155
-0.000101822 0.000543599 -1 0.316997
0 0 0 1
0.961987 -0.273094 -0.000252481 0.0921289
-0.273094 -0.961987 -0.000498615 0.475575
-0.000106715 0.000548612 -1 0.317538
0 0 0 1
0.964602 -0.263711 -0.000253648 0.093374
-0.263711 -0.964602 -0.000504573 0.473796
-0.000111608 0.000553602 -1 0.318046
0 0 0 1
0.966965 -0.254911 -0.000255034 0.0946355
-0.254911 -0.966964 -0.000510424 0.471817
-0.000116497 0.000558573 -1 0.318522
0 0 0 1
0.969092 -0.246698 -0.000256647 0.0959135
-0.246698 -0.969092 -0.00051617 0.469639
-0.000121376 0.00056353 -1 0.318964
0 0 0 1
0.971 -0.239079 -0.000258492 0.0972079
-0.239079 -0.971 -0.000521812 0.467261
-0.000126242 0.000568479 -1 0.319374
0 0 0 1
0.972703 -0.232055 -0.000260576 0.0985188
-0.232055 -0.972702 -0.000527352 0.464684
-0.000131089 0.000573424 -1 0.319751
0 0 0 1
0.974213 -0.225632 -0.000262906 0.0998461
-0.225632 -0.974212 -0.00053279 0.461908
-0.000135912 0.000578371 -1 0.320096
0 0 0 1
0.975542 -0.219812 -0.000265488 0.10119
-0.219812 -0.975542 -0.000538127 0.458932
-0.000140708 0.000583323 -1 0.320407
0 0 0 1
0.976702 -0.214598 -0.000268328 0.10255
-0.214598 -0.976702 -0.000543362 0.455757
-0.000145472 0.000588286 -1 0.320686
0 0 0 1
0.977703 -0.209993 -0.000271431 0.103927
-0.209993 -0.977703 -0.000548496 0.452383
-0.000150198 0.000593264 -1 0.320932
0 0 0 1
0.978553 -0.205997 -0.000274802 0.10532
-0.205998 -0.978552 -0.000553526 0.448809
-0.000154883 0.000598263 -1 0.321145
0 0 0 1
0.979259 -0.202614 -0.000278448 0.106729
-0.202614 -0.979258 -0.000558452 0.445035
-0.000159522 0.000603286 -1 0.321325
0 0 0 1
0.979828 -0.199844 -0.000282373 0.108155
-0.199844 -0.979828 -0.000563271 0.441063
-0.00016411 0.000608339 -1 0.321473
0 0 0 1
0.980265 -0.197688 -0.000286582 0.109598
-0.197689 -0.980265 -0.000567981 0.436891
-0.000168643 0.000613425 -1 0.321588
0 0 0 1
0.980574 -0.196148 -0.000291079 0.111057
-0.196148 -0.980574 -0.000572578 0.432519
-0.000173115 0.00061855 -1 0.32167
0 0 0 1
0.980759 -0.195224 -0.00029587 0.112532
-0.195224 -0.980759 -0.000577059 0.427948
-0.000177522 0.000623716 -1 0.321719
0 0 0 1
0.98082 -0.194915 -0.000300958 0.114024
-0.194916 -0.98082 -0.000581419 0.423178
-0.000181858 0.000628929 -1 0.321735
0 0 0 1
0.980759 -0.195224 -0.000306348 0.115532
-0.195224 -0.980759 -0.000585654 0.418208
-0.00018612 0.000634192 -1 0.321719
0 0 0 1
0.980574 -0.196148 -0.000312042 0.117057
-0.196148 -0.980574 -0.000589759 0.413039
-0.000190301 0.000639509 -1 0.32167
0 0 0 1
0.980265 -0.197688 -0.000318046 0.118598
-0.197688 -0.980265 -0.000593728 0.40767
-0.000194396 0.000644884 -1 0.321588
0 0 0 1
0.979828 -0.199844 -0.000324361 0.120155
-0.199844 -0.979828 -0.000597553 0.402102
-0.000198401 0.000650321 -1 0.321473
0 0 0 1
0.979259 -0.202614 -0.000330992 0.121729
-0.202614 -0.979259 -0.000601228 0.396335
-0.000202309 0.000655821 -1 0.321325
0 0 0 1
0.978553 -0.205997 -0.00033794 0.12332
-0.205997 -0.978552 -0.000604746 0.390368
-0.000206116 0.00066139 -1 0.321145
0 0 0 1
0.977703 -0.209993 -0.000345207 0.124927
-0.209993 -0.977703 -0.000608097 0.384202
-0.000209814 0.000667029 -1 0.320932
0 0 0 1
0.976702 -0.214598 -0.000352797 0.12655
-0.214598 -0.976702 -0.000611273 0.377836
-0.0002134 0.000672742 -1 0.320686
0 0 0 1
0.975542 -0.219812 -0.000360711 0.12819
-0.219813 -0.975542 -0.000614265 0.371271
-0.000216866 0.00067853 -1 0.320407
0 0 0 1
0.974212 -0.225632 -0.00036895 0.129846
-0.225633 -0.974212 -0.000617062 0.364507
-0.000220206 0.000684397 -1 0.320096
0 0 0 1
0.972702 -0.232056 -0.000377514 0.131519
-0.232056 -0.972702 -0.000619654 0.357543
-0.000223415 0.000690343 -1 0.319751
0 0 0 1
0.971 -0.239079 -0.000386405 0.133208
-0.239079 -0.971 -0.000622029 0.35038
-0.000226485 0.000696372 -1 0.319374
0 0 0 1
0.969092 -0.246699 -0.000395623 0.134914
-0.246699 -0.969092 -0.000624176 0.343017
-0.000229411 0.000702484 -1 0.318964
0 0 0 1
0.966964 -0.254912 -0.000405166 0.136636
-0.254912 -0.966964 -0.000626082 0.335455
-0.000232185 0.00070868 -1 0.318522
0 0 0 1
0.964601 -0.263712 -0.000415034 0.138375
-0.263712 -0.964601 -0.000627733 0.327694
-0.000234802 0.000714962 -1 0.318046
0 0 0 1
0.961987 -0.273095 -0.000425226 0.140129
-0.273095 -0.961987 -0.000629117 0.319733
-0.000237252 0.00072133 -1 0.317538
0 0 0 1
0.959104 -0.283055 -0.000435738 0.141901
-0.283055 -0.959103 -0.000630219 0.311572
-0.000239531 0.000727783 -1 0.316997
0 0 0 1
0.955933 -0.293586 -0.000446569 0.143689
-0.293586 -0.955933 -0.000631024 0.303213
-0.00024163 0.000734323 -1 0.316423
0 0 0 1
0.952455 -0.304679 -0.000457714 0.145493
-0.304679 -0.952455 -0.000631517 0.294654
-0.000243542 0.000740948 -1 0.315816
0 0 0 1
0.94865 -0.316328 -0.00046917 0.147314
-0.316328 -0.94865 -0.000631682 0.285895
-0.000245259 0.000747657 -1 0.315177
0 0 0 1
0.944496 -0.328522 -0.000480931 0.149151
-0.328522 -0.944496 -0.000631503 0.276937
-0.000246774 0.000754449 -1 0.314504
0 0 0 1
0.939971 -0.341253 -0.000492991 0.151005
-0.341253 -0.939971 -0.000630963 0.26778
-0.00024808 0.000761322 -1 0.313799
0 0 0 1
0.935052 -0.354509 -0.000505345 0.152875
-0.35451 -0.935052 -0.000630044 0.258423
-0.000249167 0.000768274 -1 0.313061
0 0 0 1
0.929715 -0.368279 -0.000517983 0.154761
-0.368279 -0.929715 -0.000628729 0.248867
-0.000250029 0.000775302 -1 0.312291
0 0 0 1
0.923935 -0.382551 -0.000250533 0.156664
-0.382551 -0.923934 -0.000439677 0.239111
-6.32775e-05 0.000502075 -1 0.311487
0 0 0 1
0.917811 -0.397018 -0.000250986 0.158576
-0.397018 -0.917811 -0.000432537 0.229256
-5.86325e-05 0.000496634 -1 0.310667
0 0 0 1
0.91146 -0.411388 -0.000251327 0.160487
-0.411388 -0.91146 -0.000425391 0.219401
-5.40735e-05 0.00049112 -1 0.309847
0 0 0 1
0.904885 -0.425656 -0.000251555 0.162398
-0.425656 -0.904885 -0.000418241 0.209545
-4.96017e-05 0.000485536 -1 0.309027
0 0 0 1
0.898087 -0.439819 -0.000251671 0.164309
-0.439819 -0.898086 -0.000411088 0.19969
-4.52182e-05 0.000479882 -1 0.308208
0 0 0 1
0.891066 -0.453873 -0.000251674 0.16622
-0.453873 -0.891066 -0.000403934 0.189835
-4.0924e-05 0.00047416 -1 0.307388
0 0 0 1
0.883826 -0.467815 -0.000251566 0.168132
-0.467816 -0.883826 -0.00039678 0.17998
-3.67203e-05 0.000468371 -1 0.306568
0 0 0 1
0.876368 -0.481642 -0.000251344 0.170043
-0.481642 -0.876368 -0.00038963 0.170125
-3.2608e-05 0.000462517 -1 0.305748
0 0 0 1
0.868693 -0.49535 -0.000251011 0.171954
-0.49535 -0.868693 -0.000382483 0.16027
-2.85882e-05 0.000456599 -1 0.304928
0 0 0 1
0.860804 -0.508936 -0.000250565 0.173865
-0.508936 -0.860804 -0.000375343 0.150415
-2.46619e-05 0.000450619 -1 0.304108
0 0 0 1
0.852703 -0.522396 -0.000250007 0.175776
-0.522396 -0.852703 -0.000368211 0.14056
-2.083e-05 0.000444577 -1 0.303289
0 0 0 1
0.844391 -0.535728 -0.000249338 0.177688
-0.535728 -0.844391 -0.000361088 0.130705
-1.70935e-05 0.000438476 -1 0.302469
0 0 0 1
0.83587 -0.548927 -0.000248556 0.179599
-0.548927 -0.83587 -0.000353977 0.120849
-1.34533e-05 0.000432318 -1 0.301649
0 0 0 1
0.827144 -0.56199 -0.000247663 0.18151
-0.56199 -0.827144 -0.000346879 0.110994
-9.91024e-06 0.000426103 -1 0.300829
0 0 0 1
0.818213 -0.574915 -0.000246658 0.183421
-0.574915 -0.818213 -0.000339795 0.101139
-6.4653e-06 0.000419832 -1 0.300009
0 0 0 1
0.80908 -0.587698 -0.000245542 0.185332
-0.587698 -0.80908 -0.000332729 0.0912841
-3.11929e-06 0.000413509 -1 0.299189
0 0 0 1
0.799748 -0.600336 -0.000244316 0.187244
-0.600336 -0.799748 -0.000325681 0.081429
1.26966e-07 0.000407134 -1 0.298369
0 0 0 1
0.790218 -0.612826 -0.000242978 0.189155
-0.612826 -0.790218 -0.000318653 0.0715739
3.27267e-06 0.000400708 -1 0.29755
0 0 0 1
0.780493 -0.625164 -0.000241531 0.191066
-0.625164 -0.780493 -0.000311646 0.0617188
6.31705e-06 0.000394234 -1 0.29673
0 0 0 1
0.770576 -0.637348 -0.000239973 0.192977
-0.637348 -0.770576 -0.000304664 0.0518637
9.25934e-06 0.000387713 -1 0.29591
0 0 0 1
0.760468 -0.649375 -0.000238307 0.194888
-0.649375 -0.760468 -0.000297707 0.0420086
1.20988e-05 0.000381147 -1 0.29509
0 0 0 1
0.750173 -0.661242 -0.000236531 0.1968
-0.661242 -0.750173 -0.000290777 0.0321535
1.48348e-05 0.000374537 -1 0.29427
0 0 0 1
0.739692 -0.672945 -0.000234646 0.198711
-0.672945 -0.739692 -0.000283875 0.0222984
1.74666e-05 0.000367884 -1 0.29345
0 0 0 1
0.729029 -0.684482 -0.000232653 0.200622
-0.684483 -0.729029 -0.000277004 0.0124432
1.99936e-05 0.000361191 -1 0.29263
0 0 0 1
0.718186 -0.695851 -0.000230553 0.202533
-0.695851 -0.718186 -0.000270165 0.00258813
2.24151e-05 0.000354459 -1 0.291811
0 0 0 1
0.707166 -0.707047 -0.000228345 0.204444
-0.707048 -0.707166 -0.00026336 -0.00726698
2.47305e-05 0.00034769 -1 0.290991
0 0 0 1
0.695971 -0.71807 -0.000226031 0.206356
-0.71807 -0.695971 -0.000256591 -0.0171221
2.69394e-05 0.000340886 -1 0.290171
0 0 0 1
0.684605 -0.728914 -0.00022361 0.208267
-0.728915 -0.684605 -0.000249859 -0.0269772
2.9041e-05 0.000334047 -1 0.289351
0 0 0 1
0.673069 -0.739579 -0.000221084 0.210178
-0.73958 -0.673069 -0.000243165 -0.0368323
3.1035e-05 0.000327177 -1 0.288531
0 0 0 1
0.661368 -0.750062 -0.000218454 0.212089
-0.750062 -0.661368 -0.000236512 -0.0466874
3.29208e-05 0.000320275 -1 0.287711
0 0 0 1
0.649503 -0.760359 -0.000215719 0.214
-0.760359 -0.649503 -0.000229902 -0.0565425
3.46979e-05 0.000313346 -1 0.286891
0 0 0 1
0.637477 -0.770469 -0.00021288 0.215912
-0.770469 -0.637477 -0.000223335 -0.0663976
3.6366e-05 0.000306389 -1 0.286072
0 0 0 1
0.625295 -0.780388 -0.000209939 0.217823
-0.780388 -0.625295 -0.000216813 -0.0762528
3.79245e-05 0.000299406 -1 0.285252
0 0 0 1
0.612958 -0.790115 -0.000206896 0.219734
-0.790115 -0.612958 -0.000210339 -0.0861079
3.93732e-05 0.0002924 -1 0.284432
0 0 0 1
0.60047 -0.799647 -0.000203751 0.221645
-0.799647 -0.60047 -0.000203913 -0.095963
4.07116e-05 0.000285373 -1 0.283612
0 0 0 1
0.587834 -0.808982 -0.000200506 0.223556
-0.808982 -0.587834 -0.000197537 -0.105818
4.19395e-05 0.000278325 -1 0.282792
0 0 0 1
0.575052 -0.818117 -0.000197161 0.225468
-0.818117 -0.575052 -0.000191213 -0.115673
4.30565e-05 0.000271258 -1 0.281972
0 0 0 1
0.562129 -0.82705 -0.000193717 0.227379
-0.82705 -0.562129 -0.000184942 -0.125528
4.40623e-05 0.000264175 -1 0.281153
0 0 0 1
0.549067 -0.835778 -0.000190175 0.22929
-0.835778 -0.549067 -0.000178726 -0.135383
4.49568e-05 0.000257077 -1 0.280333
0 0 0 1
0.535869 -0.844301 -0.000186536 0.231201
-0.844301 -0.535869 -0.000172567 -0.145239
4.57396e-05 0.000249966 -1 0.279513
0 0 0 1
0.522539 -0.852615 -0.000182801 0.233112
-0.852615 -0.522539 -0.000166466 -0.155094
4.64106e-05 0.000242843 -1 0.278693
0 0 0 1
0.509081 -0.860719 -0.00017897 0.235024
-0.860719 -0.509081 -0.000160424 -0.164949
4.69696e-05 0.000235711 -1 0.277873
0 0 0 1
0.495496 -0.86861 -0.000175044 0.236935
-0.86861 -0.495496 -0.000154443 -0.174804
4.74166e-05 0.000228571 -1 0.277053
0 0 0 1
0.481789 -0.876287 -0.000171026 0.238846
-0.876287 -0.481789 -0.000148524 -0.184659
4.77513e-05 0.000221425 -1 0.276233
0 0 0 1
0.467964 -0.883748 -0.000166914 0.240757
-0.883748 -0.467964 -0.000142669 -0.194514
4.79736e-05 0.000214274 -1 0.275414
0 0 0 1
0.454022 -0.89099 -0.000162712 0.242668
-0.89099 -0.454022 -0.00013688 -0.204369
4.80837e-05 0.000207121 -1 0.274594
0 0 0 1
0.439969 -0.898013 -0.000158418 0.24458
-0.898013 -0.439969 -0.000131157 -0.214224
4.80813e-05 0.000199967 -1 0.273774
0 0 0 1
0.425807 -0.904814 -0.000154036 0.246491
-0.904814 -0.425807 -0.000125502 -0.224079
4.79666e-05 0.000192813 -1 0.272954
0 0 0 1
0.411541 -0.911391 -0.000149565 0.248402
-0.911391 -0.411541 -0.000119917 -0.233935
4.77395e-05 0.000185663 -1 0.272134
0 0 0 1
0.397172 -0.917744 -0.000145007 0.250313
-0.917744 -0.397172 -0.000114403 -0.24379
4.74e-05 0.000178517 -1 0.271314
0 0 0 1
0.382706 -0.92387 -0.000140363 0.252224
-0.92387 -0.382706 -0.000108961 -0.253645
4.69484e-05 0.000171377 -1 0.270494
0 0 0 1
0.368291 -0.929711 -0.000135682 0.254116
-0.929711 -0.368291 -0.000103646 -0.263401
4.63909e-05 0.000164317 -1 0.269663
0 0 0 1
0.354082 -0.935215 -0.000131015 0.25597
-0.935215 -0.354082 -9.85104e-05 -0.27296
4.57382e-05 0.000157408 -1 0.268807
0 0 0 1
0.340085 -0.940395 -0.00012637 0.257786
-0.940395 -0.340085 -9.35496e-05 -0.282322
4.4997e-05 0.000150653 -1 0.267929
0 0 0 1
0.32631 -0.945263 -0.000121751 0.259563
-0.945263 -0.32631 -8.8761e-05 -0.291487
4.41738e-05 0.000144051 -1 0.267026
0 0 0 1
0.312764 -0.949831 -0.000117165 0.261302
-0.949831 -0.312764 -8.41412e-05 -0.300455
4.3275e-05 0.000137603 -1 0.2661
0 0 0 1
0.299454 -0.954111 -0.000112615 0.263003
-0.954111 -0.299454 -7.96868e-05 -0.309225
4.2307e-05 0.00013131 -1 0.26515
0 0 0 1
0.286386 -0.958114 -0.000108109 0.264666
-0.958114 -0.286386 -7.53944e-05 -0.317799
4.12757e-05 0.000125172 -1 0.264177
0 0 0 1
0.273567 -0.961853 -0.000103649 0.26629
-0.961853 -0.273567 -7.12606e-05 -0.326176
4.01872e-05 0.00011919 -1 0.26318
0 0 0 1
0.261002 -0.965338 -9.92417e-05 0.267876
-0.965338 -0.261002 -6.72818e-05 -0.334355
3.90474e-05 0.000113363 -1 0.262159
0 0 0 1
0.248698 -0.968581 -9.48908e-05 0.269424
-0.968581 -0.248698 -6.34546e-05 -0.342337
3.78618e-05 0.00010769 -1 0.261115
0 0 0 1
0.236658 -0.971593 -9.06008e-05 0.270934
-0.971593 -0.236658 -5.97756e-05 -0.350122
3.66361e-05 0.000102174 -1 0.260048
0 0 0 1
0.224889 -0.974384 -8.63758e-05 0.272406
-0.974385 -0.224889 -5.62412e-05 -0.35771
3.53756e-05 9.68113e-05 -1 0.258956
0 0 0 1
0.213393 -0.976966 -8.22197e-05 0.273839
-0.976966 -0.213393 -5.2848e-05 -0.365101
3.40856e-05 9.16033e-05 -1 0.257841
0 0 0 1
0.202175 -0.979349 -7.81364e-05 0.275234
-0.979349 -0.202175 -4.95926e-05 -0.372295
3.27712e-05 8.65492e-05 -1 0.256703
0 0 0 1
0.19124 -0.981543 -7.41293e-05 0.276591
-0.981543 -0.19124 -4.64714e-05 -0.379292
3.14373e-05 8.16483e-05 -1 0.255541
0 0 0 1
0.180589 -0.983559 -7.02021e-05 0.27791
-0.983559 -0.180589 -4.34812e-05 -0.386091
3.00886e-05 7.69001e-05 -1 0.254355
0 0 0 1
0.170227 -0.985405 -6.63578e-05 0.27919
-0.985405 -0.170227 -4.06186e-05 -0.392694
2.87299e-05 7.23037e-05 -1 0.253145
0 0 0 1
0.160156 -0.987092 -6.25998e-05 0.280432
-0.987092 -0.160156 -3.78802e-05 -0.399099
2.73655e-05 6.78585e-05 -1 0.251912
0 0 0 1
0.15038 -0.988628 -5.89309e-05 0.281636
-0.988628 -0.15038 -3.52629e-05 -0.405308
2.59999e-05 6.35635e-05 -1 0.250656
0 0 0 1
0.140899 -0.990024 -5.53539e-05 0.282802
-0.990024 -0.140899 -3.27634e-05 -0.411319
2.46372e-05 5.9418e-05 -1 0.249376
0 0 0 1
0.131717 -0.991287 -5.18716e-05 0.28393
-0.991287 -0.131717 -3.03785e-05 -0.417133
2.32815e-05 5.54211e-05 -1 0.248072
0 0 0 1
0.122836 -0.992427 -4.84865e-05 0.285019
-0.992427 -0.122836 -2.81053e-05 -0.42275
2.19366e-05 5.15717e-05 -1 0.246745
0 0 0 1
0.114257 -0.993451 -4.5201e-05 0.28607
-0.993451 -0.114257 -2.59406e-05 -0.42817
2.06062e-05 4.78689e-05 -1 0.245394
0 0 0 1
0.105982 -0.994368 -4.20175e-05 0.287083
-0.994368 -0.105982 -2.38816e-05 -0.433393
1.9294e-05 4.43118e-05 -1 0.244019
0 0 0 1
0.0980119 -0.995185 -3.8938e-05 0.288057
-0.995185 -0.0980119 -2.19254e-05 -0.438418
1.80035e-05 4.08994e-05 -1 0.242621
0 0 0 1
0.0903488 -0.99591 -3.59646e-05 0.288994
-0.99591 -0.0903488 -2.00692e-05 -0.443247
1.67378e-05 3.76307e-05 -1 0.241199
0 0 0 1
0.0829935 -0.99655 -3.30992e-05 0.289892
-0.99655 -0.0829935 -1.83104e-05 -0.447878
1.55002e-05 3.45046e-05 -1 0.239754
0 0 0 1
0.0759469 -0.997112 -3.03437e-05 0.290752
-0.997112 -0.0759469 -1.66462e-05 -0.452313
1.42936e-05 3.15203e-05 -1 0.238285
0 0 0 1
0.06921 -0.997602 -2.76997e-05 0.291574
-0.997602 -0.06921 -1.50743e-05 -0.45655
1.3121e-05 2.86766e-05 -1 0.236792
0 0 0 1
0.0627836 -0.998027 -2.51689e-05 0.292357
-0.998027 -0.0627836 -1.35921e-05 -0.46059
1.19851e-05 2.59726e-05 -1 0.235276
0 0 0 1
0.0566682 -0.998393 -2.27528e-05 0.293102
-0.998393 -0.0566682 -1.21975e-05 -0.464433
1.08885e-05 2.34074e-05 -1 0.233736
0 0 0 1
0.0508646 -0.998706 -2.04527e-05 0.29381
-0.998706 -0.0508646 -1.0888e-05 -0.468079
9.8336e-06 2.098e-05 -1 0.232172
0 0 0 1
0.0453731 -0.99897 -1.827e-05 0.294478
-0.99897 -0.0453731 -9.66169e-06 -0.471528
8.82277e-06 1.86895e-05 -1 0.230585
0 0 0 1
0.0401942 -0.999192 -1.62059e-05 0.295109
-0.999192 -0.0401942 -8.51645e-06 -0.474779
7.85819e-06 1.65351e-05 -1 0.228975
0 0 0 1
0.0353283 -0.999376 -1.42615e-05 0.295701
-0.999376 -0.0353283 -7.4504e-06 -0.477834
6.94191e-06 1.45158e-05 -1 0.22734
0 0 0 1
0.0307756 -0.999526 -1.24379e-05 0.296255
-0.999526 -0.0307756 -6.46172e-06 -0.480691
6.07587e-06 1.26309e-05 -1 0.225683
0 0 0 1
0.0265363 -0.999648 -1.07361e-05 0.296771
-0.999648 -0.0265363 -5.54871e-06 -0.483352
5.26186e-06 1.08796e-05 -1 0.224001
0 0 0 1
0.0226107 -0.999744 -9.15691e-06 0.297249
-0.999744 -0.0226107 -4.70979e-06 -0.485815
4.50154e-06 9.26106e-06 -1 0.222296
0 0 0 1
0.0189989 -0.99982 -7.7012e-06 0.297689
-0.99982 -0.0189989 -3.94348e-06 -0.488081
3.79646e-06 7.77473e-06 -1 0.220567
0 0 0 1
0.0157011 -0.999877 -6.36969e-06 0.29809
-0.999877 -0.0157011 -3.24842e-06 -0.49015
3.14801e-06 6.41991e-06 -1 0.218815
0 0 0 1
0.0127172 -0.999919 -5.16306e-06 0.298453
-0.999919 -0.0127172 -2.62336e-06 -0.492022
2.55749e-06 5.19601e-06 -1 0.217039
0 0 0 1
0.0100475 -0.99995 -4.08191e-06 0.298778
-0.99995 -0.0100475 -2.06717e-06 -0.493697
2.02606e-06 4.10247e-06 -1 0.21524
0 0 0 1
0.00769188 -0.99997 -3.12676e-06 0.299064
-0.99997 -0.00769188 -1.57884e-06 -0.495175
1.55474e-06 3.13881e-06 -1 0.213417
0 0 0 1
0.00565044 -0.999984 -2.29808e-06 0.299313
-0.999984 -0.00565044 -1.15746e-06 -0.496455
1.14446e-06 2.30459e-06 -1 0.21157
0 0 0 1
0.00392318 -0.999992 -1.59628e-06 0.299523
-0.999992 -0.00392318 -8.02262e-07 -0.497539
7.95993e-07 1.59942e-06 -1 0.2097
0 0 0 1
0.00251012 -0.999997 -1.02169e-06 0.299695
-0.999997 -0.00251012 -5.12579e-07 -0.498425
5.10013e-07 1.02297e-06 -1 0.207806
0 0 0 1
0.00141127 -0.999999 -5.74585e-07 0.299828
-0.999999 -0.00141127 -2.87872e-07 -0.499115
2.87061e-07 5.7499e-07 -1 0.205888
0 0 0 1
0.000626632 -1 -2.55177e-07 0.299924
-1 -0.000626632 -1.27721e-07 -0.499607
1.27561e-07 2.55257e-07 -1 0.203947
0 0 0 1
0.00015621 -1 -6.36192e-08 0.299981
-1 -0.00015621 -3.18239e-08 -0.499902
3.1814e-08 6.36242e-08 -1 0.201983
0 0 0 1
6.12323e-17 -1 0 0.3
-1 -6.12323e-17 1.22465e-16 -0.5
-1.22465e-16 -7.4988e-33 -1 0.199999
0 0 0 1
6.12323e-17 -1 -1.22465e-16 0.3
-1 -6.12323e-17 -7.4988e-33 -0.5
0 1.22465e-16 -1 0.197999
0 0 0 1
6.12323e-17 -1 0 0.3
-1 -6.12323e-17 1.22465e-16 -0.5
-1.22465e-16 -7.4988e-33 -1 0.195999
0 0 0 1
6.12323e-17 -1 -1.22465e-16 0.3
-1 -6.12323e-17 -7.4988e-33 -0.5
0 1.22465e-16 -1 0.193999
0 0 0 1
6.12323e-17 -1 0 0.3
-1 -6.12323e-17 1.22465e-16 -0.5
-1.22465e-16 -7.4988e-33 -1 0.191999
0 0 0 1
6.12323e-17 -1 -1.22465e-16 0.3
-1 -6.12323e-17 -7.4988e-33 -0.5
0 1.22465e-16 -1 0.189999
0 0 0 1
6.12323e-17 -1 0 0.3
-1 -6.12323e-17 1.22465e-16 -0.5
-1.22465e-16 -7.4988e-33 -1 0.187999
0 0 0 1
6.12323e-17 -1 -1.22465e-16 0.3
-1 -6.12323e-17 -7.4988e-33 -0.5
0 1.22465e-16 -1 0.185999
0 0 0 1
6.12323e-17 -1 0 0.3
-1 -6.12323e-17 1.22465e-16 -0.5
-1.22465e-16 -7.4988e-33 -1 0.183998
0 0 0 1
6.12323e-17 -1 -1.22465e-16 0.3
-1 -6.12323e-17 -7.4988e-33 -0.5
0 1.22465e-16 -1 0.181998
0 0 0 1
6.12323e-17 -1 0 0.3
-1 -6.12323e-17 1.22465e-16 -0.5
-1.22465e-16 -7.4988e-33 -1 0.179998
0 0 0 1
6.12323e-17 -1 -1.22465e-16 0.3
-1 -6.12323e-17 -7.4988e-33 -0.5
0 1.22465e-16 -1 0.177998
0 0 0 1
6.12323e-17 -1 0 0.3
-1 -6.12323e-17 1.22465e-16 -0.5
-1.22465e-16 -7.4988e-33 -1 0.175998
0 0 0 1
6.12323e-17 -1 -1.22465e-16 0.3
-1 -6.12323e-17 -7.4988e-33 -0.5
0 1.22465e-16 -1 0.173998
0 0 0 1
6.12323e-17 -1 0 0.3
-1 -6.12323e-17 1.22465e-16 -0.5
-1.22465e-16 -7.4988e-33 -1 0.171998
0 0 0 1
6.12323e-17 -1 -1.22465e-16 0.3
-1 -6.12323e-17 -7.4988e-33 -0.5
0 1.22465e-16 -1 0.169998
0 0 0 1
6.12323e-17 -1 0 0.3
-1 -6.12323e-17 1.22465e-16 -0.5
-1.22465e-16 -7.4988e-33 -1 0.167998
0 0 0 1
6.12323e-17 -1 -1.22465e-16 0.3
-1 -6.12323e-17 -7.4988e-33 -0.5
0 1.22465e-16 -1 0.165998
0 0 0 1
6.12323e-17 -1 0 0.3
-1 -6.12323e-17 1.22465e-16 -0.5
-1.22465e-16 -7.4988e-33 -1 0.163998
0 0 0 1
6.12323e-17 -1 -1.22465e-16 0.3
-1 -6.12323e-17 -7.4988e-33 -0.5
0 1.22465e-16 -1 0.161998
0 0 0 1
6.12323e-17 -1 0 0.3
-1 -6.12323e-17 1.22465e-16 -0.5
-1.22465e-16 -7.4988e-33 -1 0.159998
0 0 0 1
6.12323e-17 -1 -1.22465e-16 0.3
-1 -6.12323e-17 -7.4988e-33 -0.5
0 1.22465e-16 -1 0.157998
0 0 0 1
6.12323e-17 -1 0 0.3
-1 -6.12323e-17 1.22465e-16 -0.5
-1.22465e-16 -7.4988e-33 -1 0.155998
0 0 0 1
6.12323e-17 -1 -1.22465e-16 0.3
-1 -6.12323e-17 -7.4988e-33 -0.5
0 1.22465e-16 -1 0.153998
0 0 0 1
6.12323e-17 -1 0 0.3
-1 -6.12323e-17 1.22465e-16 -0.5
-1.22465e-16 -7.4988e-33 -1 0.151998
0 0 0 1
6.12323e-17 -1 -1.22465e-16 0.3
-1 -6.12323e-17 -7.4988e-33 -0.5
0 1.22465e-16 -1 0.149998
0 0 0 1
6.12323e-17 -1 0 0.3
-1 -6.12323e-17 1.22465e-16 -0.5
-1.22465e-16 -7.4988e-33 -1 0.147998
0 0 0 1
6.12323e-17 -1 -1.22465e-16 0.3
-1 -6.12323e-17 -7.4988e-33 -0.5
0 1.22465e-16 -1 0.145998
0 0 0 1
6.12323e-17 -1 0 0.3
-1 -6.12323e-17 1.22465e-16 -0.5
-1.22465e-16 -7.4988e-33 -1 0.143998
0 0 0 1
6.12323e-17 -1 -1.22465e-16 0.3
-1 -6.12323e-17 -7.4988e-33 -0.5
0 1.22465e-16 -1 0.141998
0 0 0 1
6.12323e-17 -1 0 0.3
-1 -6.12323e-17 1.22465e-16 -0.5
-1.22465e-16 -7.4988e-33 -1 0.139997
0 0 0 1
6.12323e-17 -1 -1.22465e-16 0.3
-1 -6.12323e-17 -7.4988e-33 -0.5
0 1.22465e-16 -1 0.137997
0 0 0 1
6.12323e-17 -1 0 0.3
-1 -6.12323e-17 1.22465e-16 -0.5
-1.22465e-16 -7.4988e-33 -1 0.135997
0 0 0 1
6.12323e-17 -1 -1.22465e-16 0.3
-1 -6.12323e-17 -7.4988e-33 -0.5
0 1.22465e-16 -1 0.133997
0 0 0 1
6.12323e-17 -1 0 0.3
-1 -6.12323e-17 1.22465e-16 -0.5
-1.22465e-16 -7.4988e-33 -1 0.131997
0 0 0 1
6.12323e-17 -1 -1.22465e-16 0.3
-1 -6.12323e-17 -7.4988e-33 -0.5
0 1.22465e-16 -1 0.129997
0 0 0 1
6.12323e-17 -1 0 0.3
-1 -6.12323e-17 1.22465e-16 -0.5
-1.22465e-16 -7.4988e-33 -1 0.127997
0 0 0 1
6.12323e-17 -1 -1.22465e-16 0.3
-1 -6.12323e-17 -7.4988e-33 -0.5
0 1.22465e-16 -1 0.125997
0 0 0 1
6.12323e-17 -1 0 0.3
-1 -6.12323e-17 1.22465e-16 -0.5
-1.22465e-16 -7.4988e-33 -1 0.123997
0 0 0 1
6.12323e-17 -1 -1.22465e-16 0.3
-1 -6.12323e-17 -7.4988e-33 -0.5
0 1.22465e-16 -1 0.121997
0 0 0 1
6.12323e-17 -1 0 0.3
-1 -6.12323e-17 1.22465e-16 -0.5
-1.22465e-16 -7.4988e-33 -1 0.119997
0 0 0 1
6.12323e-17 -1 -1.22465e-16 0.3
-1 -6.12323e-17 -7.4988e-33 -0.5
0 1.22465e-16 -1 0.117997
0 0 0 1
6.12323e-17 -1 0 0.3
-1 -6.12323e-17 1.22465e-16 -0.5
-1.22465e-16 -7.4988e-33 -1 0.115997
0 0 0 1
6.12323e-17 -1 -1.22465e-16 0.3
-1 -6.12323e-17 -7.4988e-33 -0.5
0 1.22465e-16 -1 0.113997
0 0 0 1
6.12323e-17 -1 0 0.3
-1 -6.12323e-17 1.22465e-16 -0.5
-1.22465e-16 -7.4988e-33 -1 0.111997
0 0 0 1
6.12323e-17 -1 -1.22465e-16 0.3
-1 -6.12323e-17 -7.4988e-33 -0.5
0 1.22465e-16 -1 0.109997
0 0 0 1
6.12323e-17 -1 0 0.3
-1 -6.12323e-17 1.22465e-16 -0.5
-1.22465e-16 -7.4988e-33 -1 0.107997
0 0 0 1
6.12323e-17 -1 -1.22465e-16 0.3
-1 -6.12323e-17 -7.4988e-33 -0.5
0 1.22465e-16 -1 0.105997
0 0 0 1
6.12323e-17 -1 0 0.3
-1 -6.12323e-17 1.22465e-16 -0.5
-1.22465e-16 -7.4988e-33 -1 0.103997
0 0 0 1
6.12323e-17 -1 -1.22465e-16 0.3
-1 -6.12323e-17 -7.4988e-33 -0.5
0 1.22465e-16 -1 0.101997
0 0 0 1
6.12323e-17 -1 -1.22465e-16 0.3
-1 -6.12323e-17 -7.4988e-33 -0.5
0 1.22465e-16 -1 0.0999966
0 0 0 1
6.12323e-17 -1 -1.22465e-16 0.3
-1 -6.12323e-17 -7.4988e-33 -0.5
0 1.22465e-16 -1 0.0980367
0 0 0 1
6.12323e-17 -1 -1.22465e-16 0.3
-1 -6.12323e-17 -7.4988e-33 -0.5
0 1.22465e-16 -1 0.0961568
0 0 0 1
6.12323e-17 -1 -1.22465e-16 0.3
-1 -6.12323e-17 -7.4988e-33 -0.5
0 1.22465e-16 -1 0.0943569
0 0 0 1
6.12323e-17 -1 -1.22465e-16 0.3
-1 -6.12323e-17 -7.4988e-33 -0.5
0 1.22465e-16 -1 0.092637
0 0 0 1
6.12323e-17 -1 -1.22465e-16 0.3
-1 -6.12323e-17 -7.4988e-33 -0.5
0 1.22465e-16 -1 0.0909971
0 0 0 1
6.12323e-17 -1 -1.22465e-16 0.3
-1 -6.12323e-17 -7.4988e-33 -0.5
0 1.22465e-16 -1 0.0894372
0 0 0 1
6.12323e-17 -1 -1.22465e-16 0.3
-1 -6.12323e-17 -7.4988e-33 -0.5
0 1.22465e-16 -1 0.0879573
0 0 0 1
6.12323e-17 -1 -1.22465e-16 0.3
-1 -6.12323e-17 -7.4988e-33 -0.5
0 1.22465e-16 -1 0.0865574
0 0 0 1
6.12323e-17 -1 -1.22465e-16 0.3
-1 -6.12323e-17 -7.4988e-33 -0.5
0 1.22465e-16 -1 0.0852375
0 0 0 1
6.12323e-17 -1 -1.22465e-16 0.3
-1 -6.12323e-17 -7.4988e-33 -0.5
0 1.22465e-16 -1 0.0839977
0 0 0 1
6.12323e-17 -1 -1.22465e-16 0.3
-1 -6.12323e-17 -7.4988e-33 -0.5
0 1.22465e-16 -1 0.0828378
0 0 0 1
6.12323e-17 -1 -1.22465e-16 0.3
-1 -6.12323e-17 -7.4988e-33 -0.5
0 1.22465e-16 -1 0.0817579
0 0 0 1
6.12323e-17 -1 -1.22465e-16 0.3
-1 -6.12323e-17 -7.4988e-33 -0.5
0 1.22465e-16 -1 0.0807581
0 0 0 1
6.12323e-17 -1 -1.22465e-16 0.3
-1 -6.12323e-17 -7.4988e-33 -0.5
0 1.22465e-16 -1 0.0798382
0 0 0 1
6.12323e-17 -1 -1.22465e-16 0.3
-1 -6.12323e-17 -7.4988e-33 -0.5
0 1.22465e-16 -1 0.0789984
0 0 0 1
6.12323e-17 -1 -1.22465e-16 0.3
-1 -6.12323e-17 -7.4988e-33 -0.5
0 1.22465e-16 -1 0.0782385
0 0 0 1
6.12323e-17 -1 -1.22465e-16 0.3
-1 -6.12323e-17 -7.4988e-33 -0.5
0 1.22465e-16 -1 0.0775587
0 0 0 1
6.12323e-17 -1 -1.22465e-16 0.3
-1 -6.12323e-17 -7.4988e-33 -0.5
0 1.22465e-16 -1 0.0769588
0 0 0 1
6.12323e-17 -1 -1.22465e-16 0.3
-1 -6.12323e-17 -7.4988e-33 -0.5
0 1.22465e-16 -1 0.076439
0 0 0 1
6.12323e-17 -1 -1.22465e-16 0.3
-1 -6.12323e-17 -7.4988e-33 -0.5
0 1.22465e-16 -1 0.0759991
0 0 0 1
6.12323e-17 -1 -1.22465e-16 0.3
-1 -6.12323e-17 -7.4988e-33 -0.5
0 1.22465e-16 -1 0.0756393
0 0 0 1
6.12323e-17 -1 -1.22465e-16 0.3
-1 -6.12323e-17 -7.4988e-33 -0.5
0 1.22465e-16 -1 0.0753595
0 0 0 1
6.12323e-17 -1 -1.22465e-16 0.3
-1 -6.12323e-17 -7.4988e-33 -0.5
0 1.22465e-16 -1 0.0751596
0 0 0 1
6.12323e-17 -1 -1.22465e-16 0.3
-1 -6.12323e-17 -7.4988e-33 -0.5
0 1.22465e-16 -1 0.0750398
0 0 0 1
6.12323e-17 -1 -1.22465e-16 0.3
-1 -6.12323e-17 -7.4988e-33 -0.5
0 1.22465e-16 -1 0.075
0 0 0 1
6.12323e-17 -1 -1.22465e-16 0.3
-1 -6.12323e-17 -7.4988e-33 -0.5
0 1.22465e-16 -1 0.0750402
0 0 0 1
6.12323e-17 -1 -1.22465e-16 0.3
-1 -6.12323e-17 -7.4988e-33 -0.5
0 1.22465e-16 -1 0.0751604
0 0 0 1
6.12323e-17 -1 -1.22465e-16 0.3
-1 -6.12323e-17 -7.4988e-33 -0.5
0 1.22465e-16 -1 0.0753606
0 0 0 1
6.12323e-17 -1 -1.22465e-16 0.3
-1 -6.12323e-17 -7.4988e-33 -0.5
0 1.22465e-16 -1 0.0756408
0 0 0 1
6.12323e-17 -1 -1.22465e-16 0.3
-1 -6.12323e-17 -7.4988e-33 -0.5
0 1.22465e-16 -1 0.076001
0 0 0 1
6.12323e-17 -1 -1.22465e-16 0.3
-1 -6.12323e-17 -7.4988e-33 -0.5
0 1.22465e-16 -1 0.0764412
0 0 0 1
6.12323e-17 -1 -1.22465e-16 0.3
-1 -6.12323e-17 -7.4988e-33 -0.5
0 1.22465e-16 -1 0.0769614
0 0 0 1
6.12323e-17 -1 -1.22465e-16 0.3
-1 -6.12323e-17 -7.4988e-33 -0.5
0 1.22465e-16 -1 0.0775616
0 0 0 1
6.12323e-17 -1 -1.22465e-16 0.3
-1 -6.12323e-17 -7.4988e-33 -0.5
0 1.22465e-16 -1 0.0782418
0 0 0 1
6.12323e-17 -1 -1.22465e-16 0.3
-1 -6.12323e-17 -7.4988e-33 -0.5
0 1.22465e-16 -1 0.079002
0 0 0 1
6.12323e-17 -1 -1.22465e-16 0.3
-1 -6.12323e-17 -7.4988e-33 -0.5
0 1.22465e-16 -1 0.0798422
0 0 0 1
6.12323e-17 -1 -1.22465e-16 0.3
-1 -6.12323e-17 -7.4988e-33 -0.5
0 1.22465e-16 -1 0.0807625
0 0 0 1
6.12323e-17 -1 -1.22465e-16 0.3
-1 -6.12323e-17 -7.4988e-33 -0.5
0 1.22465e-16 -1 0.0817627
0 0 0 1
6.12323e-17 -1 -1.22465e-16 0.3
-1 -6.12323e-17 -7.4988e-33 -0.5
0 1.22465e-16 -1 0.0828429
0 0 0 1
6.12323e-17 -1 -1.22465e-16 0.3
-1 -6.12323e-17 -7.4988e-33 -0.5
0 1.22465e-16 -1 0.0840032
0 0 0 1
6.12323e-17 -1 -1.22465e-16 0.3
-1 -6.12323e-17 -7.4988e-33 -0.5
0 1.22465e-16 -1 0.0852434
0 0 0 1
6.12323e-17 -1 -1.22465e-16 0.3
-1 -6.12323e-17 -7.4988e-33 -0.5
0 1.22465e-16 -1 0.0865636
0 0 0 1
6.12323e-17 -1 -1.22465e-16 0.3
-1 -6.12323e-17 -7.4988e-33 -0.5
0 1.22465e-16 -1 0.0879639
0 0 0 1
6.12323e-17 -1 -1.22465e-16 0.3
-1 -6.12323e-17 -7.4988e-33 -0.5
0 1.22465e-16 -1 0.0894441
0 0 0 1
6.12323e-17 -1 -1.22465e-16 0.3
-1 -6.12323e-17 -7.4988e-33 -0.5
0 1.22465e-16 -1 0.0910044
0 0 0 1
6.12323e-17 -1 -1.22465e-16 0.3
-1 -6.12323e-17 -7.4988e-33 -0.5
0 1.22465e-16 -1 0.0926447
0 0 0 1
6.12323e-17 -1 -1.22465e-16 0.3
-1 -6.12323e-17 -7.4988e-33 -0.5
0 1.22465e-16 -1 0.0943649
0 0 0 1
6.12323e-17 -1 -1.22465e-16 0.3
-1 -6.12323e-17 -7.4988e-33 -0.5
0 1.22465e-16 -1 0.0961652
0 0 0 1
6.12323e-17 -1 -1.22465e-16 0.3
-1 -6.12323e-17 -7.4988e-33 -0.5
0 1.22465e-16 -1 0.0980454
0 0 0 1
6.12323e-17 -1 0 0.3
-1 -6.12323e-17 1.22465e-16 -0.5
-1.22465e-16 -7.4988e-33 -1 0.100001
0 0 0 1
6.12323e-17 -1 -1.22465e-16 0.3
-1 -6.12323e-17 -7.4988e-33 -0.5
0 1.22465e-16 -1 0.102001
0 0 0 1
6.12323e-17 -1 0 0.3
-1 -6.12323e-17 1.22465e-16 -0.5
-1.22465e-16 -7.4988e-33 -1 0.104001
0 0 0 1
6.12323e-17 -1 -1.22465e-16 0.3
-1 -6.12323e-17 -7.4988e-33 -0.5
0 1.22465e-16 -1 0.106001
0 0 0 1
6.12323e-17 -1 0 0.3
-1 -6.12323e-17 1.22465e-16 -0.5
-1.22465e-16 -7.4988e-33 -1 0.108001
0 0 0 1
6.12323e-17 -1 -1.22465e-16 0.3
-1 -6.12323e-17 -7.4988e-33 -0.5
0 1.22465e-16 -1 0.110001
0 0 0 1
6.12323e-17 -1 0 0.3
-1 -6.12323e-17 1.22465e-16 -0.5
-1.22465e-16 -7.4988e-33 -1 0.112001
0 0 0 1
6.12323e-17 -1 -1.22465e-16 0.3
-1 -6.12323e-17 -7.4988e-33 -0.5
0 1.22465e-16 -1 0.114001
0 0 0 1
6.12323e-17 -1 0 0.3
-1 -6.12323e-17 1.22465e-16 -0.5
-1.22465e-16 -7.4988e-33 -1 0.116002
0 0 0 1
6.12323e-17 -1 -1.22465e-16 0.3
-1 -6.12323e-17 -7.4988e-33 -0.5
0 1.22465e-16 -1 0.118002
0 0 0 1
6.12323e-17 -1 0 0.3
-1 -6.12323e-17 1.22465e-16 -0.5
-1.22465e-16 -7.4988e-33 -1 0.120002
0 0 0 1
6.12323e-17 -1 -1.22465e-16 0.3
-1 -6.12323e-17 -7.4988e-33 -0.5
0 1.22465e-16 -1 0.122002
0 0 0 1
6.12323e-17 -1 0 0.3
-1 -6.12323e-17 1.22465e-16 -0.5
-1.22465e-16 -7.4988e-33 -1 0.124002
0 0 0 1
6.12323e-17 -1 -1.22465e-16 0.3
-1 -6.12323e-17 -7.4988e-33 -0.5
0 1.22465e-16 -1 0.126002
0 0 0 1
6.12323e-17 -1 0 0.3
-1 -6.12323e-17 1.22465e-16 -0.5
-1.22465e-16 -7.4988e-33 -1 0.128002
0 0 0 1
6.12323e-17 -1 -1.22465e-16 0.3
-1 -6.12323e-17 -7.4988e-33 -0.5
0 1.22465e-16 -1 0.130002
0 0 0 1
6.12323e-17 -1 0 0.3
-1 -6.12323e-17 1.22465e-16 -0.5
-1.22465e-16 -7.4988e-33 -1 0.132002
0 0 0 1
6.12323e-17 -1 -1.22465e-16 0.3
-1 -6.12323e-17 -7.4988e-33 -0.5
0 1.22465e-16 -1 0.134002
0 0 0 1
6.12323e-17 -1 0 0.3
-1 -6.12323e-17 1.22465e-16 -0.5
-1.22465e-16 -7.4988e-33 -1 0.136002
0 0 0 1
6.12323e-17 -1 -1.22465e-16 0.3
-1 -6.12323e-17 -7.4988e-33 -0.5
0 1.22465e-16 -1 0.138002
0 0 0 1
6.12323e-17 -1 0 0.3
-1 -6.12323e-17 1.22465e-16 -0.5
-1.22465e-16 -7.4988e-33 -1 0.140002
0 0 0 1
6.12323e-17 -1 -1.22465e-16 0.3
-1 -6.12323e-17 -7.4988e-33 -0.5
0 1.22465e-16 -1 0.142002
0 0 0 1
6.12323e-17 -1 0 0.3
-1 -6.12323e-17 1.22465e-16 -0.5
-1.22465e-16 -7.4988e-33 -1 0.144002
0 0 0 1
6.12323e-17 -1 -1.22465e-16 0.3
-1 -6.12323e-17 -7.4988e-33 -0.5
0 1.22465e-16 -1 0.146002
0 0 0 1
6.12323e-17 -1 0 0.3
-1 -6.12323e-17 1.22465e-16 -0.5
-1.22465e-16 -7.4988e-33 -1 0.148002
0 0 0 1
6.12323e-17 -1 -1.22465e-16 0.3
-1 -6.12323e-17 -7.4988e-33 -0.5
0 1.22465e-16 -1 0.150002
0 0 0 1
6.12323e-17 -1 0 0.3
-1 -6.12323e-17 1.22465e-16 -0.5
-1.22465e-16 -7.4988e-33 -1 0.152002
0 0 0 1
6.12323e-17 -1 -1.22465e-16 0.3
-1 -6.12323e-17 -7.4988e-33 -0.5
0 1.22465e-16 -1 0.154002
0 0 0 1
6.12323e-17 -1 0 0.3
-1 -6.12323e-17 1.22465e-16 -0.5
-1.22465e-16 -7.4988e-33 -1 0.156002
0 0 0 1
6.12323e-17 -1 -1.22465e-16 0.3
-1 -6.12323e-17 -7.4988e-33 -0.5
0 1.22465e-16 -1 0.158002
0 0 0 1
6.12323e-17 -1 0 0.3
-1 -6.12323e-17 1.22465e-16 -0.5
-1.22465e-16 -7.4988e-33 -1 0.160003
0 0 0 1
6.12323e-17 -1 -1.22465e-16 0.3
-1 -6.12323e-17 -7.4988e-33 -0.5
0 1.22465e-16 -1 0.162003
0 0 0 1
6.12323e-17 -1 0 0.3
-1 -6.12323e-17 1.22465e-16 -0.5
-1.22465e-16 -7.4988e-33 -1 0.164003
0 0 0 1
6.12323e-17 -1 -1.22465e-16 0.3
-1 -6.12323e-17 -7.4988e-33 -0.5
0 1.22465e-16 -1 0.166003
0 0 0 1
6.12323e-17 -1 0 0.3
-1 -6.12323e-17 1.22465e-16 -0.5
-1.22465e-16 -7.4988e-33 -1 0.168003
0 0 0 1
6.12323e-17 -1 -1.22465e-16 0.3
-1 -6.12323e-17 -7.4988e-33 -0.5
0 1.22465e-16 -1 0.170003
0 0 0 1
6.12323e-17 -1 0 0.3
-1 -6.12323e-17 1.22465e-16 -0.5
-1.22465e-16 -7.4988e-33 -1 0.172003
0 0 0 1
6.12323e-17 -1 -1.22465e-16 0.3
-1 -6.12323e-17 -7.4988e-33 -0.5
0 1.22465e-16 -1 0.174003
0 0 0 1
6.12323e-17 -1 0 0.3
-1 -6.12323e-17 1.22465e-16 -0.5
-1.22465e-16 -7.4988e-33 -1 0.176003
0 0 0 1
6.12323e-17 -1 -1.22465e-16 0.3
-1 -6.12323e-17 -7.4988e-33 -0.5
0 1.22465e-16 -1 0.178003
0 0 0 1
6.12323e-17 -1 0 0.3
-1 -6.12323e-17 1.22465e-16 -0.5
-1.22465e-16 -7.4988e-33 -1 0.180003
0 0 0 1
6.12323e-17 -1 -1.22465e-16 0.3
-1 -6.12323e-17 -7.4988e-33 -0.5
0 1.22465e-16 -1 0.182003
0 0 0 1
6.12323e-17 -1 0 0.3
-1 -6.12323e-17 1.22465e-16 -0.5
-1.22465e-16 -7.4988e-33 -1 0.184003
0 0 0 1
6.12323e-17 -1 -1.22465e-16 0.3
-1 -6.12323e-17 -7.4988e-33 -0.5
0 1.22465e-16 -1 0.186003
0 0 0 1
6.12323e-17 -1 0 0.3
-1 -6.12323e-17 1.22465e-16 -0.5
-1.22465e-16 -7.4988e-33 -1 0.188003
0 0 0 1
6.12323e-17 -1 -1.22465e-16 0.3
-1 -6.12323e-17 -7.4988e-33 -0.5
0 1.22465e-16 -1 0.190003
0 0 0 1
6.12323e-17 -1 0 0.3
-1 -6.12323e-17 1.22465e-16 -0.5
-1.22465e-16 -7.4988e-33 -1 0.192003
0 0 0 1
6.12323e-17 -1 -1.22465e-16 0.3
-1 -6.12323e-17 -7.4988e-33 -0.5
0 1.22465e-16 -1 0.194003
0 0 0 1
6.12323e-17 -1 0 0.3
-1 -6.12323e-17 1.22465e-16 -0.5
-1.22465e-16 -7.4988e-33 -1 0.196003
0 0 0 1
6.12323e-17 -1 -1.22465e-16 0.3
-1 -6.12323e-17 -7.4988e-33 -0.5
0 1.22465e-16 -1 0.198003
0 0 0 1
6.12323e-17 -1 -1.22465e-16 0.3
-1 -6.12323e-17 -7.4988e-33 -0.5
0 1.22465e-16 -1 0.200003
0 0 0 1
0.000157647 -1 -6.42046e-08 0.299981
-1 -0.000157647 -3.21168e-08 -0.499901
3.21067e-08 6.42097e-08 -1 0.201992
0 0 0 1
0.000629508 -1 -2.56348e-07 0.299923
-1 -0.000629508 -1.28308e-07 -0.499605
1.28146e-07 2.56429e-07 -1 0.203956
0 0 0 1
0.00141558 -0.999999 -5.7634e-07 0.299828
-0.999999 -0.00141558 -2.88754e-07 -0.499112
2.87938e-07 5.76749e-07 -1 0.205897
0 0 0 1
0.00251587 -0.999997 -1.02403e-06 0.299694
-0.999997 -0.00251587 -5.13757e-07 -0.498422
5.11179e-07 1.02532e-06 -1 0.207815
0 0 0 1
0.00393037 -0.999992 -1.5992e-06 0.299522
-0.999992 -0.00393037 -8.03738e-07 -0.497534
7.97446e-07 1.60235e-06 -1 0.209708
0 0 0 1
0.00565906 -0.999984 -2.30159e-06 0.299312
-0.999984 -0.00565906 -1.15924e-06 -0.49645
1.1462e-06 2.30811e-06 -1 0.211579
0 0 0 1
0.00770195 -0.99997 -3.13084e-06 0.299063
-0.99997 -0.00770195 -1.58092e-06 -0.495169
1.55676e-06 3.14293e-06 -1 0.213425
0 0 0 1
0.010059 -0.999949 -4.08657e-06 0.298776
-0.999949 -0.010059 -2.06956e-06 -0.49369
2.02835e-06 4.10718e-06 -1 0.215248
0 0 0 1
0.0127302 -0.999919 -5.1683e-06 0.298451
-0.999919 -0.0127302 -2.62607e-06 -0.492014
2.56006e-06 5.20131e-06 -1 0.217048
0 0 0 1
0.0157155 -0.999877 -6.37551e-06 0.298088
-0.999877 -0.0157155 -3.25144e-06 -0.490141
3.15085e-06 6.42582e-06 -1 0.218823
0 0 0 1
0.0190148 -0.999819 -7.70758e-06 0.297687
-0.999819 -0.0190148 -3.94683e-06 -0.488071
3.79956e-06 7.78124e-06 -1 0.220575
0 0 0 1
0.022628 -0.999744 -9.16386e-06 0.297247
-0.999744 -0.022628 -4.71347e-06 -0.485804
4.5049e-06 9.26817e-06 -1 0.222304
0 0 0 1
0.026555 -0.999647 -1.07436e-05 0.296769
-0.999647 -0.026555 -5.55272e-06 -0.48334
5.26547e-06 1.08873e-05 -1 0.224009
0 0 0 1
0.0307957 -0.999526 -1.2446e-05 0.296253
-0.999526 -0.0307957 -6.46607e-06 -0.480679
6.07972e-06 1.26392e-05 -1 0.22569
0 0 0 1
0.0353498 -0.999375 -1.42701e-05 0.295699
-0.999375 -0.0353498 -7.4551e-06 -0.47782
6.946e-06 1.45247e-05 -1 0.227348
0 0 0 1
0.0402172 -0.999191 -1.6215e-05 0.295106
-0.999191 -0.0402172 -8.52151e-06 -0.474765
7.8625e-06 1.65446e-05 -1 0.228982
0 0 0 1
0.0453975 -0.998969 -1.82797e-05 0.294475
-0.998969 -0.0453975 -9.66711e-06 -0.471512
8.82729e-06 1.86997e-05 -1 0.230593
0 0 0 1
0.0508904 -0.998704 -2.04629e-05 0.293806
-0.998704 -0.0508904 -1.08938e-05 -0.468063
9.83833e-06 2.09908e-05 -1 0.23218
0 0 0 1
0.0566955 -0.998392 -2.27636e-05 0.293099
-0.998392 -0.0566955 -1.22036e-05 -0.464416
1.08934e-05 2.34188e-05 -1 0.233743
0 0 0 1
0.0628123 -0.998025 -2.51802e-05 0.292354
-0.998025 -0.0628123 -1.35987e-05 -0.460572
1.19902e-05 2.59847e-05 -1 0.235283
0 0 0 1
0.0692401 -0.9976 -2.77116e-05 0.29157
-0.9976 -0.0692401 -1.50813e-05 -0.456531
1.31263e-05 2.86893e-05 -1 0.236799
0 0 0 1
0.0759785 -0.997109 -3.0356e-05 0.290748
-0.997109 -0.0759785 -1.66536e-05 -0.452293
1.42991e-05 3.15336e-05 -1 0.238291
0 0 0 1
0.0830264 -0.996547 -3.31121e-05 0.289888
-0.996547 -0.0830264 -1.83182e-05 -0.447857
1.55058e-05 3.45186e-05 -1 0.23976
0 0 0 1
0.0903832 -0.995907 -3.59779e-05 0.28899
-0.995907 -0.0903832 -2.00775e-05 -0.443225
1.67435e-05 3.76453e-05 -1 0.241205
0 0 0 1
0.0980477 -0.995182 -3.89518e-05 0.288053
-0.995182 -0.0980477 -2.19341e-05 -0.438396
1.80093e-05 4.09147e-05 -1 0.242627
0 0 0 1
0.106019 -0.994364 -4.20318e-05 0.287078
-0.994364 -0.106019 -2.38908e-05 -0.433369
1.93e-05 4.43278e-05 -1 0.244025
0 0 0 1
0.114295 -0.993447 -4.52159e-05 0.286065
-0.993447 -0.114295 -2.59503e-05 -0.428145
2.06123e-05 4.78855e-05 -1 0.2454
0 0 0 1
0.122876 -0.992422 -4.85018e-05 0.285014
-0.992422 -0.122876 -2.81154e-05 -0.422725
2.19427e-05 5.1589e-05 -1 0.246751
0 0 0 1
0.131759 -0.991282 -5.18873e-05 0.283925
-0.991282 -0.131759 -3.03892e-05 -0.417107
2.32877e-05 5.5439e-05 -1 0.248078
0 0 0 1
0.140942 -0.990018 -5.53701e-05 0.282797
-0.990018 -0.140942 -3.27746e-05 -0.411292
2.46434e-05 5.94367e-05 -1 0.249382
0 0 0 1
0.150424 -0.988622 -5.89474e-05 0.281631
-0.988622 -0.150424 -3.52746e-05 -0.40528
2.60061e-05 6.35829e-05 -1 0.250662
0 0 0 1
0.160202 -0.987084 -6.26168e-05 0.280427
-0.987084 -0.160202 -3.78925e-05 -0.399071
2.73718e-05 6.78785e-05 -1 0.251918
0 0 0 1
0.170274 -0.985397 -6.63752e-05 0.279184
-0.985397 -0.170274 -4.06314e-05 -0.392664
2.87361e-05 7.23244e-05 -1 0.253151
0 0 0 1
0.180637 -0.98355 -7.02199e-05 0.277904
-0.98355 -0.180637 -4.34946e-05 -0.386061
3.00948e-05 7.69215e-05 -1 0.25436
0 0 0 1
0.191289 -0.981534 -7.41475e-05 0.276585
-0.981534 -0.191289 -4.64854e-05 -0.37926
3.14434e-05 8.16704e-05 -1 0.255546
0 0 0 1
0.202226 -0.979339 -7.81549e-05 0.275228
-0.979339 -0.202226 -4.96072e-05 -0.372263
3.27773e-05 8.6572e-05 -1 0.256708
0 0 0 1
0.213445 -0.976955 -8.22386e-05 0.273833
-0.976955 -0.213445 -5.28632e-05 -0.365068
3.40916e-05 9.16268e-05 -1 0.257846
0 0 0 1
0.224942 -0.974372 -8.6395e-05 0.272399
-0.974372 -0.224942 -5.62571e-05 -0.357676
3.53815e-05 9.68355e-05 -1 0.258961
0 0 0 1
0.236713 -0.97158 -9.06203e-05 0.270927
-0.97158 -0.236713 -5.97921e-05 -0.350087
3.66418e-05 0.000102198 -1 0.260052
0 0 0 1
0.248753 -0.968567 -9.49106e-05 0.269417
-0.968567 -0.248753 -6.34718e-05 -0.342301
3.78673e-05 0.000107716 -1 0.26112
0 0 0 1
0.261059 -0.965323 -9.92618e-05 0.267869
-0.965323 -0.261059 -6.72997e-05 -0.334318
3.90527e-05 0.000113389 -1 0.262164
0 0 0 1
0.273625 -0.961836 -0.000103669 0.266283
-0.961836 -0.273625 -7.12791e-05 -0.326138
4.01923e-05 0.000119217 -1 0.263185
0 0 0 1
0.286445 -0.958097 -0.000108129 0.264658
-0.958097 -0.286445 -7.54137e-05 -0.31776
4.12806e-05 0.0001252 -1 0.264181
0 0 0 1
0.299514 -0.954092 -0.000112636 0.262995
-0.954092 -0.299514 -7.97068e-05 -0.309186
4.23116e-05 0.000131339 -1 0.265155
0 0 0 1
0.312825 -0.949811 -0.000117186 0.261294
-0.949811 -0.312825 -8.4162e-05 -0.300414
4.32793e-05 0.000137632 -1 0.266104
0 0 0 1
0.326373 -0.945241 -0.000121772 0.259555
-0.945241 -0.326373 -8.87826e-05 -0.291446
4.41777e-05 0.00014408 -1 0.26703
0 0 0 1
0.340149 -0.940372 -0.000126391 0.257778
-0.940372 -0.340149 -9.35719e-05 -0.28228
4.50006e-05 0.000150683 -1 0.267933
0 0 0 1
0.354146 -0.93519 -0.000131037 0.255962
-0.93519 -0.354146 -9.85335e-05 -0.272917
4.57414e-05 0.000157439 -1 0.268811
0 0 0 1
0.368357 -0.929685 -0.000135703 0.254108
-0.929685 -0.368357 -0.00010367 -0.263357
4.63937e-05 0.000164349 -1 0.269667
0 0 0 1
0.382739 -0.923857 -0.000140374 0.25222
-0.923857 -0.382739 -0.000108974 -0.253622
4.69496e-05 0.000171393 -1 0.270496
0 0 0 1
0.397205 -0.91773 -0.000145017 0.250309
-0.91773 -0.397205 -0.000114416 -0.243767
4.7401e-05 0.000178533 -1 0.271316
0 0 0 1
0.411573 -0.911377 -0.000149575 0.248398
-0.911377 -0.411573 -0.00011993 -0.233912
4.77401e-05 0.000185679 -1 0.272136
0 0 0 1
0.42584 -0.904798 -0.000154046 0.246486
-0.904798 -0.42584 -0.000125515 -0.224057
4.7967e-05 0.00019283 -1 0.272956
0 0 0 1
0.440002 -0.897997 -0.000158428 0.244575
-0.897997 -0.440002 -0.00013117 -0.214202
4.80815e-05 0.000199983 -1 0.273776
0 0 0 1
0.454055 -0.890974 -0.000162721 0.242664
-0.890974 -0.454055 -0.000136893 -0.204347
4.80836e-05 0.000207137 -1 0.274596
0 0 0 1
0.467995 -0.883731 -0.000166924 0.240753
-0.883731 -0.467995 -0.000142682 -0.194492
4.79733e-05 0.00021429 -1 0.275415
0 0 0 1
0.481821 -0.87627 -0.000171035 0.238842
-0.87627 -0.481821 -0.000148537 -0.184636
4.77506e-05 0.000221441 -1 0.276235
0 0 0 1
0.495527 -0.868592 -0.000175054 0.23693
-0.868592 -0.495527 -0.000154456 -0.174781
4.74157e-05 0.000228587 -1 0.277055
0 0 0 1
0.509112 -0.860701 -0.000178979 0.235019
-0.860701 -0.509111 -0.000160437 -0.164926
4.69685e-05 0.000235728 -1 0.277875
0 0 0 1
0.52257 -0.852596 -0.000182809 0.233108
-0.852596 -0.52257 -0.00016648 -0.155071
4.64092e-05 0.00024286 -1 0.278695
0 0 0 1
0.5359 -0.844282 -0.000186545 0.231197
-0.844282 -0.5359 -0.000172581 -0.145216
4.57379e-05 0.000249982 -1 0.279515
0 0 0 1
0.549097 -0.835759 -0.000190184 0.229286
-0.835759 -0.549097 -0.000178741 -0.135361
4.49548e-05 0.000257093 -1 0.280335
0 0 0 1
0.562159 -0.827029 -0.000193725 0.227374
-0.827029 -0.562159 -0.000184957 -0.125506
4.40601e-05 0.000264191 -1 0.281154
0 0 0 1
0.575082 -0.818096 -0.000197169 0.225463
-0.818096 -0.575082 -0.000191227 -0.115651
4.3054e-05 0.000271274 -1 0.281974
0 0 0 1
0.587863 -0.808961 -0.000200514 0.223552
-0.808961 -0.587863 -0.000197551 -0.105796
4.19368e-05 0.000278341 -1 0.282794
0 0 0 1
0.600499 -0.799626 -0.000203759 0.221641
-0.799626 -0.600499 -0.000203927 -0.0959404
4.07087e-05 0.000285389 -1 0.283614
0 0 0 1
0.612987 -0.790093 -0.000206903 0.21973
-0.790093 -0.612987 -0.000210353 -0.0860853
3.937e-05 0.000292416 -1 0.284434
0 0 0 1
0.625323 -0.780366 -0.000209946 0.217818
-0.780366 -0.625323 -0.000216828 -0.0762302
3.79211e-05 0.000299422 -1 0.285254
0 0 0 1
0.637505 -0.770446 -0.000212887 0.215907
-0.770446 -0.637505 -0.00022335 -0.0663751
3.63623e-05 0.000306405 -1 0.286073
0 0 0 1
0.64953 -0.760336 -0.000215725 0.213996
-0.760336 -0.64953 -0.000229917 -0.05652
3.4694e-05 0.000313361 -1 0.286893
0 0 0 1
0.661395 -0.750038 -0.00021846 0.212085
-0.750038 -0.661394 -0.000236528 -0.0466649
3.29166e-05 0.000320291 -1 0.287713
0 0 0 1
0.673096 -0.739555 -0.00022109 0.210174
-0.739555 -0.673096 -0.000243181 -0.0368098
3.10305e-05 0.000327192 -1 0.288533
0 0 0 1
0.684631 -0.72889 -0.000223616 0.208262
-0.72889 -0.684631 -0.000249874 -0.0269546
2.90363e-05 0.000334063 -1 0.289353
0 0 0 1
0.695997 -0.718045 -0.000226036 0.206351
-0.718045 -0.695997 -0.000256606 -0.0170995
2.69344e-05 0.000340901 -1 0.290173
0 0 0 1
0.707191 -0.707022 -0.00022835 0.20444
-0.707022 -0.707191 -0.000263376 -0.00724442
2.47254e-05 0.000347706 -1 0.290993
0 0 0 1
0.718211 -0.695825 -0.000230558 0.202529
-0.695825 -0.718211 -0.000270181 0.00261069
2.24097e-05 0.000354475 -1 0.291812
0 0 0 1
0.729054 -0.684456 -0.000232658 0.200618
-0.684456 -0.729054 -0.00027702 0.0124658
1.99879e-05 0.000361206 -1 0.292632
0 0 0 1
0.739717 -0.672919 -0.00023465 0.198706
-0.672919 -0.739716 -0.000283891 0.0223209
1.74607e-05 0.000367899 -1 0.293452
0 0 0 1
0.750197 -0.661215 -0.000236535 0.196795
-0.661215 -0.750197 -0.000290792 0.032176
1.48287e-05 0.000374552 -1 0.294272
0 0 0 1
0.760492 -0.649348 -0.00023831 0.194884
-0.649348 -0.760491 -0.000297723 0.0420311
1.20924e-05 0.000381162 -1 0.295092
0 0 0 1
0.770599 -0.637321 -0.000239977 0.192973
-0.637321 -0.770599 -0.00030468 0.0518862
9.25273e-06 0.000387728 -1 0.295912
0 0 0 1
0.780516 -0.625136 -0.000241534 0.191062
-0.625136 -0.780516 -0.000311662 0.0617414
6.3102e-06 0.000394249 -1 0.296732
0 0 0 1
0.79024 -0.612797 -0.000242981 0.18915
-0.612797 -0.79024 -0.000318669 0.0715965
3.26559e-06 0.000400723 -1 0.297551
0 0 0 1
0.79977 -0.600307 -0.000244318 0.187239
-0.600307 -0.799769 -0.000325697 0.0814516
1.19651e-07 0.000407148 -1 0.298371
0 0 0 1
0.809101 -0.587669 -0.000245545 0.185328
-0.587669 -0.809101 -0.000332745 0.0913067
-3.12684e-06 0.000413524 -1 0.299191
0 0 0 1
0.818234 -0.574886 -0.00024666 0.183417
-0.574886 -0.818234 -0.000339812 0.101162
-6.47308e-06 0.000419847 -1 0.300011
0 0 0 1
0.827164 -0.56196 -0.000247665 0.181506
-0.561961 -0.827164 -0.000346895 0.111017
-9.91824e-06 0.000426117 -1 0.300831
0 0 0 1
0.83589 -0.548897 -0.000248558 0.179594
-0.548897 -0.83589 -0.000353993 0.120872
-1.34615e-05 0.000432332 -1 0.301651
0 0 0 1
0.84441 -0.535697 -0.000249339 0.177683
-0.535697 -0.84441 -0.000361104 0.130727
-1.71019e-05 0.000438491 -1 0.302471
0 0 0 1
0.852722 -0.522366 -0.000250009 0.175772
-0.522366 -0.852721 -0.000368227 0.140582
-2.08386e-05 0.000444591 -1 0.30329
0 0 0 1
0.860822 -0.508905 -0.000250566 0.173861
-0.508905 -0.860822 -0.000375359 0.150437
-2.46708e-05 0.000450632 -1 0.30411
0 0 0 1
0.868711 -0.495319 -0.000251012 0.17195
-0.495319 -0.868711 -0.0003825 0.160292
-2.85973e-05 0.000456613 -1 0.30493
0 0 0 1
0.876385 -0.481611 -0.000251345 0.170038
-0.481611 -0.876385 -0.000389646 0.170148
-3.26173e-05 0.000462531 -1 0.30575
0 0 0 1
0.883843 -0.467784 -0.000251566 0.168127
-0.467784 -0.883843 -0.000396797 0.180003
-3.67298e-05 0.000468384 -1 0.30657
0 0 0 1
0.891083 -0.453841 -0.000251675 0.166216
-0.453841 -0.891083 -0.00040395 0.189858
-4.09337e-05 0.000474173 -1 0.30739
0 0 0 1
0.898102 -0.439786 -0.000251671 0.164305
-0.439786 -0.898102 -0.000411104 0.199713
-4.52281e-05 0.000479895 -1 0.308209
0 0 0 1
0.9049 -0.425623 -0.000251555 0.162394
-0.425623 -0.9049 -0.000418257 0.209568
-4.96118e-05 0.000485549 -1 0.309029
0 0 0 1
0.911475 -0.411355 -0.000251326 0.160482
-0.411355 -0.911475 -0.000425408 0.219423
-5.40838e-05 0.000491133 -1 0.309849
0 0 0 1
0.917825 -0.396985 -0.000250985 0.158571
-0.396985 -0.917825 -0.000432554 0.229278
-5.8643e-05 0.000496646 -1 0.310669
0 0 0 1
0.923948 -0.382517 -0.000250532 0.15666
-0.382517 -0.923948 -0.000439694 0.239133
-6.32882e-05 0.000502087 -1 0.311489
0 0 0 1
0.929843 -0.367955 -0.000249967 0.154749
-0.367955 -0.929843 -0.000446825 0.248988
-6.80183e-05 0.000507454 -1 0.312309
0 0 0 1
0.935509 -0.353302 -0.00024929 0.152838
-0.353302 -0.935509 -0.000453947 0.258844
-7.28322e-05 0.000512747 -1 0.313129
0 0 0 1
0.940944 -0.338562 -0.000248501 0.150926
-0.338562 -0.940944 -0.000461058 0.268699
-7.77286e-05 0.000517963 -1 0.313948
0 0 0 1
0.946147 -0.323738 -0.0002476 0.149015
-0.323738 -0.946147 -0.000468155 0.278554
-8.27063e-05 0.000523101 -1 0.314768
0 0 0 1
0.951116 -0.308835 -0.000246588 0.147104
-0.308835 -0.951116 -0.000475237 0.288409
-8.77642e-05 0.000528161 -1 0.315588
0 0 0 1
0.95585 -0.293855 -0.000245465 0.145193
-0.293855 -0.95585 -0.000482303 0.298264
-9.29009e-05 0.00053314 -1 0.316408
0 0 0 1
0.960348 -0.278802 -0.000244231 0.143282
-0.278802 -0.960348 -0.00048935 0.308119
-9.81152e-05 0.000538038 -1 0.317228
0 0 0 1
0.96461 -0.263681 -0.000242887 0.14137
-0.263681 -0.96461 -0.000496376 0.317974
-0.000103406 0.000542854 -1 0.318048
0 0 0 1
0.968633 -0.248495 -0.000241432 0.139459
-0.248495 -0.968633 -0.000503381 0.327829
-0.000108771 0.000547586 -1 0.318868
0 0 0 1
0.972417 -0.233247 -0.000239867 0.137548
-0.233247 -0.972417 -0.000510362 0.337684
-0.000114211 0.000552233 -1 0.319687
0 0 0 1
0.975962 -0.217942 -0.000238193 0.135637
-0.217942 -0.975962 -0.000517317 0.34754
-0.000119722 0.000556794 -1 0.320507
0 0 0 1
0.979265 -0.202583 -0.00023641 0.133726
-0.202583 -0.979265 -0.000524246 0.357395
-0.000125305 0.000561268 -1 0.321327
0 0 0 1
0.982327 -0.187174 -0.000234518 0.131814
-0.187174 -0.982327 -0.000531145 0.36725
-0.000130957 0.000565654 -1 0.322147
0 0 0 1
0.985146 -0.171719 -0.000232519 0.129903
-0.171719 -0.985146 -0.000538014 0.377105
-0.000136677 0.00056995 -1 0.322967
0 0 0 1
0.987722 -0.156221 -0.000230411 0.127992
-0.156222 -0.987722 -0.000544851 0.38696
-0.000142465 0.000574156 -1 0.323787
0 0 0 1
0.990054 -0.140685 -0.000228196 0.126081
-0.140685 -0.990054 -0.000551653 0.396815
-0.000148317 0.000578271 -1 0.324607
0 0 0 1
0.992142 -0.125115 -0.000225875 0.12417
-0.125115 -0.992142 -0.00055842 0.40667
-0.000154234 0.000582293 -1 0.325426
0 0 0 1
0.993985 -0.109513 -0.000223448 0.122258
-0.109513 -0.993985 -0.00056515 0.416525
-0.000160213 0.000586221 -1 0.326246
0 0 0 1
0.995583 -0.0938841 -0.000220915 0.120347
-0.0938842 -0.995583 -0.000571841 0.42638
-0.000166252 0.000590056 -1 0.327066
0 0 0 1
0.996935 -0.0782321 -0.000218277 0.118436
-0.0782323 -0.996935 -0.000578491 0.436236
-0.000172352 0.000593794 -1 0.327886
0 0 0 1
0.998041 -0.0625609 -0.000215536 0.116525
-0.062561 -0.998041 -0.000585099 0.446091
-0.000178509 0.000597437 -1 0.328706
0 0 0 1
0.998901 -0.0468743 -0.000212691 0.114614
-0.0468744 -0.998901 -0.000591663 0.455946
-0.000184723 0.000600982 -1 0.329526
0 0 0 1
0.999514 -0.031176 -0.000209743 0.112702
-0.0311762 -0.999514 -0.000598182 0.465801
-0.000190992 0.00060443 -1 0.330346
0 0 0 1
0.99988 -0.0154701 -0.000206693 0.110791
-0.0154702 -0.99988 -0.000604653 0.475656
-0.000197314 0.000607778 -1 0.331165
0 0 0 1
