1 0.000203549 -0.000203673 0.108884
0.000203673 -1 0.00061102 0.485489
-0.000203549 -0.000611061 -1 0.331983
0 0 0 1
0.99988 -0.0155057 -0.000216373 0.105296
-0.0155058 -0.99988 -0.000614161 0.485374
-0.000206824 0.000617442 -1 0.331163
0 0 0 1
0.999513 -0.0312114 -0.000171482 0.101707
-0.0312113 -0.999513 0.000623314 0.485259
-0.000190853 -0.000617658 -1 0.330344
0 0 0 1
0.998899 -0.0469091 -0.00024216 0.0981179
-0.0469092 -0.998899 -0.000619755 0.485144
-0.000212821 0.000630432 -1 0.329524
0 0 0 1
0.998039 -0.0625955 -0.000138921 0.094529
-0.0625954 -0.998039 0.000634592 0.485029
-0.000178371 -0.000624652 -1 0.328704
0 0 0 1
0.996932 -0.0782662 -0.00026811 0.0909402
-0.0782663 -0.996932 -0.000624536 0.484914
-0.000218408 0.000643604 -1 0.327884
0 0 0 1
0.99558 -0.0939178 -0.000106022 0.0873514
-0.0939177 -0.99558 0.000644841 0.484799
-0.000166115 -0.000632033 -1 0.327064
0 0 0 1
0.993982 -0.109546 -0.000294198 0.0837625
-0.109546 -0.993982 -0.000628499 0.484684
-0.000223577 0.000656945 -1 0.326244
0 0 0 1
0.992138 -0.125147 -7.28164e-05 0.0801737
-0.125147 -0.992138 0.000654051 0.48457
-0.000154097 -0.000639796 -1 0.325425
0 0 0 1
0.99005 -0.140718 -0.000320397 0.0765848
-0.140718 -0.99005 -0.000631641 0.484455
-0.000228325 0.000670441 -1 0.324605
0 0 0 1
0.987717 -0.156253 -3.93383e-05 0.072996
-0.156253 -0.987717 0.000662214 0.48434
-0.000142328 -0.000647933 -1 0.323785
0 0 0 1
0.98514 -0.17175 -0.000346681 0.0694071
-0.171751 -0.98514 -0.000633958 0.484225
-0.000232647 0.000684081 -1 0.322965
0 0 0 1
0.982321 -0.187205 -5.62022e-06 0.0658183
-0.187205 -0.982321 0.000669321 0.48411
-0.000130821 -0.000656436 -1 0.322145
0 0 0 1
0.979259 -0.202614 -0.000373026 0.0622295
-0.202614 -0.979259 -0.000635449 0.483995
-0.000236538 0.000697849 -1 0.321325
0 0 0 1
0.975955 -0.217972 2.83045e-05 0.0586406
-0.217972 -0.975955 0.000675365 0.48388
-0.000119587 -0.000665295 -1 0.320506
0 0 0 1
0.97241 -0.233277 -0.000399404 0.0550518
-0.233277 -0.97241 -0.000636111 0.483765
-0.000239995 0.000711732 -1 0.319686
0 0 0 1
0.968626 -0.248524 6.24023e-05 0.0514629
-0.248524 -0.968625 0.00068034 0.48365
-0.000108637 -0.000674504 -1 0.318866
0 0 0 1
0.964602 -0.26371 -0.000425791 0.0478741
-0.26371 -0.964602 -0.000635944 0.483536
-0.000243014 0.000725718 -1 0.318046
0 0 0 1
0.96034 -0.278831 9.66396e-05 0.0442852
-0.278831 -0.96034 0.000684242 0.483421
-9.79809e-05 -0.000684051 -1 0.317226
0 0 0 1
0.955841 -0.293883 -0.000452159 0.0406964
-0.293883 -0.955841 -0.000634948 0.483306
-0.000245592 0.000739791 -1 0.316406
0 0 0 1
0.951107 -0.308862 0.000130983 0.0371075
-0.308862 -0.951107 0.000687067 0.483191
-8.76304e-05 -0.000693929 -1 0.315587
0 0 0 1
0.946137 -0.323765 -0.000478482 0.0335187
-0.323765 -0.946137 -0.000633124 0.483076
-0.000247726 0.000753938 -1 0.314767
0 0 0 1
0.940935 -0.338588 0.000165397 0.0299298
-0.338588 -0.940934 0.000688811 0.482961
-7.75953e-05 -0.000704127 -1 0.313947
0 0 0 1
0.935499 -0.353328 -0.000504736 0.026341
-0.353328 -0.935499 -0.000630474 0.482846
-0.000249415 0.000768146 -1 0.313127
0 0 0 1
0.929833 -0.367981 0.00019985 0.0227521
-0.367981 -0.929833 0.000689473 0.482731
-6.78856e-05 -0.000714636 -1 0.312307
0 0 0 1
0.923938 -0.382542 -0.000530893 0.0191633
-0.382542 -0.923938 -0.000627001 0.482616
-0.000250657 0.000782399 -1 0.311487
0 0 0 1
0.917814 -0.397009 0.000234306 0.0155745
-0.39701 -0.917814 0.000689052 0.482502
-5.85108e-05 -0.000725444 -1 0.310668
0 0 0 1
0.911464 -0.411379 -0.000556928 0.0119856
-0.411379 -0.911464 -0.000622708 0.482387
-0.000251451 0.000796685 -1 0.309848
0 0 0 1
0.904889 -0.425646 0.000268732 0.00839678
-0.425647 -0.904889 0.000687549 0.482272
-4.94801e-05 -0.000736541 -1 0.309028
0 0 0 1
0.898091 -0.439809 -0.000582815 0.00480794
-0.439809 -0.898091 -0.000617599 0.482157
-0.000251795 0.000810988 -1 0.308208
0 0 0 1
0.891071 -0.453863 0.000303094 0.0012191
-0.453863 -0.891071 0.000684966 0.482042
-4.08025e-05 -0.000747917 -1 0.307388
0 0 0 1
0.883831 -0.467805 -0.000608529 -0.00236974
-0.467806 -0.883831 -0.00061168 0.481927
-0.00025169 0.000825295 -1 0.306568
0 0 0 1
0.876373 -0.481632 0.000337358 -0.00595858
-0.481632 -0.876373 0.000681304 0.481812
-3.24866e-05 -0.000759559 -1 0.305749
0 0 0 1
0.868699 -0.49534 -0.000634045 -0.00954742
-0.49534 -0.868699 -0.000604955 0.481697
-0.000251136 0.000839592 -1 0.304929
0 0 0 1
0.860811 -0.508925 0.00037149 -0.0131363
-0.508926 -0.86081 0.000676568 0.481582
-2.45405e-05 -0.000771457 -1 0.304109
0 0 0 1
0.852709 -0.522385 -0.000659336 -0.0167251
-0.522386 -0.852709 -0.000597432 0.481468
-0.000250132 0.000853864 -1 0.303289
0 0 0 1
0.844398 -0.535716 0.000405456 -0.0203139
-0.535717 -0.844398 0.000670762 0.481353
-1.69721e-05 -0.000783599 -1 0.302469
0 0 0 1
0.835878 -0.548915 -0.000684379 -0.0239028
-0.548916 -0.835878 -0.000589119 0.481238
-0.000248681 0.000868098 -1 0.30165
0 0 0 1
0.827152 -0.561979 0.000439223 -0.0274916
-0.561979 -0.827151 0.000663891 0.481123
-9.78887e-06 -0.000795973 -1 0.30083
0 0 0 1
0.818221 -0.574903 -0.000709149 -0.0310805
-0.574904 -0.818221 -0.000580023 0.481008
-0.000246783 0.000882279 -1 0.30001
0 0 0 1
0.809089 -0.587686 0.000472757 -0.0346693
-0.587686 -0.809089 0.000655963 0.480893
-2.99791e-06 -0.000808566 -1 0.29919
0 0 0 1
0.799757 -0.600324 1.23918e-07 -0.0382581
-0.600324 -0.799757 0.00040714 0.480778
-0.000244317 -0.000325687 -1 0.29837
0 0 0 1
0.790228 -0.612814 3.26965e-06 -0.041847
-0.612814 -0.790227 0.000400715 0.480663
-0.00024298 -0.000318659 -1 0.29755
0 0 0 1
0.780503 -0.625152 6.31405e-06 -0.0454358
-0.625152 -0.780503 0.000394241 0.480549
-0.000241532 -0.000311653 -1 0.296731
0 0 0 1
0.770586 -0.637336 9.25638e-06 -0.0490247
-0.637336 -0.770586 0.00038772 0.480434
-0.000239975 -0.000304671 -1 0.295911
0 0 0 1
0.760479 -0.649363 1.20959e-05 -0.0526135
-0.649363 -0.760479 0.000381154 0.480319
-0.000238308 -0.000297714 -1 0.295091
0 0 0 1
0.750184 -0.661229 1.48319e-05 -0.0562024
-0.661229 -0.750184 0.000374544 0.480204
-0.000236533 -0.000290784 -1 0.294271
0 0 0 1
0.739704 -0.672932 1.74638e-05 -0.0597912
-0.672932 -0.739704 0.000367891 0.480089
-0.000234648 -0.000283883 -1 0.293451
0 0 0 1
0.729041 -0.68447 1.99908e-05 -0.06338
-0.68447 -0.729041 0.000361199 0.479974
-0.000232655 -0.000277012 -1 0.292631
0 0 0 1
0.718199 -0.695838 2.24124e-05 -0.0669689
-0.695838 -0.718199 0.000354467 0.479859
-0.000230555 -0.000270173 -1 0.291812
0 0 0 1
0.707179 -0.707035 2.47279e-05 -0.0705577
-0.707035 -0.707179 0.000347698 0.479744
-0.000228348 -0.000263368 -1 0.290992
0 0 0 1
0.695985 -0.718057 2.69368e-05 -0.0741466
-0.718057 -0.695985 0.000340894 0.479629
-0.000226033 -0.000256599 -1 0.290172
0 0 0 1
0.684619 -0.728902 2.90385e-05 -0.0777354
-0.728901 -0.684619 0.000334055 0.479515
-0.000223613 -0.000249867 -1 0.289352
0 0 0 1
0.673084 -0.739566 3.10326e-05 -0.0813242
-0.739566 -0.673083 0.000327185 0.4794
-0.000221088 -0.000243174 -1 0.288532
0 0 0 1
0.661382 -0.750049 3.29185e-05 -0.0849131
-0.750049 -0.661382 0.000320284 0.479285
-0.000218457 -0.000236521 -1 0.287712
0 0 0 1
0.649518 -0.760346 3.46957e-05 -0.0885019
-0.760346 -0.649518 0.000313354 0.47917
-0.000215722 -0.00022991 -1 0.286893
0 0 0 1
0.637493 -0.770456 3.63638e-05 -0.0920908
-0.770456 -0.637493 0.000306398 0.479055
-0.000212884 -0.000223343 -1 0.286073
0 0 0 1
0.625311 -0.780375 3.79225e-05 -0.0956796
-0.780375 -0.625311 0.000299416 0.47894
-0.000209943 -0.000216822 -1 0.285253
0 0 0 1
0.612975 -0.790102 3.93713e-05 -0.0992685
-0.790102 -0.612975 0.00029241 0.478825
-0.0002069 -0.000210347 -1 0.284433
0 0 0 1
0.600487 -0.799634 4.07098e-05 -0.102857
-0.799634 -0.600487 0.000285382 0.47871
-0.000203756 -0.000203921 -1 0.283613
0 0 0 1
0.587851 -0.808969 4.19378e-05 -0.106446
-0.808969 -0.587851 0.000278335 0.478595
-0.000200511 -0.000197546 -1 0.282793
0 0 0 1
0.575151 -0.818047 4.30483e-05 -0.110013
-0.818047 -0.575151 0.000271313 0.478481
-0.000197187 -0.000191261 -1 0.281966
0 0 0 1
0.562473 -0.826816 4.40371e-05 -0.113534
-0.826816 -0.562472 0.000264363 0.478369
-0.00019381 -0.000185107 -1 0.281124
0 0 0 1
0.549824 -0.83528 4.49082e-05 -0.117011
-0.83528 -0.549824 0.000257487 0.478257
-0.000190382 -0.000179084 -1 0.280267
0 0 0 1
0.537215 -0.843445 4.56652e-05 -0.120443
-0.843445 -0.537215 0.000250688 0.478147
-0.00018691 -0.00017319 -1 0.279396
0 0 0 1
0.524651 -0.851317 4.63122e-05 -0.12383
-0.851317 -0.524651 0.000243968 0.478039
-0.000183396 -0.000167424 -1 0.27851
0 0 0 1
0.512141 -0.858902 4.68528e-05 -0.127172
-0.858902 -0.512141 0.000237328 0.477932
-0.000179846 -0.000161787 -1 0.277609
0 0 0 1
0.499691 -0.866204 4.72909e-05 -0.130469
-0.866204 -0.499691 0.00023077 0.477826
-0.000176263 -0.000156277 -1 0.276693
0 0 0 1
0.487308 -0.87323 4.76303e-05 -0.133721
-0.87323 -0.487308 0.000224295 0.477722
-0.000172651 -0.000150893 -1 0.275763
0 0 0 1
0.475 -0.879986 4.78747e-05 -0.136929
-0.879986 -0.475 0.000217906 0.47762
-0.000169014 -0.000145634 -1 0.274817
0 0 0 1
0.462772 -0.886478 4.80279e-05 -0.140092
-0.886478 -0.462772 0.000211603 0.477518
-0.000165356 -0.0001405 -1 0.273857
0 0 0 1
0.45063 -0.892711 4.80934e-05 -0.143209
-0.892711 -0.45063 0.000205389 0.477419
-0.00016168 -0.000135488 -1 0.272883
0 0 0 1
0.438581 -0.898691 4.8075e-05 -0.146282
-0.898691 -0.438581 0.000199263 0.47732
-0.000157991 -0.000130598 -1 0.271893
0 0 0 1
0.426631 -0.904426 4.79763e-05 -0.14931
-0.904426 -0.426631 0.000193228 0.477223
-0.000154292 -0.000125828 -1 0.270889
0 0 0 1
0.414784 -0.90992 4.78008e-05 -0.152294
-0.90992 -0.414784 0.000187284 0.477128
-0.000150586 -0.000121177 -1 0.26987
0 0 0 1
0.403046 -0.91518 4.75521e-05 -0.155232
-0.91518 -0.403046 0.000181432 0.477034
-0.000146877 -0.000116644 -1 0.268836
0 0 0 1
0.391422 -0.920211 4.72336e-05 -0.158125
-0.920211 -0.391422 0.000175673 0.476941
-0.000143168 -0.000112227 -1 0.267788
0 0 0 1
0.379917 -0.925021 4.68489e-05 -0.160974
-0.925021 -0.379917 0.000170007 0.47685
-0.000139461 -0.000107925 -1 0.266725
0 0 0 1
0.368536 -0.929614 4.64012e-05 -0.163778
-0.929614 -0.368536 0.000164436 0.47676
-0.000135761 -0.000103736 -1 0.265647
0 0 0 1
0.357282 -0.933997 4.5894e-05 -0.166537
-0.933997 -0.357282 0.00015896 0.476672
-0.000132071 -9.96583e-05 -1 0.264554
0 0 0 1
0.346161 -0.938175 4.53306e-05 -0.169251
-0.938175 -0.346161 0.000153579 0.476585
-0.000128392 -9.5691e-05 -1 0.263446
0 0 0 1
0.335175 -0.942156 4.47141e-05 -0.17192
-0.942156 -0.335175 0.000148294 0.476499
-0.000124729 -9.18322e-05 -1 0.262324
0 0 0 1
0.32433 -0.945944 4.40479e-05 -0.174544
-0.945944 -0.32433 0.000143105 0.476415
-0.000121084 -8.80802e-05 -1 0.261187
0 0 0 1
0.313628 -0.949546 4.3335e-05 -0.177124
-0.949546 -0.313628 0.000138013 0.476333
-0.000117459 -8.44334e-05 -1 0.260035
0 0 0 1
0.303074 -0.952967 4.25785e-05 -0.179659
-0.952967 -0.303074 0.000133018 0.476252
-0.000113857 -8.08901e-05 -1 0.258869
0 0 0 1
0.29267 -0.956214 4.17815e-05 -0.182148
-0.956214 -0.29267 0.000128119 0.476172
-0.000110281 -7.74486e-05 -1 0.257688
0 0 0 1
0.282419 -0.959291 4.0947e-05 -0.184593
-0.959291 -0.282419 0.000123317 0.476094
-0.000106733 -7.41073e-05 -1 0.256492
0 0 0 1
0.272326 -0.962205 4.00778e-05 -0.186993
-0.962205 -0.272326 0.000118613 0.476017
-0.000103215 -7.08643e-05 -1 0.255281
0 0 0 1
0.262391 -0.964962 3.91769e-05 -0.189348
-0.964962 -0.262391 0.000114005 0.475942
-9.97307e-05 -6.77181e-05 -1 0.254055
0 0 0 1
0.252619 -0.967566 3.82471e-05 -0.191659
-0.967566 -0.252619 0.000109494 0.475868
-9.62811e-05 -6.46669e-05 -1 0.252815
0 0 0 1
0.243012 -0.970023 3.7291e-05 -0.193924
-0.970023 -0.243012 0.000105081 0.475795
-9.28687e-05 -6.1709e-05 -1 0.25156
0 0 0 1
0.233571 -0.97234 3.63114e-05 -0.196145
-0.97234 -0.233571 0.000100764 0.475724
-8.94956e-05 -5.88426e-05 -1 0.25029
0 0 0 1
0.2243 -0.97452 3.5311e-05 -0.198321
-0.97452 -0.2243 9.65439e-05 0.475654
-8.61637e-05 -5.60661e-05 -1 0.249006
0 0 0 1
0.2152 -0.97657 3.42923e-05 -0.200451
-0.97657 -0.2152 9.24202e-05 0.475586
-8.2875e-05 -5.33776e-05 -1 0.247706
0 0 0 1
0.206274 -0.978494 3.32578e-05 -0.202537
-0.978494 -0.206274 8.83926e-05 0.475519
-7.96315e-05 -5.07756e-05 -1 0.246392
0 0 0 1
0.197523 -0.980298 3.221e-05 -0.204579
-0.980298 -0.197523 8.4461e-05 0.475454
-7.64348e-05 -4.82584e-05 -1 0.245064
0 0 0 1
0.188949 -0.981987 3.11513e-05 -0.206575
-0.981987 -0.188949 8.0625e-05 0.47539
-7.32867e-05 -4.58242e-05 -1 0.24372
0 0 0 1
0.180554 -0.983565 3.0084e-05 -0.208526
-0.983565 -0.180554 7.68843e-05 0.475328
-7.01889e-05 -4.34713e-05 -1 0.242362
0 0 0 1
0.172339 -0.985038 2.90104e-05 -0.210433
-0.985038 -0.172339 7.32385e-05 0.475267
-6.71431e-05 -4.11982e-05 -1 0.240989
0 0 0 1
0.164305 -0.98641 2.79328e-05 -0.212295
-0.98641 -0.164305 6.96873e-05 0.475207
-6.41507e-05 -3.90032e-05 -1 0.239601
0 0 0 1
0.156455 -0.987685 2.68533e-05 -0.214111
-0.987685 -0.156455 6.62302e-05 0.475149
-6.12132e-05 -3.68846e-05 -1 0.238198
0 0 0 1
0.148789 -0.988869 2.57739e-05 -0.215883
-0.988869 -0.148789 6.28668e-05 0.475092
-5.83321e-05 -3.48409e-05 -1 0.236781
0 0 0 1
0.141309 -0.989966 2.46969e-05 -0.217611
-0.989966 -0.141309 5.95967e-05 0.475037
-5.55088e-05 -3.28706e-05 -1 0.235349
0 0 0 1
0.134015 -0.990979 2.3624e-05 -0.219293
-0.990979 -0.134015 5.64195e-05 0.474983
-5.27446e-05 -3.0972e-05 -1 0.233902
0 0 0 1
0.126908 -0.991914 2.25573e-05 -0.22093
-0.991914 -0.126908 5.33347e-05 0.474931
-5.00408e-05 -2.91436e-05 -1 0.232441
0 0 0 1
0.11999 -0.992775 2.14987e-05 -0.222523
-0.992775 -0.11999 5.03418e-05 0.47488
-4.73985e-05 -2.73839e-05 -1 0.230964
0 0 0 1
0.113262 -0.993565 2.04499e-05 -0.224071
-0.993565 -0.113262 4.74404e-05 0.47483
-4.48189e-05 -2.56915e-05 -1 0.229473
0 0 0 1
0.106723 -0.994289 1.94127e-05 -0.225573
-0.994289 -0.106723 4.46299e-05 0.474782
-4.23032e-05 -2.40649e-05 -1 0.227968
0 0 0 1
0.100375 -0.99495 1.83889e-05 -0.227031
-0.99495 -0.100375 4.19099e-05 0.474735
-3.98525e-05 -2.25027e-05 -1 0.226447
0 0 0 1
0.0942186 -0.995552 1.738e-05 -0.228444
-0.995552 -0.0942186 3.92799e-05 0.47469
-3.74676e-05 -2.10036e-05 -1 0.224912
0 0 0 1
0.0882542 -0.996098 1.63876e-05 -0.229813
-0.996098 -0.0882542 3.67394e-05 0.474646
-3.51497e-05 -1.95661e-05 -1 0.223362
0 0 0 1
0.0824822 -0.996593 1.54133e-05 -0.231136
-0.996593 -0.0824822 3.42878e-05 0.474604
-3.28996e-05 -1.81889e-05 -1 0.221797
0 0 0 1
0.0769034 -0.997039 1.44586e-05 -0.232415
-0.997039 -0.0769034 3.19248e-05 0.474563
-3.07183e-05 -1.68709e-05 -1 0.220217
0 0 0 1
0.0715179 -0.997439 1.35248e-05 -0.233648
-0.997439 -0.0715179 2.96497e-05 0.474523
-2.86065e-05 -1.56107e-05 -1 0.218623
0 0 0 1
0.0663264 -0.997798 1.26134e-05 -0.234837
-0.997798 -0.0663264 2.74622e-05 0.474485
-2.65651e-05 -1.44071e-05 -1 0.217014
0 0 0 1
0.061329 -0.998118 1.17257e-05 -0.235981
-0.998118 -0.061329 2.53618e-05 0.474449
-2.45949e-05 -1.3259e-05 -1 0.21539
0 0 0 1
0.0565262 -0.998401 1.08628e-05 -0.23708
-0.998401 -0.0565262 2.33479e-05 0.474414
-2.26965e-05 -1.21652e-05 -1 0.213752
0 0 0 1
0.0519181 -0.998651 1.00261e-05 -0.238134
-0.998651 -0.0519181 2.14202e-05 0.47438
-2.08707e-05 -1.11247e-05 -1 0.212098
0 0 0 1
0.0475052 -0.998871 9.21669e-06 -0.239144
-0.998871 -0.0475052 1.95781e-05 0.474348
-1.91181e-05 -1.01363e-05 -1 0.21043
0 0 0 1
0.0432874 -0.999063 8.43563e-06 -0.240108
-0.999063 -0.0432874 1.78212e-05 0.474317
-1.74394e-05 -9.19915e-06 -1 0.208747
0 0 0 1
0.0392652 -0.999229 7.68399e-06 -0.241028
-0.999229 -0.0392652 1.61492e-05 0.474287
-1.5835e-05 -8.31217e-06 -1 0.20705
0 0 0 1
0.0354385 -0.999372 6.96278e-06 -0.241903
-0.999372 -0.0354385 1.45615e-05 0.474259
-1.43056e-05 -7.47445e-06 -1 0.205337
0 0 0 1
0.0318076 -0.999494 6.27294e-06 -0.242733
-0.999494 -0.0318076 1.30578e-05 0.474233
-1.28517e-05 -6.6851e-06 -1 0.20361
0 0 0 1
0.0283726 -0.999597 5.61536e-06 -0.243518
-0.999597 -0.0283726 1.16377e-05 0.474208
-1.14737e-05 -5.9433e-06 -1 0.201868
0 0 0 1
0.0251336 -0.999684 4.9909e-06 -0.244258
-0.999684 -0.0251336 1.03009e-05 0.474184
-1.01722e-05 -5.24822e-06 -1 0.200112
0 0 0 1
0.0220906 -0.999756 4.40033e-06 -0.244953
-0.999756 -0.0220906 9.04686e-06 0.474162
-8.94744e-06 -4.59911e-06 -1 0.198341
0 0 0 1
0.0192438 -0.999815 3.84442e-06 -0.245604
-0.999815 -0.0192438 7.8754e-06 0.474141
-7.79996e-06 -3.99526e-06 -1 0.196554
0 0 0 1
0.0165931 -0.999862 3.32384e-06 -0.246209
-0.999862 -0.0165931 6.78615e-06 0.474121
-6.73007e-06 -3.43599e-06 -1 0.194754
0 0 0 1
0.0141387 -0.9999 2.83926e-06 -0.24677
-0.9999 -0.0141387 5.77883e-06 0.474103
-5.73811e-06 -2.92068e-06 -1 0.192938
0 0 0 1
0.0118806 -0.999929 2.39125e-06 -0.247286
-0.999929 -0.0118806 4.85314e-06 0.474087
-4.82439e-06 -2.44874e-06 -1 0.191108
0 0 0 1
0.00981872 -0.999952 1.98038e-06 -0.247757
-0.999952 -0.00981872 4.00883e-06 0.474072
-3.98919e-06 -2.01965e-06 -1 0.189263
0 0 0 1
0.00795322 -0.999968 1.60714e-06 -0.248183
-0.999968 -0.00795322 3.24566e-06 0.474058
-3.23278e-06 -1.6329e-06 -1 0.187403
0 0 0 1
0.00628406 -0.99998 1.27198e-06 -0.248564
-0.99998 -0.00628406 2.56342e-06 0.474046
-2.55538e-06 -1.28807e-06 -1 0.185528
0 0 0 1
0.00481125 -0.999988 9.75309e-07 -0.248901
-0.999988 -0.00481125 1.9619e-06 0.474035
-1.95719e-06 -9.84737e-07 -1 0.183639
0 0 0 1
0.00353481 -0.999994 7.17475e-07 -0.249192
-0.999994 -0.00353481 1.44094e-06 0.474026
-1.4384e-06 -7.22564e-07 -1 0.181735
0 0 0 1
0.00245473 -0.999997 4.98787e-07 -0.249439
-0.999997 -0.00245473 1.00039e-06 0.474018
-9.9916e-07 -5.01241e-07 -1 0.179816
0 0 0 1
0.00157103 -0.999999 3.19506e-07 -0.249641
-0.999999 -0.00157103 6.40107e-07 0.474011
-6.39604e-07 -3.20512e-07 -1 0.177882
0 0 0 1
0.000883698 -1 1.79845e-07 -0.249798
-1 -0.000883698 3.59996e-07 0.474006
-3.59837e-07 -1.80163e-07 -1 0.175934
0 0 0 1
0.000392742 -1 7.99678e-08 -0.24991
-1 -0.000392742 1.59973e-07 0.474003
-1.59942e-07 -8.00306e-08 -1 0.173971
0 0 0 1
9.81604e-05 -1 1.99927e-08 -0.249978
-1 -9.81604e-05 3.99802e-08 0.474001
-3.99782e-08 -1.99966e-08 -1 0.171993
0 0 0 1
6.12323e-17 -1 -1.22465e-16 -0.25
-1 -6.12323e-17 -7.4988e-33 0.474
0 1.22465e-16 -1 0.17
0 0 0 1
6.12323e-17 -1 0 -0.25
-1 -6.12323e-17 1.22465e-16 0.474
-1.22465e-16 -7.4988e-33 -1 0.168
0 0 0 1
6.12323e-17 -1 -1.22465e-16 -0.25
-1 -6.12323e-17 -7.4988e-33 0.474
0 1.22465e-16 -1 0.166
0 0 0 1
6.12323e-17 -1 0 -0.25
-1 -6.12323e-17 1.22465e-16 0.474
-1.22465e-16 -7.4988e-33 -1 0.164
0 0 0 1
6.12323e-17 -1 -1.22465e-16 -0.25
-1 -6.12323e-17 -7.4988e-33 0.474
0 1.22465e-16 -1 0.162
0 0 0 1
6.12323e-17 -1 0 -0.25
-1 -6.12323e-17 1.22465e-16 0.474
-1.22465e-16 -7.4988e-33 -1 0.16
0 0 0 1
6.12323e-17 -1 -1.22465e-16 -0.25
-1 -6.12323e-17 -7.4988e-33 0.474
0 1.22465e-16 -1 0.158
0 0 0 1
6.12323e-17 -1 0 -0.25
-1 -6.12323e-17 1.22465e-16 0.474
-1.22465e-16 -7.4988e-33 -1 0.156
0 0 0 1
6.12323e-17 -1 -1.22465e-16 -0.25
-1 -6.12323e-17 -7.4988e-33 0.474
0 1.22465e-16 -1 0.154
0 0 0 1
6.12323e-17 -1 0 -0.25
-1 -6.12323e-17 1.22465e-16 0.474
-1.22465e-16 -7.4988e-33 -1 0.152
0 0 0 1
6.12323e-17 -1 -1.22465e-16 -0.25
-1 -6.12323e-17 -7.4988e-33 0.474
0 1.22465e-16 -1 0.15
0 0 0 1
6.12323e-17 -1 0 -0.25
-1 -6.12323e-17 1.22465e-16 0.474
-1.22465e-16 -7.4988e-33 -1 0.148
0 0 0 1
6.12323e-17 -1 -1.22465e-16 -0.25
-1 -6.12323e-17 -7.4988e-33 0.474
0 1.22465e-16 -1 0.146
0 0 0 1
6.12323e-17 -1 0 -0.25
-1 -6.12323e-17 1.22465e-16 0.474
-1.22465e-16 -7.4988e-33 -1 0.144
0 0 0 1
6.12323e-17 -1 -1.22465e-16 -0.25
-1 -6.12323e-17 -7.4988e-33 0.474
0 1.22465e-16 -1 0.142
0 0 0 1
6.12323e-17 -1 0 -0.25
-1 -6.12323e-17 1.22465e-16 0.474
-1.22465e-16 -7.4988e-33 -1 0.14
0 0 0 1
6.12323e-17 -1 -1.22465e-16 -0.25
-1 -6.12323e-17 -7.4988e-33 0.474
0 1.22465e-16 -1 0.138
0 0 0 1
6.12323e-17 -1 0 -0.25
-1 -6.12323e-17 1.22465e-16 0.474
-1.22465e-16 -7.4988e-33 -1 0.136
0 0 0 1
6.12323e-17 -1 -1.22465e-16 -0.25
-1 -6.12323e-17 -7.4988e-33 0.474
0 1.22465e-16 -1 0.134
0 0 0 1
6.12323e-17 -1 0 -0.25
-1 -6.12323e-17 1.22465e-16 0.474
-1.22465e-16 -7.4988e-33 -1 0.132
0 0 0 1
6.12323e-17 -1 -1.22465e-16 -0.25
-1 -6.12323e-17 -7.4988e-33 0.474
0 1.22465e-16 -1 0.13
0 0 0 1
6.12323e-17 -1 -1.22465e-16 -0.25
-1 -6.12323e-17 -7.4988e-33 0.474
0 1.22465e-16 -1 0.128025
0 0 0 1
6.12323e-17 -1 -1.22465e-16 -0.25
-1 -6.12323e-17 -7.4988e-33 0.474
0 1.22465e-16 -1 0.1261
0 0 0 1
6.12323e-17 -1 -1.22465e-16 -0.25
-1 -6.12323e-17 -7.4988e-33 0.474
0 1.22465e-16 -1 0.124225
0 0 0 1
6.12323e-17 -1 -1.22465e-16 -0.25
-1 -6.12323e-17 -7.4988e-33 0.474
0 1.22465e-16 -1 0.1224
0 0 0 1
6.12323e-17 -1 -1.22465e-16 -0.25
-1 -6.12323e-17 -7.4988e-33 0.474
0 1.22465e-16 -1 0.120625
0 0 0 1
6.12323e-17 -1 -1.22465e-16 -0.25
-1 -6.12323e-17 -7.4988e-33 0.474
0 1.22465e-16 -1 0.1189
0 0 0 1
6.12323e-17 -1 -1.22465e-16 -0.25
-1 -6.12323e-17 -7.4988e-33 0.474
0 1.22465e-16 -1 0.117225
0 0 0 1
6.12323e-17 -1 -1.22465e-16 -0.25
-1 -6.12323e-17 -7.4988e-33 0.474
0 1.22465e-16 -1 0.1156
0 0 0 1
6.12323e-17 -1 -1.22465e-16 -0.25
-1 -6.12323e-17 -7.4988e-33 0.474
0 1.22465e-16 -1 0.114025
0 0 0 1
6.12323e-17 -1 -1.22465e-16 -0.25
-1 -6.12323e-17 -7.4988e-33 0.474
0 1.22465e-16 -1 0.1125
0 0 0 1
6.12323e-17 -1 -1.22465e-16 -0.25
-1 -6.12323e-17 -7.4988e-33 0.474
0 1.22465e-16 -1 0.111025
0 0 0 1
6.12323e-17 -1 -1.22465e-16 -0.25
-1 -6.12323e-17 -7.4988e-33 0.474
0 1.22465e-16 -1 0.1096
0 0 0 1
6.12323e-17 -1 -1.22465e-16 -0.25
-1 -6.12323e-17 -7.4988e-33 0.474
0 1.22465e-16 -1 0.108225
0 0 0 1
6.12323e-17 -1 -1.22465e-16 -0.25
-1 -6.12323e-17 -7.4988e-33 0.474
0 1.22465e-16 -1 0.1069
0 0 0 1
6.12323e-17 -1 -1.22465e-16 -0.25
-1 -6.12323e-17 -7.4988e-33 0.474
0 1.22465e-16 -1 0.105625
0 0 0 1
6.12323e-17 -1 -1.22465e-16 -0.25
-1 -6.12323e-17 -7.4988e-33 0.474
0 1.22465e-16 -1 0.1044
0 0 0 1
6.12323e-17 -1 -1.22465e-16 -0.25
-1 -6.12323e-17 -7.4988e-33 0.474
0 1.22465e-16 -1 0.103225
0 0 0 1
6.12323e-17 -1 -1.22465e-16 -0.25
-1 -6.12323e-17 -7.4988e-33 0.474
0 1.22465e-16 -1 0.1021
0 0 0 1
6.12323e-17 -1 -1.22465e-16 -0.25
-1 -6.12323e-17 -7.4988e-33 0.474
0 1.22465e-16 -1 0.101025
0 0 0 1
6.12323e-17 -1 -1.22465e-16 -0.25
-1 -6.12323e-17 -7.4988e-33 0.474
0 1.22465e-16 -1 0.1
0 0 0 1
6.12323e-17 -1 -1.22465e-16 -0.25
-1 -6.12323e-17 -7.4988e-33 0.474
0 1.22465e-16 -1 0.0990251
0 0 0 1
6.12323e-17 -1 -1.22465e-16 -0.25
-1 -6.12323e-17 -7.4988e-33 0.474
0 1.22465e-16 -1 0.0981001
0 0 0 1
6.12323e-17 -1 -1.22465e-16 -0.25
-1 -6.12323e-17 -7.4988e-33 0.474
0 1.22465e-16 -1 0.0972251
0 0 0 1
6.12323e-17 -1 -1.22465e-16 -0.25
-1 -6.12323e-17 -7.4988e-33 0.474
0 1.22465e-16 -1 0.0964001
0 0 0 1
6.12323e-17 -1 -1.22465e-16 -0.25
-1 -6.12323e-17 -7.4988e-33 0.474
0 1.22465e-16 -1 0.0956251
0 0 0 1
6.12323e-17 -1 -1.22465e-16 -0.25
-1 -6.12323e-17 -7.4988e-33 0.474
0 1.22465e-16 -1 0.0949001
0 0 0 1
6.12323e-17 -1 -1.22465e-16 -0.25
-1 -6.12323e-17 -7.4988e-33 0.474
0 1.22465e-16 -1 0.0942251
0 0 0 1
6.12323e-17 -1 -1.22465e-16 -0.25
-1 -6.12323e-17 -7.4988e-33 0.474
0 1.22465e-16 -1 0.0936001
0 0 0 1
6.12323e-17 -1 -1.22465e-16 -0.25
-1 -6.12323e-17 -7.4988e-33 0.474
0 1.22465e-16 -1 0.093025
0 0 0 1
6.12323e-17 -1 -1.22465e-16 -0.25
-1 -6.12323e-17 -7.4988e-33 0.474
0 1.22465e-16 -1 0.0925
0 0 0 1
6.12323e-17 -1 -1.22465e-16 -0.25
-1 -6.12323e-17 -7.4988e-33 0.474
0 1.22465e-16 -1 0.092025
0 0 0 1
6.12323e-17 -1 -1.22465e-16 -0.25
-1 -6.12323e-17 -7.4988e-33 0.474
0 1.22465e-16 -1 0.0916
0 0 0 1
6.12323e-17 -1 -1.22465e-16 -0.25
-1 -6.12323e-17 -7.4988e-33 0.474
0 1.22465e-16 -1 0.091225
0 0 0 1
6.12323e-17 -1 -1.22465e-16 -0.25
-1 -6.12323e-17 -7.4988e-33 0.474
0 1.22465e-16 -1 0.0909
0 0 0 1
6.12323e-17 -1 -1.22465e-16 -0.25
-1 -6.12323e-17 -7.4988e-33 0.474
0 1.22465e-16 -1 0.090625
0 0 0 1
6.12323e-17 -1 -1.22465e-16 -0.25
-1 -6.12323e-17 -7.4988e-33 0.474
0 1.22465e-16 -1 0.0904
0 0 0 1
6.12323e-17 -1 -1.22465e-16 -0.25
-1 -6.12323e-17 -7.4988e-33 0.474
0 1.22465e-16 -1 0.090225
0 0 0 1
6.12323e-17 -1 -1.22465e-16 -0.25
-1 -6.12323e-17 -7.4988e-33 0.474
0 1.22465e-16 -1 0.0901
0 0 0 1
6.12323e-17 -1 -1.22465e-16 -0.25
-1 -6.12323e-17 -7.4988e-33 0.474
0 1.22465e-16 -1 0.090025
0 0 0 1
6.12323e-17 -1 -1.22465e-16 -0.25
-1 -6.12323e-17 -7.4988e-33 0.474
0 1.22465e-16 -1 0.09
0 0 0 1
6.12323e-17 -1 -1.22465e-16 -0.25
-1 -6.12323e-17 -7.4988e-33 0.474
0 1.22465e-16 -1 0.090025
0 0 0 1
6.12323e-17 -1 -1.22465e-16 -0.25
-1 -6.12323e-17 -7.4988e-33 0.474
0 1.22465e-16 -1 0.0901
0 0 0 1
6.12323e-17 -1 -1.22465e-16 -0.25
-1 -6.12323e-17 -7.4988e-33 0.474
0 1.22465e-16 -1 0.090225
0 0 0 1
6.12323e-17 -1 -1.22465e-16 -0.25
-1 -6.12323e-17 -7.4988e-33 0.474
0 1.22465e-16 -1 0.0904
0 0 0 1
6.12323e-17 -1 -1.22465e-16 -0.25
-1 -6.12323e-17 -7.4988e-33 0.474
0 1.22465e-16 -1 0.090625
0 0 0 1
6.12323e-17 -1 -1.22465e-16 -0.25
-1 -6.12323e-17 -7.4988e-33 0.474
0 1.22465e-16 -1 0.0909
0 0 0 1
6.12323e-17 -1 -1.22465e-16 -0.25
-1 -6.12323e-17 -7.4988e-33 0.474
0 1.22465e-16 -1 0.091225
0 0 0 1
6.12323e-17 -1 -1.22465e-16 -0.25
-1 -6.12323e-17 -7.4988e-33 0.474
0 1.22465e-16 -1 0.0916
0 0 0 1
6.12323e-17 -1 -1.22465e-16 -0.25
-1 -6.12323e-17 -7.4988e-33 0.474
0 1.22465e-16 -1 0.092025
0 0 0 1
6.12323e-17 -1 -1.22465e-16 -0.25
-1 -6.12323e-17 -7.4988e-33 0.474
0 1.22465e-16 -1 0.0924999
0 0 0 1
6.12323e-17 -1 -1.22465e-16 -0.25
-1 -6.12323e-17 -7.4988e-33 0.474
0 1.22465e-16 -1 0.0930249
0 0 0 1
6.12323e-17 -1 -1.22465e-16 -0.25
-1 -6.12323e-17 -7.4988e-33 0.474
0 1.22465e-16 -1 0.0935999
0 0 0 1
6.12323e-17 -1 -1.22465e-16 -0.25
-1 -6.12323e-17 -7.4988e-33 0.474
0 1.22465e-16 -1 0.0942249
0 0 0 1
6.12323e-17 -1 -1.22465e-16 -0.25
-1 -6.12323e-17 -7.4988e-33 0.474
0 1.22465e-16 -1 0.0948999
0 0 0 1
6.12323e-17 -1 -1.22465e-16 -0.25
-1 -6.12323e-17 -7.4988e-33 0.474
0 1.22465e-16 -1 0.0956249
0 0 0 1
6.12323e-17 -1 -1.22465e-16 -0.25
-1 -6.12323e-17 -7.4988e-33 0.474
0 1.22465e-16 -1 0.0963999
0 0 0 1
6.12323e-17 -1 -1.22465e-16 -0.25
-1 -6.12323e-17 -7.4988e-33 0.474
0 1.22465e-16 -1 0.0972249
0 0 0 1
6.12323e-17 -1 -1.22465e-16 -0.25
-1 -6.12323e-17 -7.4988e-33 0.474
0 1.22465e-16 -1 0.0980999
0 0 0 1
6.12323e-17 -1 -1.22465e-16 -0.25
-1 -6.12323e-17 -7.4988e-33 0.474
0 1.22465e-16 -1 0.0990249
0 0 0 1
6.12323e-17 -1 -1.22465e-16 -0.25
-1 -6.12323e-17 -7.4988e-33 0.474
0 1.22465e-16 -1 0.0999999
0 0 0 1
6.12323e-17 -1 -1.22465e-16 -0.25
-1 -6.12323e-17 -7.4988e-33 0.474
0 1.22465e-16 -1 0.101025
0 0 0 1
6.12323e-17 -1 -1.22465e-16 -0.25
-1 -6.12323e-17 -7.4988e-33 0.474
0 1.22465e-16 -1 0.1021
0 0 0 1
6.12323e-17 -1 -1.22465e-16 -0.25
-1 -6.12323e-17 -7.4988e-33 0.474
0 1.22465e-16 -1 0.103225
0 0 0 1
6.12323e-17 -1 -1.22465e-16 -0.25
-1 -6.12323e-17 -7.4988e-33 0.474
0 1.22465e-16 -1 0.1044
0 0 0 1
6.12323e-17 -1 -1.22465e-16 -0.25
-1 -6.12323e-17 -7.4988e-33 0.474
0 1.22465e-16 -1 0.105625
0 0 0 1
6.12323e-17 -1 -1.22465e-16 -0.25
-1 -6.12323e-17 -7.4988e-33 0.474
0 1.22465e-16 -1 0.1069
0 0 0 1
6.12323e-17 -1 -1.22465e-16 -0.25
-1 -6.12323e-17 -7.4988e-33 0.474
0 1.22465e-16 -1 0.108225
0 0 0 1
6.12323e-17 -1 -1.22465e-16 -0.25
-1 -6.12323e-17 -7.4988e-33 0.474
0 1.22465e-16 -1 0.1096
0 0 0 1
6.12323e-17 -1 -1.22465e-16 -0.25
-1 -6.12323e-17 -7.4988e-33 0.474
0 1.22465e-16 -1 0.111025
0 0 0 1
6.12323e-17 -1 -1.22465e-16 -0.25
-1 -6.12323e-17 -7.4988e-33 0.474
0 1.22465e-16 -1 0.1125
0 0 0 1
6.12323e-17 -1 -1.22465e-16 -0.25
-1 -6.12323e-17 -7.4988e-33 0.474
0 1.22465e-16 -1 0.114025
0 0 0 1
6.12323e-17 -1 -1.22465e-16 -0.25
-1 -6.12323e-17 -7.4988e-33 0.474
0 1.22465e-16 -1 0.1156
0 0 0 1
6.12323e-17 -1 -1.22465e-16 -0.25
-1 -6.12323e-17 -7.4988e-33 0.474
0 1.22465e-16 -1 0.117225
0 0 0 1
6.12323e-17 -1 -1.22465e-16 -0.25
-1 -6.12323e-17 -7.4988e-33 0.474
0 1.22465e-16 -1 0.1189
0 0 0 1
6.12323e-17 -1 -1.22465e-16 -0.25
-1 -6.12323e-17 -7.4988e-33 0.474
0 1.22465e-16 -1 0.120625
0 0 0 1
6.12323e-17 -1 -1.22465e-16 -0.25
-1 -6.12323e-17 -7.4988e-33 0.474
0 1.22465e-16 -1 0.1224
0 0 0 1
6.12323e-17 -1 -1.22465e-16 -0.25
-1 -6.12323e-17 -7.4988e-33 0.474
0 1.22465e-16 -1 0.124225
0 0 0 1
6.12323e-17 -1 -1.22465e-16 -0.25
-1 -6.12323e-17 -7.4988e-33 0.474
0 1.22465e-16 -1 0.1261
0 0 0 1
6.12323e-17 -1 -1.22465e-16 -0.25
-1 -6.12323e-17 -7.4988e-33 0.474
0 1.22465e-16 -1 0.128025
0 0 0 1
6.12323e-17 -1 -1.22465e-16 -0.25
-1 -6.12323e-17 -7.4988e-33 0.474
0 1.22465e-16 -1 0.13
0 0 0 1
6.12323e-17 -1 0 -0.25
-1 -6.12323e-17 1.22465e-16 0.474
-1.22465e-16 -7.4988e-33 -1 0.132
0 0 0 1
6.12323e-17 -1 -1.22465e-16 -0.25
-1 -6.12323e-17 -7.4988e-33 0.474
0 1.22465e-16 -1 0.134
0 0 0 1
6.12323e-17 -1 0 -0.25
-1 -6.12323e-17 1.22465e-16 0.474
-1.22465e-16 -7.4988e-33 -1 0.136
0 0 0 1
6.12323e-17 -1 -1.22465e-16 -0.25
-1 -6.12323e-17 -7.4988e-33 0.474
0 1.22465e-16 -1 0.138
0 0 0 1
6.12323e-17 -1 0 -0.25
-1 -6.12323e-17 1.22465e-16 0.474
-1.22465e-16 -7.4988e-33 -1 0.14
0 0 0 1
6.12323e-17 -1 -1.22465e-16 -0.25
-1 -6.12323e-17 -7.4988e-33 0.474
0 1.22465e-16 -1 0.142
0 0 0 1
6.12323e-17 -1 0 -0.25
-1 -6.12323e-17 1.22465e-16 0.474
-1.22465e-16 -7.4988e-33 -1 0.144
0 0 0 1
6.12323e-17 -1 -1.22465e-16 -0.25
-1 -6.12323e-17 -7.4988e-33 0.474
0 1.22465e-16 -1 0.146
0 0 0 1
6.12323e-17 -1 0 -0.25
-1 -6.12323e-17 1.22465e-16 0.474
-1.22465e-16 -7.4988e-33 -1 0.148
0 0 0 1
6.12323e-17 -1 -1.22465e-16 -0.25
-1 -6.12323e-17 -7.4988e-33 0.474
0 1.22465e-16 -1 0.15
0 0 0 1
6.12323e-17 -1 0 -0.25
-1 -6.12323e-17 1.22465e-16 0.474
-1.22465e-16 -7.4988e-33 -1 0.152
0 0 0 1
6.12323e-17 -1 -1.22465e-16 -0.25
-1 -6.12323e-17 -7.4988e-33 0.474
0 1.22465e-16 -1 0.154
0 0 0 1
6.12323e-17 -1 0 -0.25
-1 -6.12323e-17 1.22465e-16 0.474
-1.22465e-16 -7.4988e-33 -1 0.156
0 0 0 1
6.12323e-17 -1 -1.22465e-16 -0.25
-1 -6.12323e-17 -7.4988e-33 0.474
0 1.22465e-16 -1 0.158
0 0 0 1
6.12323e-17 -1 0 -0.25
-1 -6.12323e-17 1.22465e-16 0.474
-1.22465e-16 -7.4988e-33 -1 0.16
0 0 0 1
6.12323e-17 -1 -1.22465e-16 -0.25
-1 -6.12323e-17 -7.4988e-33 0.474
0 1.22465e-16 -1 0.162
0 0 0 1
6.12323e-17 -1 0 -0.25
-1 -6.12323e-17 1.22465e-16 0.474
-1.22465e-16 -7.4988e-33 -1 0.164
0 0 0 1
6.12323e-17 -1 -1.22465e-16 -0.25
-1 -6.12323e-17 -7.4988e-33 0.474
0 1.22465e-16 -1 0.166
0 0 0 1
6.12323e-17 -1 0 -0.25
-1 -6.12323e-17 1.22465e-16 0.474
-1.22465e-16 -7.4988e-33 -1 0.168
0 0 0 1
6.12323e-17 -1 -1.22465e-16 -0.25
-1 -6.12323e-17 -7.4988e-33 0.474
0 1.22465e-16 -1 0.17
0 0 0 1
9.81762e-05 -1 -3.99846e-08 -0.249978
-1 -9.81762e-05 -1.99999e-08 0.474001
1.99959e-08 3.99866e-08 -1 0.171993
0 0 0 1
0.000392727 -1 -1.59936e-07 -0.24991
-1 -0.000392727 -8.00275e-08 0.474003
7.99647e-08 1.59967e-07 -1 0.17397
0 0 0 1
0.000883652 -1 -3.59818e-07 -0.249798
-1 -0.000883652 -1.80154e-07 0.474006
1.79836e-07 3.59977e-07 -1 0.175933
0 0 0 1
0.00157095 -0.999999 -6.39572e-07 -0.249641
-0.999999 -0.00157095 -3.20496e-07 0.474011
3.19491e-07 6.40075e-07 -1 0.177882
0 0 0 1
0.00245462 -0.999997 -9.99116e-07 -0.249439
-0.999997 -0.00245462 -5.01219e-07 0.474018
4.98765e-07 1.00034e-06 -1 0.179815
0 0 0 1
0.00353467 -0.999994 -1.43834e-06 -0.249193
-0.999994 -0.00353467 -7.22535e-07 0.474026
7.17446e-07 1.44089e-06 -1 0.181734
0 0 0 1
0.00481108 -0.999988 -1.95712e-06 -0.248901
-0.999988 -0.00481108 -9.84702e-07 0.474035
9.75275e-07 1.96183e-06 -1 0.183638
0 0 0 1
0.00628386 -0.99998 -2.55529e-06 -0.248564
-0.99998 -0.00628386 -1.28803e-06 0.474046
1.27194e-06 2.56334e-06 -1 0.185528
0 0 0 1
0.00795299 -0.999968 -3.23268e-06 -0.248183
-0.999968 -0.00795299 -1.63286e-06 0.474058
1.60709e-06 3.24557e-06 -1 0.187402
0 0 0 1
0.00981846 -0.999952 -3.98909e-06 -0.247757
-0.999952 -0.00981846 -2.01959e-06 0.474072
1.98033e-06 4.00872e-06 -1 0.189262
0 0 0 1
0.0118803 -0.999929 -4.82427e-06 -0.247286
-0.999929 -0.0118803 -2.44868e-06 0.474087
2.39119e-06 4.85302e-06 -1 0.191107
0 0 0 1
0.0141384 -0.9999 -5.73797e-06 -0.24677
-0.9999 -0.0141384 -2.92061e-06 0.474103
2.83919e-06 5.77869e-06 -1 0.192938
0 0 0 1
0.0165927 -0.999862 -6.72992e-06 -0.246209
-0.999862 -0.0165927 -3.43591e-06 0.474121
3.32377e-06 6.78601e-06 -1 0.194753
0 0 0 1
0.0192434 -0.999815 -7.7998e-06 -0.245604
-0.999815 -0.0192434 -3.99517e-06 0.474141
3.84434e-06 7.87524e-06 -1 0.196554
0 0 0 1
0.0220902 -0.999756 -8.94728e-06 -0.244953
-0.999756 -0.0220902 -4.59902e-06 0.474162
4.40025e-06 9.04669e-06 -1 0.19834
0 0 0 1
0.0251331 -0.999684 -1.0172e-05 -0.244258
-0.999684 -0.0251331 -5.24812e-06 0.474184
4.99081e-06 1.03007e-05 -1 0.200112
0 0 0 1
0.0283721 -0.999597 -1.14735e-05 -0.243518
-0.999597 -0.0283721 -5.94319e-06 0.474208
5.61527e-06 1.16375e-05 -1 0.201868
0 0 0 1
0.0318071 -0.999494 -1.28515e-05 -0.242733
-0.999494 -0.0318071 -6.68499e-06 0.474233
6.27284e-06 1.30576e-05 -1 0.20361
0 0 0 1
0.035438 -0.999372 -1.43054e-05 -0.241903
-0.999372 -0.035438 -7.47433e-06 0.474259
6.96268e-06 1.45613e-05 -1 0.205337
0 0 0 1
0.0392646 -0.999229 -1.58348e-05 -0.241028
-0.999229 -0.0392646 -8.31204e-06 0.474287
7.68388e-06 1.61489e-05 -1 0.207049
0 0 0 1
0.0432868 -0.999063 -1.74391e-05 -0.240108
-0.999063 -0.0432868 -9.19902e-06 0.474317
8.43551e-06 1.7821e-05 -1 0.208747
0 0 0 1
0.0475045 -0.998871 -1.91179e-05 -0.239144
-0.998871 -0.0475045 -1.01362e-05 0.474348
9.21657e-06 1.95778e-05 -1 0.21043
0 0 0 1
0.0519175 -0.998651 -2.08705e-05 -0.238134
-0.998651 -0.0519175 -1.11245e-05 0.47438
1.0026e-05 2.14199e-05 -1 0.212098
0 0 0 1
0.0565255 -0.998401 -2.26963e-05 -0.23708
-0.998401 -0.0565255 -1.21651e-05 0.474414
1.08627e-05 2.33476e-05 -1 0.213751
0 0 0 1
0.0613283 -0.998118 -2.45946e-05 -0.235981
-0.998118 -0.0613283 -1.32589e-05 0.474449
1.17255e-05 2.53615e-05 -1 0.21539
0 0 0 1
0.0663256 -0.997798 -2.65648e-05 -0.234837
-0.997798 -0.0663256 -1.4407e-05 0.474485
1.26133e-05 2.74619e-05 -1 0.217014
0 0 0 1
0.0715171 -0.997439 -2.86062e-05 -0.233648
-0.997439 -0.0715171 -1.56105e-05 0.474523
1.35247e-05 2.96494e-05 -1 0.218623
0 0 0 1
0.0769025 -0.997039 -3.0718e-05 -0.232415
-0.997039 -0.0769025 -1.68707e-05 0.474563
1.44585e-05 3.19244e-05 -1 0.220217
0 0 0 1
0.0824814 -0.996593 -3.28993e-05 -0.231136
-0.996593 -0.0824814 -1.81887e-05 0.474604
1.54132e-05 3.42874e-05 -1 0.221797
0 0 0 1
0.0882533 -0.996098 -3.51494e-05 -0.229813
-0.996098 -0.0882533 -1.95659e-05 0.474646
1.63875e-05 3.6739e-05 -1 0.223361
0 0 0 1
0.0942177 -0.995552 -3.74673e-05 -0.228445
-0.995552 -0.0942177 -2.10033e-05 0.47469
1.73798e-05 3.92795e-05 -1 0.224911
0 0 0 1
0.100374 -0.99495 -3.98521e-05 -0.227032
-0.99495 -0.100374 -2.25025e-05 0.474735
1.83887e-05 4.19095e-05 -1 0.226447
0 0 0 1
0.106722 -0.994289 -4.23029e-05 -0.225574
-0.994289 -0.106722 -2.40647e-05 0.474782
1.94126e-05 4.46295e-05 -1 0.227967
0 0 0 1
0.113261 -0.993565 -4.48185e-05 -0.224071
-0.993565 -0.113261 -2.56912e-05 0.47483
2.04498e-05 4.744e-05 -1 0.229473
0 0 0 1
0.119989 -0.992775 -4.73981e-05 -0.222523
-0.992775 -0.119989 -2.73836e-05 0.47488
2.14985e-05 5.03414e-05 -1 0.230964
0 0 0 1
0.126907 -0.991915 -5.00404e-05 -0.220931
-0.991915 -0.126907 -2.91433e-05 0.474931
2.25572e-05 5.33342e-05 -1 0.232441
0 0 0 1
0.134014 -0.990979 -5.27442e-05 -0.219293
-0.990979 -0.134014 -3.09717e-05 0.474983
2.36238e-05 5.6419e-05 -1 0.233902
0 0 0 1
0.141308 -0.989966 -5.55084e-05 -0.217611
-0.989966 -0.141307 -3.28703e-05 0.475037
2.46967e-05 5.95962e-05 -1 0.235349
0 0 0 1
0.148788 -0.988869 -5.83317e-05 -0.215884
-0.988869 -0.148788 -3.48406e-05 0.475092
2.57738e-05 6.28663e-05 -1 0.236781
0 0 0 1
0.156454 -0.987685 -6.12127e-05 -0.214112
-0.987685 -0.156454 -3.68843e-05 0.475149
2.68531e-05 6.62296e-05 -1 0.238198
0 0 0 1
0.164304 -0.98641 -6.41502e-05 -0.212295
-0.98641 -0.164304 -3.90028e-05 0.475207
2.79326e-05 6.96867e-05 -1 0.239601
0 0 0 1
0.172337 -0.985038 -6.71426e-05 -0.210433
-0.985038 -0.172337 -4.11978e-05 0.475267
2.90103e-05 7.32379e-05 -1 0.240989
0 0 0 1
0.180552 -0.983565 -7.01884e-05 -0.208527
-0.983565 -0.180552 -4.34709e-05 0.475328
3.00838e-05 7.68837e-05 -1 0.242362
0 0 0 1
0.188947 -0.981987 -7.32862e-05 -0.206575
-0.981987 -0.188947 -4.58238e-05 0.47539
3.11511e-05 8.06244e-05 -1 0.24372
0 0 0 1
0.197521 -0.980299 -7.64343e-05 -0.204579
-0.980299 -0.197521 -4.8258e-05 0.475454
3.22098e-05 8.44604e-05 -1 0.245063
0 0 0 1
0.206272 -0.978495 -7.96309e-05 -0.202538
-0.978495 -0.206272 -5.07752e-05 0.475519
3.32576e-05 8.8392e-05 -1 0.246392
0 0 0 1
0.215199 -0.97657 -8.28745e-05 -0.200452
-0.97657 -0.215199 -5.33772e-05 0.475586
3.42921e-05 9.24195e-05 -1 0.247706
0 0 0 1
0.224298 -0.974521 -8.61632e-05 -0.198321
-0.974521 -0.224298 -5.60656e-05 0.475654
3.53108e-05 9.65432e-05 -1 0.249005
0 0 0 1
0.23357 -0.97234 -8.9495e-05 -0.196145
-0.97234 -0.23357 -5.88421e-05 0.475724
3.63113e-05 0.000100763 -1 0.25029
0 0 0 1
0.24301 -0.970024 -9.28682e-05 -0.193925
-0.970024 -0.24301 -6.17085e-05 0.475795
3.72908e-05 0.00010508 -1 0.25156
0 0 0 1
0.252618 -0.967566 -9.62806e-05 -0.191659
-0.967566 -0.252618 -6.46664e-05 0.475868
3.82469e-05 0.000109494 -1 0.252815
0 0 0 1
0.26239 -0.964962 -9.97302e-05 -0.189349
-0.964962 -0.26239 -6.77176e-05 0.475942
3.91768e-05 0.000114004 -1 0.254055
0 0 0 1
0.272324 -0.962206 -0.000103215 -0.186994
-0.962206 -0.272324 -7.08638e-05 0.476017
4.00777e-05 0.000118612 -1 0.255281
0 0 0 1
0.282418 -0.959292 -0.000106732 -0.184594
-0.959292 -0.282418 -7.41067e-05 0.476094
4.09469e-05 0.000123316 -1 0.256491
0 0 0 1
0.292668 -0.956214 -0.00011028 -0.182149
-0.956214 -0.292668 -7.7448e-05 0.476172
4.17814e-05 0.000128118 -1 0.257687
0 0 0 1
0.303072 -0.952968 -0.000113856 -0.179659
-0.952968 -0.303072 -8.08895e-05 0.476252
4.25784e-05 0.000133017 -1 0.258869
0 0 0 1
0.313627 -0.949546 -0.000117458 -0.177124
-0.949546 -0.313627 -8.44328e-05 0.476333
4.33349e-05 0.000138012 -1 0.260035
0 0 0 1
0.324328 -0.945945 -0.000121083 -0.174545
-0.945945 -0.324328 -8.80796e-05 0.476415
4.40478e-05 0.000143104 -1 0.261187
0 0 0 1
0.335173 -0.942156 -0.000124728 -0.171921
-0.942156 -0.335173 -9.18316e-05 0.476499
4.4714e-05 0.000148293 -1 0.262324
0 0 0 1
0.346159 -0.938176 -0.000128392 -0.169251
-0.938176 -0.346159 -9.56904e-05 0.476585
4.53305e-05 0.000153578 -1 0.263446
0 0 0 1
0.35728 -0.933997 -0.00013207 -0.166537
-0.933997 -0.35728 -9.96577e-05 0.476672
4.58939e-05 0.000158959 -1 0.264554
0 0 0 1
0.368534 -0.929614 -0.000135761 -0.163778
-0.929614 -0.368534 -0.000103735 0.47676
4.64011e-05 0.000164435 -1 0.265646
0 0 0 1
0.379915 -0.925021 -0.000139461 -0.160975
-0.925021 -0.379915 -0.000107924 0.47685
4.68488e-05 0.000170006 -1 0.266724
0 0 0 1
0.39142 -0.920212 -0.000143167 -0.158126
-0.920212 -0.39142 -0.000112226 0.476941
4.72336e-05 0.000175672 -1 0.267788
0 0 0 1
0.403044 -0.915181 -0.000146876 -0.155232
-0.915181 -0.403044 -0.000116643 0.477034
4.7552e-05 0.000181431 -1 0.268836
0 0 0 1
0.414782 -0.909921 -0.000150586 -0.152294
-0.909921 -0.414782 -0.000121176 0.477128
4.78008e-05 0.000187283 -1 0.26987
0 0 0 1
0.426629 -0.904427 -0.000154291 -0.149311
-0.904427 -0.426629 -0.000125827 0.477223
4.79763e-05 0.000193227 -1 0.270889
0 0 0 1
0.438579 -0.898692 -0.000157991 -0.146283
-0.898692 -0.438579 -0.000130597 0.47732
4.8075e-05 0.000199262 -1 0.271893
0 0 0 1
0.450628 -0.892712 -0.00016168 -0.14321
-0.892712 -0.450628 -0.000135487 0.477419
4.80934e-05 0.000205388 -1 0.272883
0 0 0 1
0.46277 -0.886479 -0.000165355 -0.140092
-0.886479 -0.46277 -0.000140499 0.477518
4.80279e-05 0.000211602 -1 0.273857
0 0 0 1
0.474998 -0.879987 -0.000169013 -0.136929
-0.879987 -0.474998 -0.000145634 0.47762
4.78748e-05 0.000217905 -1 0.274817
0 0 0 1
0.487306 -0.873231 -0.00017265 -0.133722
-0.873231 -0.487306 -0.000150892 0.477722
4.76304e-05 0.000224294 -1 0.275762
0 0 0 1
0.499689 -0.866205 -0.000176262 -0.130469
-0.866205 -0.499689 -0.000156276 0.477826
4.7291e-05 0.000230769 -1 0.276693
0 0 0 1
0.512139 -0.858903 -0.000179845 -0.127172
-0.858903 -0.512139 -0.000161786 0.477932
4.68529e-05 0.000237327 -1 0.277609
0 0 0 1
0.524649 -0.851319 -0.000183396 -0.12383
-0.851319 -0.524649 -0.000167423 0.478039
4.63123e-05 0.000243967 -1 0.27851
0 0 0 1
0.537213 -0.843447 -0.000186909 -0.120443
-0.843447 -0.537213 -0.000173189 0.478147
4.56653e-05 0.000250687 -1 0.279396
0 0 0 1
0.549822 -0.835282 -0.000190382 -0.117011
-0.835282 -0.549822 -0.000179083 0.478257
4.49083e-05 0.000257486 -1 0.280267
0 0 0 1
0.56247 -0.826817 -0.000193809 -0.113535
-0.826817 -0.56247 -0.000185106 0.478369
4.40373e-05 0.000264362 -1 0.281124
0 0 0 1
0.575149 -0.818049 -0.000197187 -0.110013
-0.818049 -0.575149 -0.00019126 0.478481
4.30485e-05 0.000271311 -1 0.281966
0 0 0 1
0.587849 -0.80897 -0.00020051 -0.106447
-0.80897 -0.587849 -0.000197545 0.478595
4.1938e-05 0.000278333 -1 0.282793
0 0 0 1
0.600487 -0.799634 0.000773537 -0.102858
-0.799635 -0.600486 0.000529822 0.47871
4.08344e-05 -0.000936699 -1 0.283613
0 0 0 1
0.612974 -0.790103 -0.000926274 -0.0992687
-0.790103 -0.612974 -0.000456596 0.478825
-0.000207024 0.00101173 -0.999999 0.284433
0 0 0 1
0.625311 -0.780376 0.000743817 -0.0956798
-0.780376 -0.62531 0.000547261 0.47894
3.80471e-05 -0.000922665 -1 0.285253
0 0 0 1
0.637492 -0.770456 -0.000905275 -0.092091
-0.770457 -0.637492 -0.000472574 0.479055
-0.000213008 0.000998738 -0.999999 0.286073
0 0 0 1
0.649517 -0.760346 0.000713564 -0.0885022
-0.760347 -0.649517 0.000563758 0.47917
3.48203e-05 -0.000908727 -1 0.286892
0 0 0 1
0.661381 -0.750049 -0.000883785 -0.0849133
-0.75005 -0.661381 -0.000487885 0.479285
-0.000218581 0.00098556 -0.999999 0.287712
0 0 0 1
0.673083 -0.739567 0.000682807 -0.0813245
-0.739567 -0.673083 0.000579296 0.4794
3.11572e-05 -0.000894896 -1 0.288532
0 0 0 1
0.684618 -0.728902 -0.000861824 -0.0777356
-0.728902 -0.684618 -0.000502512 0.479515
-0.000223737 0.000972214 -1 0.289352
0 0 0 1
0.695984 -0.718057 0.000651577 -0.0741468
-0.718057 -0.695984 0.000593861 0.479629
2.70614e-05 -0.000881187 -1 0.290172
0 0 0 1
0.707178 -0.707035 -0.000839414 -0.070558
-0.707035 -0.707178 -0.000516443 0.479744
-0.000228472 0.000958713 -1 0.290992
0 0 0 1
0.718198 -0.695838 0.000619905 -0.0669691
-0.695839 -0.718198 0.000607437 0.479859
2.2537e-05 -0.000867614 -1 0.291811
0 0 0 1
0.72904 -0.68447 -0.000816578 -0.0633803
-0.684471 -0.72904 -0.000529663 0.479974
-0.00023278 0.000945069 -1 0.292631
0 0 0 1
0.739703 -0.672933 0.000587823 -0.0597914
-0.672933 -0.739703 0.000620011 0.480089
1.75884e-05 -0.00085419 -1 0.293451
0 0 0 1
0.750183 -0.66123 -0.000793338 -0.0562026
-0.66123 -0.750183 -0.000542159 0.480204
-0.000236657 0.000931297 -1 0.294271
0 0 0 1
0.760478 -0.649363 0.000555361 -0.0526138
-0.649363 -0.760478 0.000631571 0.480319
1.22205e-05 -0.000840927 -1 0.295091
0 0 0 1
0.770585 -0.637336 -0.000769716 -0.0490249
-0.637337 -0.770585 -0.000553919 0.480434
-0.000240099 0.00091741 -1 0.295911
0 0 0 1
0.780502 -0.625152 0.000522552 -0.0454361
-0.625153 -0.780502 0.000642106 0.480548
6.43871e-06 -0.00082784 -1 0.29673
0 0 0 1
0.790227 -0.612814 -0.000745737 -0.0418472
-0.612814 -0.790227 -0.00056493 0.480663
-0.000243104 0.000903422 -1 0.29755
0 0 0 1
0.799756 -0.600325 0.000489428 -0.0382584
-0.600325 -0.799756 0.000651605 0.480778
2.48587e-07 -0.000814941 -1 0.29837
0 0 0 1
0.809088 -0.587687 -0.000721424 -0.0346696
-0.587687 -0.809088 -0.000575183 0.480893
-0.000245668 0.000889346 -1 0.29919
0 0 0 1
0.818108 -0.575065 -0.00024672 -0.0310912
-0.575065 -0.818108 -0.000339751 0.480946
-6.4642e-06 0.000419833 -1 0.3
0 0 0 1
0.826709 -0.562629 -0.000247911 -0.0275338
-0.562629 -0.826709 -0.000346686 0.480874
-9.89486e-06 0.000426091 -1 0.300789
0 0 0 1
0.834906 -0.550393 -0.000249124 -0.0239974
-0.550393 -0.834906 -0.00035354 0.480677
-1.34096e-05 0.000432289 -1 0.301557
0 0 0 1
0.84271 -0.538368 -0.000250365 -0.020482
-0.538368 -0.84271 -0.000360314 0.480356
-1.7004e-05 0.000438428 -1 0.302305
0 0 0 1
0.850134 -0.526566 -0.00025164 -0.0169875
-0.526566 -0.850134 -0.000367008 0.47991
-2.06738e-05 0.000444511 -1 0.303033
0 0 0 1
0.857191 -0.514999 -0.000252954 -0.013514
-0.514999 -0.857191 -0.000373623 0.479339
-2.44146e-05 0.000450538 -1 0.30374
0 0 0 1
0.863892 -0.503677 -0.000254315 -0.0100615
-0.503677 -0.863892 -0.000380161 0.478644
-2.82222e-05 0.00045651 -1 0.304427
0 0 0 1
0.870251 -0.492609 -0.000255726 -0.00662989
-0.492609 -0.870251 -0.000386621 0.477824
-3.20926e-05 0.00046243 -1 0.305093
0 0 0 1
0.876278 -0.481805 -0.000257194 -0.0032193
-0.481805 -0.876278 -0.000393006 0.47688
-3.60217e-05 0.0004683 -1 0.305738
0 0 0 1
0.881987 -0.471274 -0.000258725 0.000170313
-0.471274 -0.881987 -0.000399315 0.475811
-4.00055e-05 0.000474121 -1 0.306363
0 0 0 1
0.887388 -0.461024 -0.000260323 0.00353896
-0.461024 -0.887388 -0.000405549 0.474617
-4.404e-05 0.000479895 -1 0.306968
0 0 0 1
0.892493 -0.451062 -0.000261995 0.00688663
-0.451062 -0.892492 -0.00041171 0.473299
-4.81214e-05 0.000485624 -1 0.307552
0 0 0 1
0.897312 -0.441397 -0.000263744 0.0102133
-0.441397 -0.897312 -0.000417798 0.471856
-5.2246e-05 0.00049131 -1 0.308116
0 0 0 1
0.901857 -0.432034 -0.000265576 0.0135191
-0.432034 -0.901857 -0.000423813 0.470289
-5.64099e-05 0.000496956 -1 0.308659
0 0 0 1
0.906139 -0.42298 -0.000267495 0.0168038
-0.42298 -0.906139 -0.000429756 0.468597
-6.06095e-05 0.000502564 -1 0.309182
0 0 0 1
0.910167 -0.414241 -0.000269507 0.0200676
-0.414241 -0.910167 -0.000435628 0.46678
-6.48411e-05 0.000508136 -1 0.309684
0 0 0 1
0.913952 -0.405823 -0.000271616 0.0233104
-0.405823 -0.913951 -0.00044143 0.464838
-6.91013e-05 0.000513674 -1 0.310165
0 0 0 1
0.917502 -0.397731 -0.000273826 0.0265323
-0.397731 -0.917502 -0.000447161 0.462772
-7.33864e-05 0.00051918 -1 0.310627
0 0 0 1
0.920828 -0.389969 -0.000276142 0.0297332
-0.389969 -0.920828 -0.000452822 0.460582
-7.76929e-05 0.000524658 -1 0.311067
0 0 0 1
0.923938 -0.382543 -0.000278569 0.0329131
-0.382543 -0.923938 -0.000458413 0.458267
-8.20176e-05 0.000530109 -1 0.311487
0 0 0 1
0.92684 -0.375456 -0.000281109 0.036072
-0.375456 -0.92684 -0.000463934 0.455827
-8.63568e-05 0.000535537 -1 0.311887
0 0 0 1
0.929544 -0.368711 -0.000283768 0.03921
-0.368711 -0.929544 -0.000469385 0.453262
-9.07073e-05 0.000540943 -1 0.312266
0 0 0 1
0.932056 -0.362314 -0.00028655 0.042327
-0.362314 -0.932056 -0.000474767 0.450573
-9.50658e-05 0.00054633 -1 0.312625
0 0 0 1
0.934384 -0.356266 -0.000289457 0.045423
-0.356266 -0.934384 -0.000480078 0.447759
-9.94289e-05 0.000551701 -1 0.312963
0 0 0 1
0.936536 -0.350571 -0.000292495 0.048498
-0.350572 -0.936536 -0.000485318 0.444821
-0.000103793 0.000557058 -1 0.313281
0 0 0 1
0.938517 -0.345232 -0.000295666 0.0515521
-0.345232 -0.938517 -0.000490487 0.441758
-0.000108156 0.000562404 -1 0.313578
0 0 0 1
0.940335 -0.340251 -0.000298975 0.0545852
-0.340251 -0.940334 -0.000495584 0.438571
-0.000112513 0.000567741 -1 0.313855
0 0 0 1
0.941994 -0.335631 -0.000302425 0.0575974
-0.335631 -0.941993 -0.000500608 0.435258
-0.000116863 0.000573073 -1 0.314111
0 0 0 1
0.9435 -0.331373 -0.000306018 0.0605885
-0.331373 -0.9435 -0.000505559 0.431822
-0.0001212 0.000578401 -1 0.314347
0 0 0 1
0.944858 -0.327479 -0.00030976 0.0635587
-0.327479 -0.944858 -0.000510434 0.42826
-0.000125523 0.000583728 -1 0.314562
0 0 0 1
0.946074 -0.323951 -0.000313652 0.066508
-0.323951 -0.946074 -0.000515233 0.424574
-0.000129828 0.000589057 -1 0.314757
0 0 0 1
0.94715 -0.320791 -0.000317699 0.0694362
-0.320791 -0.94715 -0.000519955 0.420763
-0.000134111 0.00059439 -1 0.314931
0 0 0 1
0.948091 -0.318 -0.000321902 0.0723435
-0.318 -0.948091 -0.000524596 0.416828
-0.000138371 0.00059973 -1 0.315085
0 0 0 1
0.948899 -0.315578 -0.000326265 0.0752298
-0.315578 -0.948899 -0.000529157 0.412768
-0.000142603 0.000605079 -1 0.315218
0 0 0 1
0.949579 -0.313528 -0.000330791 0.0780951
-0.313528 -0.949579 -0.000533634 0.408583
-0.000146804 0.00061044 -1 0.31533
0 0 0 1
0.950132 -0.311849 -0.000335483 0.0809395
-0.311849 -0.950131 -0.000538025 0.404274
-0.000150971 0.000615815 -1 0.315423
0 0 0 1
0.950559 -0.310543 -0.000340343 0.0837629
-0.310543 -0.950559 -0.000542328 0.39984
-0.000155101 0.000621206 -1 0.315494
0 0 0 1
0.950864 -0.309609 -0.000345374 0.0865653
-0.309609 -0.950864 -0.00054654 0.395282
-0.00015919 0.000626617 -1 0.315546
0 0 0 1
0.951046 -0.309049 -0.000350578 0.0893468
-0.309049 -0.951046 -0.000550659 0.390599
-0.000163236 0.000632048 -1 0.315576
0 0 0 1
0.951107 -0.308862 -0.000355958 0.0921073
-0.308862 -0.951107 -0.000554681 0.385791
-0.000167234 0.000637503 -1 0.315587
0 0 0 1
0.951046 -0.309049 -0.000361516 0.0948469
-0.309049 -0.951046 -0.000558604 0.380859
-0.000171183 0.000642984 -1 0.315576
0 0 0 1
0.950864 -0.309609 -0.000367254 0.0975655
-0.309609 -0.950864 -0.000562423 0.375802
-0.000175077 0.000648493 -1 0.315546
0 0 0 1
0.950559 -0.310542 -0.000373174 0.100263
-0.310543 -0.950559 -0.000566135 0.37062
-0.000178915 0.000654032 -1 0.315494
0 0 0 1
0.950132 -0.311849 -0.000379277 0.10294
-0.311849 -0.950132 -0.000569737 0.365314
-0.000182692 0.000659602 -1 0.315423
0 0 0 1
0.949579 -0.313528 -0.000385567 0.105595
-0.313528 -0.949579 -0.000573223 0.359883
-0.000186405 0.000665207 -1 0.31533
0 0 0 1
0.9489 -0.315578 -0.000392043 0.10823
-0.315578 -0.948899 -0.000576591 0.354327
-0.00019005 0.000670847 -1 0.315218
0 0 0 1
0.948091 -0.318 -0.000398708 0.110844
-0.318 -0.948091 -0.000579834 0.348647
-0.000193624 0.000676524 -1 0.315085
0 0 0 1
0.94715 -0.320791 -0.000405563 0.113437
-0.320791 -0.94715 -0.000582949 0.342842
-0.000197124 0.000682241 -1 0.314931
0 0 0 1
0.946074 -0.323951 -0.000412609 0.116008
-0.323951 -0.946074 -0.00058593 0.336913
-0.000200545 0.000687999 -1 0.314757
0 0 0 1
0.944858 -0.327479 -0.000419846 0.118559
-0.327479 -0.944858 -0.000588773 0.330859
-0.000203884 0.000693798 -1 0.314562
0 0 0 1
0.9435 -0.331373 -0.000427277 0.121089
-0.331373 -0.9435 -0.000591472 0.32468
-0.000207138 0.000699642 -1 0.314347
0 0 0 1
0.941993 -0.335631 -0.000434901 0.123598
-0.335631 -0.941993 -0.000594021 0.318377
-0.000210302 0.00070553 -1 0.314111
0 0 0 1
0.940334 -0.340252 -0.000442719 0.126086
-0.340252 -0.940334 -0.000596414 0.311949
-0.000213373 0.000711464 -1 0.313855
0 0 0 1
0.938517 -0.345233 -0.000450731 0.128553
-0.345233 -0.938517 -0.000598645 0.305396
-0.000216346 0.000717446 -1 0.313578
0 0 0 1
0.936536 -0.350572 -0.000458936 0.130999
-0.350572 -0.936535 -0.000600709 0.298719
-0.000219218 0.000723476 -1 0.313281
0 0 0 1
0.934384 -0.356267 -0.000467336 0.133424
-0.356267 -0.934384 -0.000602598 0.291917
-0.000221985 0.000729554 -1 0.312963
0 0 0 1
0.932056 -0.362315 -0.000475929 0.135828
-0.362315 -0.932055 -0.000604305 0.284991
-0.000224643 0.000735683 -1 0.312625
0 0 0 1
0.929543 -0.368713 -0.000484715 0.138211
-0.368713 -0.929543 -0.000605825 0.27794
-0.000227188 0.000741861 -1 0.312266
0 0 0 1
0.92684 -0.375457 -0.000493692 0.140573
-0.375457 -0.926839 -0.000607149 0.270764
-0.000229615 0.00074809 -1 0.311887
0 0 0 1
0.923937 -0.382545 -0.00050286 0.142914
-0.382545 -0.923937 -0.00060827 0.263464
-0.00023192 0.000754369 -1 0.311487
0 0 0 1
0.920827 -0.389971 -0.000512217 0.145234
-0.389972 -0.920827 -0.00060918 0.256039
-0.0002341 0.0007607 -1 0.311067
0 0 0 1
0.917501 -0.397733 -0.000521761 0.147533
-0.397734 -0.917501 -0.000609873 0.248489
-0.000236149 0.000767081 -1 0.310626
0 0 0 1
0.91395 -0.405826 -0.00053149 0.149812
-0.405826 -0.91395 -0.000610339 0.240815
-0.000238064 0.000773512 -1 0.310165
0 0 0 1
0.910166 -0.414244 -0.000541402 0.152069
-0.414245 -0.910165 -0.000610571 0.233016
-0.00023984 0.000779994 -1 0.309684
0 0 0 1
0.906137 -0.422983 -0.000551494 0.154305
-0.422984 -0.906137 -0.000610561 0.225093
-0.000241472 0.000786525 -1 0.309181
0 0 0 1
0.901856 -0.432037 -0.000561763 0.15652
-0.432038 -0.901855 -0.000610299 0.217045
-0.000242957 0.000793104 -1 0.308659
0 0 0 1
0.89731 -0.441401 -0.000572205 0.158715
-0.441401 -0.89731 -0.000609777 0.208872
-0.000244289 0.000799731 -1 0.308116
0 0 0 1
0.89249 -0.451067 -0.000582817 0.160888
-0.451067 -0.89249 -0.000608987 0.200574
-0.000245465 0.000806404 -1 0.307552
0 0 0 1
0.887385 -0.461028 -0.000593594 0.16304
-0.461029 -0.887385 -0.000607919 0.192152
-0.000246479 0.000813122 -1 0.306968
0 0 0 1
0.881984 -0.471279 -0.000604532 0.165172
-0.471279 -0.881984 -0.000606564 0.183606
-0.000247327 0.000819884 -1 0.306363
0 0 0 1
0.876275 -0.481811 -0.000615627 0.167282
-0.481811 -0.876275 -0.000604914 0.174935
-0.000248004 0.000826687 -1 0.305738
0 0 0 1
0.870247 -0.492615 -0.000626871 0.169372
-0.492615 -0.870247 -0.000602958 0.166139
-0.000248506 0.000833529 -1 0.305092
0 0 0 1
0.863888 -0.503683 -0.00063826 0.17144
-0.503683 -0.863888 -0.000600688 0.157218
-0.000248829 0.000840408 -1 0.304426
0 0 0 1
0.857186 -0.515006 -0.000649787 0.173488
-0.515006 -0.857186 -0.000598093 0.148173
-0.000248967 0.000847321 -1 0.30374
0 0 0 1
0.850129 -0.526574 -0.000661445 0.175514
-0.526574 -0.850129 -0.000595165 0.139003
-0.000248916 0.000854267 -1 0.303032
0 0 0 1
0.842705 -0.538376 -0.000673228 0.17752
-0.538376 -0.842705 -0.000591893 0.129709
-0.000248671 0.00086124 -1 0.302305
0 0 0 1
0.8349 -0.550401 -0.000685126 0.179504
-0.550401 -0.8349 -0.000588268 0.12029
-0.000248229 0.00086824 -1 0.301557
0 0 0 1
0.826703 -0.562638 -0.000697133 0.181468
-0.562638 -0.826703 -0.000584281 0.110746
-0.000247583 0.00087526 -1 0.300788
0 0 0 1
0.818101 -0.575074 -0.000709238 0.183411
-0.575074 -0.818101 -0.000579921 0.101078
-0.000246731 0.000882299 -1 0.299999
0 0 0 1
0.80908 -0.587698 -0.000245542 0.185332
-0.587698 -0.80908 -0.000332729 0.0912841
-3.11929e-06 0.000413509 -1 0.299189
0 0 0 1
0.799748 -0.600336 -0.000244316 0.187244
-0.600336 -0.799748 -0.000325681 0.081429
1.26966e-07 0.000407134 -1 0.298369
0 0 0 1
0.790218 -0.612826 -0.000242978 0.189155
-0.612826 -0.790218 -0.000318653 0.0715739
3.27267e-06 0.000400708 -1 0.29755
0 0 0 1
0.780493 -0.625164 -0.000241531 0.191066
-0.625164 -0.780493 -0.000311646 0.0617188
6.31705e-06 0.000394234 -1 0.29673
0 0 0 1
0.770576 -0.637348 -0.000239973 0.192977
-0.637348 -0.770576 -0.000304664 0.0518637
9.25934e-06 0.000387713 -1 0.29591
0 0 0 1
0.760468 -0.649375 -0.000238307 0.194888
-0.649375 -0.760468 -0.000297707 0.0420086
1.20988e-05 0.000381147 -1 0.29509
0 0 0 1
0.750173 -0.661242 -0.000236531 0.1968
-0.661242 -0.750173 -0.000290777 0.0321535
1.48348e-05 0.000374537 -1 0.29427
0 0 0 1
0.739692 -0.672945 -0.000234646 0.198711
-0.672945 -0.739692 -0.000283875 0.0222984
1.74666e-05 0.000367884 -1 0.29345
0 0 0 1
0.729029 -0.684482 -0.000232653 0.200622
-0.684483 -0.729029 -0.000277004 0.0124432
1.99936e-05 0.000361191 -1 0.29263
0 0 0 1
0.718186 -0.695851 -0.000230553 0.202533
-0.695851 -0.718186 -0.000270165 0.00258813
2.24151e-05 0.000354459 -1 0.291811
0 0 0 1
0.707166 -0.707047 -0.000228345 0.204444
-0.707048 -0.707166 -0.00026336 -0.00726698
2.47305e-05 0.00034769 -1 0.290991
0 0 0 1
0.695971 -0.71807 -0.000226031 0.206356
-0.71807 -0.695971 -0.000256591 -0.0171221
2.69394e-05 0.000340886 -1 0.290171
0 0 0 1
0.684605 -0.728914 -0.00022361 0.208267
-0.728915 -0.684605 -0.000249859 -0.0269772
2.9041e-05 0.000334047 -1 0.289351
0 0 0 1
0.673069 -0.739579 -0.000221084 0.210178
-0.73958 -0.673069 -0.000243165 -0.0368323
3.1035e-05 0.000327177 -1 0.288531
0 0 0 1
0.661368 -0.750062 -0.000218454 0.212089
-0.750062 -0.661368 -0.000236512 -0.0466874
3.29208e-05 0.000320275 -1 0.287711
0 0 0 1
0.649503 -0.760359 -0.000215719 0.214
-0.760359 -0.649503 -0.000229902 -0.0565425
3.46979e-05 0.000313346 -1 0.286891
0 0 0 1
0.637477 -0.770469 -0.00021288 0.215912
-0.770469 -0.637477 -0.000223335 -0.0663976
3.6366e-05 0.000306389 -1 0.286072
0 0 0 1
0.625295 -0.780388 -0.000209939 0.217823
-0.780388 -0.625295 -0.000216813 -0.0762528
3.79245e-05 0.000299406 -1 0.285252
0 0 0 1
0.612958 -0.790115 -0.000206896 0.219734
-0.790115 -0.612958 -0.000210339 -0.0861079
3.93732e-05 0.0002924 -1 0.284432
0 0 0 1
0.60047 -0.799647 -0.000203751 0.221645
-0.799647 -0.60047 -0.000203913 -0.095963
4.07116e-05 0.000285373 -1 0.283612
0 0 0 1
0.587834 -0.808982 -0.000200506 0.223556
-0.808982 -0.587834 -0.000197537 -0.105818
4.19395e-05 0.000278325 -1 0.282792
0 0 0 1
0.575133 -0.81806 -0.000197182 0.225456
-0.81806 -0.575133 -0.000191252 -0.115611
4.30498e-05 0.000271303 -1 0.281965
0 0 0 1
0.562454 -0.826828 -0.000193805 0.227331
-0.826828 -0.562454 -0.000185099 -0.125282
4.40385e-05 0.000264353 -1 0.281123
0 0 0 1
0.549806 -0.835292 -0.000190377 0.229182
-0.835292 -0.549806 -0.000179075 -0.134829
4.49094e-05 0.000257477 -1 0.280266
0 0 0 1
0.537196 -0.843457 -0.000186905 0.23101
-0.843457 -0.537196 -0.000173181 -0.144252
4.56663e-05 0.000250678 -1 0.279395
0 0 0 1
0.524632 -0.851329 -0.000183391 0.232814
-0.851329 -0.524632 -0.000167416 -0.153553
4.63131e-05 0.000243958 -1 0.278508
0 0 0 1
0.512121 -0.858913 -0.00017984 0.234593
-0.858913 -0.512121 -0.000161778 -0.16273
4.68536e-05 0.000237317 -1 0.277607
0 0 0 1
0.499671 -0.866215 -0.000176257 0.236349
-0.866215 -0.499671 -0.000156268 -0.171784
4.72915e-05 0.000230759 -1 0.276692
0 0 0 1
0.487289 -0.873241 -0.000172645 0.238081
-0.873241 -0.487288 -0.000150885 -0.180715
4.76308e-05 0.000224285 -1 0.275761
0 0 0 1
0.47498 -0.879997 -0.000169008 0.239789
-0.879997 -0.47498 -0.000145626 -0.189523
4.78751e-05 0.000217896 -1 0.274816
0 0 0 1
0.462752 -0.886488 -0.00016535 0.241474
-0.886488 -0.462752 -0.000140491 -0.198208
4.80281e-05 0.000211593 -1 0.273856
0 0 0 1
0.45061 -0.892721 -0.000161674 0.243134
-0.892721 -0.45061 -0.00013548 -0.206769
4.80935e-05 0.000205378 -1 0.272881
0 0 0 1
0.438561 -0.898701 -0.000157985 0.24477
-0.898701 -0.438561 -0.00013059 -0.215208
4.80749e-05 0.000199253 -1 0.271892
0 0 0 1
0.42661 -0.904435 -0.000154286 0.246383
-0.904436 -0.42661 -0.00012582 -0.223523
4.7976e-05 0.000193218 -1 0.270887
0 0 0 1
0.414763 -0.909929 -0.00015058 0.247971
-0.909929 -0.414763 -0.000121169 -0.231714
4.78004e-05 0.000187273 -1 0.269868
0 0 0 1
0.403025 -0.915189 -0.00014687 0.249536
-0.915189 -0.403025 -0.000116636 -0.239783
4.75516e-05 0.000181421 -1 0.268834
0 0 0 1
0.391402 -0.92022 -0.000143161 0.251077
-0.92022 -0.391401 -0.000112219 -0.247729
4.7233e-05 0.000175662 -1 0.267786
0 0 0 1
0.379896 -0.925029 -0.000139455 0.252594
-0.925029 -0.379896 -0.000107917 -0.255551
4.68481e-05 0.000169997 -1 0.266723
0 0 0 1
0.368515 -0.929622 -0.000135755 0.254087
-0.929622 -0.368515 -0.000103728 -0.26325
4.64003e-05 0.000164426 -1 0.265645
0 0 0 1
0.357261 -0.934004 -0.000132064 0.255556
-0.934004 -0.357261 -9.96509e-05 -0.270826
4.5893e-05 0.00015895 -1 0.264552
0 0 0 1
0.34614 -0.938183 -0.000128386 0.257002
-0.938183 -0.34614 -9.56837e-05 -0.278279
4.53295e-05 0.000153569 -1 0.263444
0 0 0 1
0.335154 -0.942163 -0.000124722 0.258423
-0.942163 -0.335154 -9.1825e-05 -0.285608
4.47129e-05 0.000148284 -1 0.262322
0 0 0 1
0.324309 -0.945951 -0.000121077 0.259821
-0.945951 -0.324309 -8.80731e-05 -0.292814
4.40466e-05 0.000143095 -1 0.261185
0 0 0 1
0.313608 -0.949553 -0.000117452 0.261194
-0.949553 -0.313608 -8.44264e-05 -0.299898
4.33336e-05 0.000138003 -1 0.260033
0 0 0 1
0.303053 -0.952974 -0.00011385 0.262544
-0.952974 -0.303053 -8.08832e-05 -0.306857
4.2577e-05 0.000133008 -1 0.258866
0 0 0 1
0.292649 -0.95622 -0.000110274 0.26387
-0.95622 -0.292649 -7.74418e-05 -0.313694
4.17799e-05 0.000128109 -1 0.257685
0 0 0 1
0.282399 -0.959297 -0.000106726 0.265172
-0.959297 -0.282399 -7.41006e-05 -0.320408
4.09453e-05 0.000123308 -1 0.256489
0 0 0 1
0.272305 -0.962211 -0.000103208 0.26645
-0.962211 -0.272305 -7.08578e-05 -0.326998
4.0076e-05 0.000118603 -1 0.255278
0 0 0 1
0.262371 -0.964967 -9.97236e-05 0.267704
-0.964967 -0.262371 -6.77117e-05 -0.333465
3.9175e-05 0.000113996 -1 0.254053
0 0 0 1
0.252599 -0.967571 -9.6274e-05 0.268934
-0.967571 -0.252599 -6.46606e-05 -0.339809
3.82451e-05 0.000109485 -1 0.252812
0 0 0 1
0.242991 -0.970028 -9.28615e-05 0.270141
-0.970028 -0.242991 -6.17028e-05 -0.34603
3.72889e-05 0.000105072 -1 0.251557
0 0 0 1
0.233551 -0.972345 -8.94884e-05 0.271323
-0.972345 -0.233551 -5.88366e-05 -0.352128
3.63093e-05 0.000100755 -1 0.250287
0 0 0 1
0.22428 -0.974525 -8.61565e-05 0.272482
-0.974525 -0.22428 -5.60601e-05 -0.358102
3.53088e-05 9.65349e-05 -1 0.249003
0 0 0 1
0.21518 -0.976574 -8.28679e-05 0.273616
-0.976574 -0.21518 -5.33719e-05 -0.363953
3.429e-05 9.24112e-05 -1 0.247704
0 0 0 1
0.206254 -0.978498 -7.96243e-05 0.274727
-0.978498 -0.206254 -5.077e-05 -0.369681
3.32555e-05 8.83838e-05 -1 0.246389
0 0 0 1
0.197503 -0.980302 -7.64277e-05 0.275814
-0.980302 -0.197503 -4.82528e-05 -0.375286
3.22076e-05 8.44523e-05 -1 0.245061
0 0 0 1
0.18893 -0.981991 -7.32796e-05 0.276877
-0.981991 -0.18893 -4.58187e-05 -0.380768
3.11489e-05 8.06164e-05 -1 0.243717
0 0 0 1
0.180535 -0.983569 -7.01819e-05 0.277916
-0.983569 -0.180535 -4.3466e-05 -0.386126
3.00816e-05 7.68759e-05 -1 0.242359
0 0 0 1
0.17232 -0.985041 -6.71361e-05 0.278932
-0.985041 -0.17232 -4.1193e-05 -0.391361
2.9008e-05 7.32302e-05 -1 0.240986
0 0 0 1
0.164287 -0.986413 -6.41437e-05 0.279923
-0.986413 -0.164287 -3.89982e-05 -0.396474
2.79303e-05 6.96791e-05 -1 0.239598
0 0 0 1
0.156437 -0.987688 -6.12064e-05 0.280891
-0.987688 -0.156437 -3.68797e-05 -0.401462
2.68507e-05 6.62221e-05 -1 0.238195
0 0 0 1
0.148771 -0.988872 -5.83254e-05 0.281834
-0.988872 -0.148771 -3.48362e-05 -0.406328
2.57714e-05 6.28589e-05 -1 0.236778
0 0 0 1
0.141291 -0.989968 -5.55021e-05 0.282754
-0.989968 -0.141291 -3.28659e-05 -0.411071
2.46943e-05 5.9589e-05 -1 0.235346
0 0 0 1
0.133997 -0.990982 -5.2738e-05 0.28365
-0.990982 -0.133997 -3.09674e-05 -0.41569
2.36214e-05 5.6412e-05 -1 0.233899
0 0 0 1
0.126891 -0.991917 -5.00342e-05 0.284522
-0.991917 -0.126891 -2.91392e-05 -0.420186
2.25547e-05 5.33273e-05 -1 0.232437
0 0 0 1
0.119973 -0.992777 -4.7392e-05 0.28537
-0.992777 -0.119973 -2.73796e-05 -0.424559
2.14961e-05 5.03346e-05 -1 0.230961
0 0 0 1
0.113245 -0.993567 -4.48126e-05 0.286194
-0.993567 -0.113245 -2.56874e-05 -0.428809
2.04473e-05 4.74333e-05 -1 0.22947
0 0 0 1
0.106707 -0.994291 -4.2297e-05 0.286994
-0.994291 -0.106707 -2.40609e-05 -0.432935
1.94101e-05 4.4623e-05 -1 0.227964
0 0 0 1
0.100359 -0.994951 -3.98463e-05 0.28777
-0.994951 -0.100359 -2.24988e-05 -0.436938
1.83863e-05 4.19031e-05 -1 0.226443
0 0 0 1
0.0942031 -0.995553 -3.74616e-05 0.288523
-0.995553 -0.0942031 -2.09998e-05 -0.440819
1.73774e-05 3.92733e-05 -1 0.224908
0 0 0 1
0.088239 -0.996099 -3.51438e-05 0.289252
-0.996099 -0.088239 -1.95624e-05 -0.444576
1.63851e-05 3.67329e-05 -1 0.223358
0 0 0 1
0.0824674 -0.996594 -3.28938e-05 0.289956
-0.996594 -0.0824674 -1.81854e-05 -0.448209
1.54108e-05 3.42815e-05 -1 0.221793
0 0 0 1
0.0768889 -0.99704 -3.07126e-05 0.290637
-0.99704 -0.0768889 -1.68675e-05 -0.45172
1.44561e-05 3.19186e-05 -1 0.220213
0 0 0 1
0.0715039 -0.99744 -2.8601e-05 0.291294
-0.99744 -0.0715039 -1.56074e-05 -0.455107
1.35224e-05 2.96438e-05 -1 0.218619
0 0 0 1
0.0663127 -0.997799 -2.65598e-05 0.291927
-0.997799 -0.0663127 -1.4404e-05 -0.458371
1.2611e-05 2.74565e-05 -1 0.21701
0 0 0 1
0.0613157 -0.998118 -2.45897e-05 0.292536
-0.998118 -0.0613157 -1.3256e-05 -0.461512
1.17233e-05 2.53562e-05 -1 0.215386
0 0 0 1
0.0565133 -0.998402 -2.26915e-05 0.293121
-0.998402 -0.0565133 -1.21623e-05 -0.46453
1.08605e-05 2.33425e-05 -1 0.213747
0 0 0 1
0.0519057 -0.998652 -2.08658e-05 0.293683
-0.998652 -0.0519057 -1.11219e-05 -0.467425
1.00239e-05 2.1415e-05 -1 0.212094
0 0 0 1
0.0474932 -0.998872 -1.91134e-05 0.29422
-0.998872 -0.0474932 -1.01337e-05 -0.470196
9.21448e-06 1.95731e-05 -1 0.210425
0 0 0 1
0.0432759 -0.999063 -1.74348e-05 0.294734
-0.999063 -0.0432759 -9.1966e-06 -0.472845
8.43348e-06 1.78164e-05 -1 0.208743
0 0 0 1
0.0392541 -0.999229 -1.58306e-05 0.295223
-0.999229 -0.0392541 -8.30973e-06 -0.47537
7.68191e-06 1.61446e-05 -1 0.207045
0 0 0 1
0.0354279 -0.999372 -1.43014e-05 0.295689
-0.999372 -0.0354279 -7.47213e-06 -0.477771
6.96077e-06 1.45571e-05 -1 0.205332
0 0 0 1
0.0317975 -0.999494 -1.28476e-05 0.296131
-0.999494 -0.0317975 -6.68291e-06 -0.48005
6.271e-06 1.30536e-05 -1 0.203605
0 0 0 1
0.0283629 -0.999598 -1.14698e-05 0.296549
-0.999598 -0.0283629 -5.94122e-06 -0.482206
5.61351e-06 1.16337e-05 -1 0.201863
0 0 0 1
0.0251244 -0.999684 -1.01685e-05 0.296943
-0.999684 -0.0251244 -5.24626e-06 -0.484238
4.98912e-06 1.02971e-05 -1 0.200107
0 0 0 1
0.0220819 -0.999756 -8.94395e-06 0.297313
-0.999756 -0.0220819 -4.59727e-06 -0.486147
4.39864e-06 9.04329e-06 -1 0.198335
0 0 0 1
0.0192356 -0.999815 -7.79667e-06 0.29766
-0.999815 -0.0192356 -3.99353e-06 -0.487933
3.84282e-06 7.87204e-06 -1 0.196549
0 0 0 1
0.0165855 -0.999862 -6.72698e-06 0.297982
-0.999862 -0.0165855 -3.43438e-06 -0.489595
3.32234e-06 6.78302e-06 -1 0.194748
0 0 0 1
0.0141316 -0.9999 -5.73523e-06 0.298281
-0.9999 -0.0141316 -2.91919e-06 -0.491135
2.83785e-06 5.77591e-06 -1 0.192933
0 0 0 1
0.011874 -0.99993 -4.82173e-06 0.298555
-0.99993 -0.011874 -2.44737e-06 -0.492551
2.38995e-06 4.85045e-06 -1 0.191102
0 0 0 1
0.00981271 -0.999952 -3.98675e-06 0.298806
-0.999952 -0.00981271 -2.0184e-06 -0.493844
1.97918e-06 4.00637e-06 -1 0.189257
0 0 0 1
0.00794776 -0.999968 -3.23057e-06 0.299033
-0.999968 -0.00794776 -1.63178e-06 -0.495014
1.60605e-06 3.24343e-06 -1 0.187397
0 0 0 1
0.00627917 -0.99998 -2.55339e-06 0.299236
-0.99998 -0.00627917 -1.28706e-06 -0.496061
1.271e-06 2.56142e-06 -1 0.185522
0 0 0 1
0.00480694 -0.999988 -1.95544e-06 0.299415
-0.999988 -0.00480694 -9.83851e-07 -0.496985
9.7444e-07 1.96015e-06 -1 0.183633
0 0 0 1
0.00353109 -0.999994 -1.43689e-06 0.29957
-0.999994 -0.00353109 -7.218e-07 -0.497785
7.16722e-07 1.43943e-06 -1 0.181729
0 0 0 1
0.00245161 -0.999997 -9.97889e-07 0.299702
-0.999997 -0.00245161 -5.00602e-07 -0.498462
4.98154e-07 9.99114e-07 -1 0.17981
0 0 0 1
0.00156851 -0.999999 -6.38579e-07 0.299809
-0.999999 -0.00156851 -3.19997e-07 -0.499016
3.18995e-07 6.3908e-07 -1 0.177876
0 0 0 1
0.000881796 -1 -3.59062e-07 0.299893
-1 -0.000881796 -1.79775e-07 -0.499447
1.79458e-07 3.59221e-07 -1 0.175927
0 0 0 1
0.000391465 -1 -1.59422e-07 0.299952
-1 -0.000391465 -7.97703e-08 -0.499754
7.97078e-08 1.59453e-07 -1 0.173964
0 0 0 1
9.75176e-05 -1 -3.97164e-08 0.299988
-1 -9.75176e-05 -1.98657e-08 -0.499939
1.98618e-08 3.97184e-08 -1 0.171986
0 0 0 1
6.12323e-17 -1 0 0.3
-1 -6.12323e-17 1.22465e-16 -0.5
-1.22465e-16 -7.4988e-33 -1 0.169998
0 0 0 1
6.12323e-17 -1 -1.22465e-16 0.3
-1 -6.12323e-17 -7.4988e-33 -0.5
0 1.22465e-16 -1 0.167998
0 0 0 1
6.12323e-17 -1 0 0.3
-1 -6.12323e-17 1.22465e-16 -0.5
-1.22465e-16 -7.4988e-33 -1 0.165998
0 0 0 1
6.12323e-17 -1 -1.22465e-16 0.3
-1 -6.12323e-17 -7.4988e-33 -0.5
0 1.22465e-16 -1 0.163998
0 0 0 1
6.12323e-17 -1 0 0.3
-1 -6.12323e-17 1.22465e-16 -0.5
-1.22465e-16 -7.4988e-33 -1 0.161998
0 0 0 1
6.12323e-17 -1 -1.22465e-16 0.3
-1 -6.12323e-17 -7.4988e-33 -0.5
0 1.22465e-16 -1 0.159998
0 0 0 1
6.12323e-17 -1 0 0.3
-1 -6.12323e-17 1.22465e-16 -0.5
-1.22465e-16 -7.4988e-33 -1 0.157998
0 0 0 1
6.12323e-17 -1 -1.22465e-16 0.3
-1 -6.12323e-17 -7.4988e-33 -0.5
0 1.22465e-16 -1 0.155998
0 0 0 1
6.12323e-17 -1 0 0.3
-1 -6.12323e-17 1.22465e-16 -0.5
-1.22465e-16 -7.4988e-33 -1 0.153998
0 0 0 1
6.12323e-17 -1 -1.22465e-16 0.3
-1 -6.12323e-17 -7.4988e-33 -0.5
0 1.22465e-16 -1 0.151998
0 0 0 1
6.12323e-17 -1 0 0.3
-1 -6.12323e-17 1.22465e-16 -0.5
-1.22465e-16 -7.4988e-33 -1 0.149998
0 0 0 1
6.12323e-17 -1 -1.22465e-16 0.3
-1 -6.12323e-17 -7.4988e-33 -0.5
0 1.22465e-16 -1 0.147998
0 0 0 1
6.12323e-17 -1 0 0.3
-1 -6.12323e-17 1.22465e-16 -0.5
-1.22465e-16 -7.4988e-33 -1 0.145998
0 0 0 1
6.12323e-17 -1 -1.22465e-16 0.3
-1 -6.12323e-17 -7.4988e-33 -0.5
0 1.22465e-16 -1 0.143998
0 0 0 1
6.12323e-17 -1 0 0.3
-1 -6.12323e-17 1.22465e-16 -0.5
-1.22465e-16 -7.4988e-33 -1 0.141998
0 0 0 1
6.12323e-17 -1 -1.22465e-16 0.3
-1 -6.12323e-17 -7.4988e-33 -0.5
0 1.22465e-16 -1 0.139997
0 0 0 1
6.12323e-17 -1 0 0.3
-1 -6.12323e-17 1.22465e-16 -0.5
-1.22465e-16 -7.4988e-33 -1 0.137997
0 0 0 1
6.12323e-17 -1 -1.22465e-16 0.3
-1 -6.12323e-17 -7.4988e-33 -0.5
0 1.22465e-16 -1 0.135997
0 0 0 1
6.12323e-17 -1 0 0.3
-1 -6.12323e-17 1.22465e-16 -0.5
-1.22465e-16 -7.4988e-33 -1 0.133997
0 0 0 1
6.12323e-17 -1 -1.22465e-16 0.3
-1 -6.12323e-17 -7.4988e-33 -0.5
0 1.22465e-16 -1 0.131997
0 0 0 1
6.12323e-17 -1 -1.22465e-16 0.3
-1 -6.12323e-17 -7.4988e-33 -0.5
0 1.22465e-16 -1 0.129997
0 0 0 1
6.12323e-17 -1 -1.22465e-16 0.3
-1 -6.12323e-17 -7.4988e-33 -0.5
0 1.22465e-16 -1 0.128022
0 0 0 1
6.12323e-17 -1 -1.22465e-16 0.3
-1 -6.12323e-17 -7.4988e-33 -0.5
0 1.22465e-16 -1 0.126097
0 0 0 1
6.12323e-17 -1 -1.22465e-16 0.3
-1 -6.12323e-17 -7.4988e-33 -0.5
0 1.22465e-16 -1 0.124222
0 0 0 1
6.12323e-17 -1 -1.22465e-16 0.3
-1 -6.12323e-17 -7.4988e-33 -0.5
0 1.22465e-16 -1 0.122397
0 0 0 1
6.12323e-17 -1 -1.22465e-16 0.3
-1 -6.12323e-17 -7.4988e-33 -0.5
0 1.22465e-16 -1 0.120622
0 0 0 1
6.12323e-17 -1 -1.22465e-16 0.3
-1 -6.12323e-17 -7.4988e-33 -0.5
0 1.22465e-16 -1 0.118897
0 0 0 1
6.12323e-17 -1 -1.22465e-16 0.3
-1 -6.12323e-17 -7.4988e-33 -0.5
0 1.22465e-16 -1 0.117222
0 0 0 1
6.12323e-17 -1 -1.22465e-16 0.3
-1 -6.12323e-17 -7.4988e-33 -0.5
0 1.22465e-16 -1 0.115598
0 0 0 1
6.12323e-17 -1 -1.22465e-16 0.3
-1 -6.12323e-17 -7.4988e-33 -0.5
0 1.22465e-16 -1 0.114023
0 0 0 1
6.12323e-17 -1 -1.22465e-16 0.3
-1 -6.12323e-17 -7.4988e-33 -0.5
0 1.22465e-16 -1 0.112498
0 0 0 1
6.12323e-17 -1 -1.22465e-16 0.3
-1 -6.12323e-17 -7.4988e-33 -0.5
0 1.22465e-16 -1 0.111023
0 0 0 1
6.12323e-17 -1 -1.22465e-16 0.3
-1 -6.12323e-17 -7.4988e-33 -0.5
0 1.22465e-16 -1 0.109598
0 0 0 1
6.12323e-17 -1 -1.22465e-16 0.3
-1 -6.12323e-17 -7.4988e-33 -0.5
0 1.22465e-16 -1 0.108223
0 0 0 1
6.12323e-17 -1 -1.22465e-16 0.3
-1 -6.12323e-17 -7.4988e-33 -0.5
0 1.22465e-16 -1 0.106898
0 0 0 1
6.12323e-17 -1 -1.22465e-16 0.3
-1 -6.12323e-17 -7.4988e-33 -0.5
0 1.22465e-16 -1 0.105623
0 0 0 1
6.12323e-17 -1 -1.22465e-16 0.3
-1 -6.12323e-17 -7.4988e-33 -0.5
0 1.22465e-16 -1 0.104398
0 0 0 1
6.12323e-17 -1 -1.22465e-16 0.3
-1 -6.12323e-17 -7.4988e-33 -0.5
0 1.22465e-16 -1 0.103223
0 0 0 1
6.12323e-17 -1 -1.22465e-16 0.3
-1 -6.12323e-17 -7.4988e-33 -0.5
0 1.22465e-16 -1 0.102098
0 0 0 1
6.12323e-17 -1 -1.22465e-16 0.3
-1 -6.12323e-17 -7.4988e-33 -0.5
0 1.22465e-16 -1 0.101023
0 0 0 1
6.12323e-17 -1 -1.22465e-16 0.3
-1 -6.12323e-17 -7.4988e-33 -0.5
0 1.22465e-16 -1 0.0999982
0 0 0 1
6.12323e-17 -1 -1.22465e-16 0.3
-1 -6.12323e-17 -7.4988e-33 -0.5
0 1.22465e-16 -1 0.0990232
0 0 0 1
6.12323e-17 -1 -1.22465e-16 0.3
-1 -6.12323e-17 -7.4988e-33 -0.5
0 1.22465e-16 -1 0.0980983
0 0 0 1
6.12323e-17 -1 -1.22465e-16 0.3
-1 -6.12323e-17 -7.4988e-33 -0.5
0 1.22465e-16 -1 0.0972234
0 0 0 1
6.12323e-17 -1 -1.22465e-16 0.3
-1 -6.12323e-17 -7.4988e-33 -0.5
0 1.22465e-16 -1 0.0963985
0 0 0 1
6.12323e-17 -1 -1.22465e-16 0.3
-1 -6.12323e-17 -7.4988e-33 -0.5
0 1.22465e-16 -1 0.0956235
0 0 0 1
6.12323e-17 -1 -1.22465e-16 0.3
-1 -6.12323e-17 -7.4988e-33 -0.5
0 1.22465e-16 -1 0.0948986
0 0 0 1
6.12323e-17 -1 -1.22465e-16 0.3
-1 -6.12323e-17 -7.4988e-33 -0.5
0 1.22465e-16 -1 0.0942237
0 0 0 1
6.12323e-17 -1 -1.22465e-16 0.3
-1 -6.12323e-17 -7.4988e-33 -0.5
0 1.22465e-16 -1 0.0935988
0 0 0 1
6.12323e-17 -1 -1.22465e-16 0.3
-1 -6.12323e-17 -7.4988e-33 -0.5
0 1.22465e-16 -1 0.0930239
0 0 0 1
6.12323e-17 -1 -1.22465e-16 0.3
-1 -6.12323e-17 -7.4988e-33 -0.5
0 1.22465e-16 -1 0.092499
0 0 0 1
6.12323e-17 -1 -1.22465e-16 0.3
-1 -6.12323e-17 -7.4988e-33 -0.5
0 1.22465e-16 -1 0.0920241
0 0 0 1
6.12323e-17 -1 -1.22465e-16 0.3
-1 -6.12323e-17 -7.4988e-33 -0.5
0 1.22465e-16 -1 0.0915992
0 0 0 1
6.12323e-17 -1 -1.22465e-16 0.3
-1 -6.12323e-17 -7.4988e-33 -0.5
0 1.22465e-16 -1 0.0912243
0 0 0 1
6.12323e-17 -1 -1.22465e-16 0.3
-1 -6.12323e-17 -7.4988e-33 -0.5
0 1.22465e-16 -1 0.0908994
0 0 0 1
6.12323e-17 -1 -1.22465e-16 0.3
-1 -6.12323e-17 -7.4988e-33 -0.5
0 1.22465e-16 -1 0.0906245
0 0 0 1
6.12323e-17 -1 -1.22465e-16 0.3
-1 -6.12323e-17 -7.4988e-33 -0.5
0 1.22465e-16 -1 0.0903996
0 0 0 1
6.12323e-17 -1 -1.22465e-16 0.3
-1 -6.12323e-17 -7.4988e-33 -0.5
0 1.22465e-16 -1 0.0902247
0 0 0 1
6.12323e-17 -1 -1.22465e-16 0.3
-1 -6.12323e-17 -7.4988e-33 -0.5
0 1.22465e-16 -1 0.0900998
0 0 0 1
6.12323e-17 -1 -1.22465e-16 0.3
-1 -6.12323e-17 -7.4988e-33 -0.5
0 1.22465e-16 -1 0.0900249
0 0 0 1
6.12323e-17 -1 -1.22465e-16 0.3
-1 -6.12323e-17 -7.4988e-33 -0.5
0 1.22465e-16 -1 0.09
0 0 0 1
6.12323e-17 -1 -1.22465e-16 0.3
-1 -6.12323e-17 -7.4988e-33 -0.5
0 1.22465e-16 -1 0.0900251
0 0 0 1
6.12323e-17 -1 -1.22465e-16 0.3
-1 -6.12323e-17 -7.4988e-33 -0.5
0 1.22465e-16 -1 0.0901002
0 0 0 1
6.12323e-17 -1 -1.22465e-16 0.3
-1 -6.12323e-17 -7.4988e-33 -0.5
0 1.22465e-16 -1 0.0902254
0 0 0 1
6.12323e-17 -1 -1.22465e-16 0.3
-1 -6.12323e-17 -7.4988e-33 -0.5
0 1.22465e-16 -1 0.0904005
0 0 0 1
6.12323e-17 -1 -1.22465e-16 0.3
-1 -6.12323e-17 -7.4988e-33 -0.5
0 1.22465e-16 -1 0.0906256
0 0 0 1
6.12323e-17 -1 -1.22465e-16 0.3
-1 -6.12323e-17 -7.4988e-33 -0.5
0 1.22465e-16 -1 0.0909007
0 0 0 1
6.12323e-17 -1 -1.22465e-16 0.3
-1 -6.12323e-17 -7.4988e-33 -0.5
0 1.22465e-16 -1 0.0912259
0 0 0 1
6.12323e-17 -1 -1.22465e-16 0.3
-1 -6.12323e-17 -7.4988e-33 -0.5
0 1.22465e-16 -1 0.091601
0 0 0 1
6.12323e-17 -1 -1.22465e-16 0.3
-1 -6.12323e-17 -7.4988e-33 -0.5
0 1.22465e-16 -1 0.0920261
0 0 0 1
6.12323e-17 -1 -1.22465e-16 0.3
-1 -6.12323e-17 -7.4988e-33 -0.5
0 1.22465e-16 -1 0.0925013
0 0 0 1
6.12323e-17 -1 -1.22465e-16 0.3
-1 -6.12323e-17 -7.4988e-33 -0.5
0 1.22465e-16 -1 0.0930264
0 0 0 1
6.12323e-17 -1 -1.22465e-16 0.3
-1 -6.12323e-17 -7.4988e-33 -0.5
0 1.22465e-16 -1 0.0936015
0 0 0 1
6.12323e-17 -1 -1.22465e-16 0.3
-1 -6.12323e-17 -7.4988e-33 -0.5
0 1.22465e-16 -1 0.0942267
0 0 0 1
6.12323e-17 -1 -1.22465e-16 0.3
-1 -6.12323e-17 -7.4988e-33 -0.5
0 1.22465e-16 -1 0.0949018
0 0 0 1
6.12323e-17 -1 -1.22465e-16 0.3
-1 -6.12323e-17 -7.4988e-33 -0.5
0 1.22465e-16 -1 0.095627
0 0 0 1
6.12323e-17 -1 -1.22465e-16 0.3
-1 -6.12323e-17 -7.4988e-33 -0.5
0 1.22465e-16 -1 0.0964021
0 0 0 1
6.12323e-17 -1 -1.22465e-16 0.3
-1 -6.12323e-17 -7.4988e-33 -0.5
0 1.22465e-16 -1 0.0972273
0 0 0 1
6.12323e-17 -1 -1.22465e-16 0.3
-1 -6.12323e-17 -7.4988e-33 -0.5
0 1.22465e-16 -1 0.0981024
0 0 0 1
6.12323e-17 -1 -1.22465e-16 0.3
-1 -6.12323e-17 -7.4988e-33 -0.5
0 1.22465e-16 -1 0.0990276
0 0 0 1
6.12323e-17 -1 -1.22465e-16 0.3
-1 -6.12323e-17 -7.4988e-33 -0.5
0 1.22465e-16 -1 0.100003
0 0 0 1
6.12323e-17 -1 -1.22465e-16 0.3
-1 -6.12323e-17 -7.4988e-33 -0.5
0 1.22465e-16 -1 0.101028
0 0 0 1
6.12323e-17 -1 -1.22465e-16 0.3
-1 -6.12323e-17 -7.4988e-33 -0.5
0 1.22465e-16 -1 0.102103
0 0 0 1
6.12323e-17 -1 -1.22465e-16 0.3
-1 -6.12323e-17 -7.4988e-33 -0.5
0 1.22465e-16 -1 0.103228
0 0 0 1
6.12323e-17 -1 -1.22465e-16 0.3
-1 -6.12323e-17 -7.4988e-33 -0.5
0 1.22465e-16 -1 0.104403
0 0 0 1
6.12323e-17 -1 -1.22465e-16 0.3
-1 -6.12323e-17 -7.4988e-33 -0.5
0 1.22465e-16 -1 0.105629
0 0 0 1
6.12323e-17 -1 -1.22465e-16 0.3
-1 -6.12323e-17 -7.4988e-33 -0.5
0 1.22465e-16 -1 0.106904
0 0 0 1
6.12323e-17 -1 -1.22465e-16 0.3
-1 -6.12323e-17 -7.4988e-33 -0.5
0 1.22465e-16 -1 0.108229
0 0 0 1
6.12323e-17 -1 -1.22465e-16 0.3
-1 -6.12323e-17 -7.4988e-33 -0.5
0 1.22465e-16 -1 0.109604
0 0 0 1
6.12323e-17 -1 -1.22465e-16 0.3
-1 -6.12323e-17 -7.4988e-33 -0.5
0 1.22465e-16 -1 0.111029
0 0 0 1
6.12323e-17 -1 -1.22465e-16 0.3
-1 -6.12323e-17 -7.4988e-33 -0.5
0 1.22465e-16 -1 0.112504
0 0 0 1
6.12323e-17 -1 -1.22465e-16 0.3
-1 -6.12323e-17 -7.4988e-33 -0.5
0 1.22465e-16 -1 0.11403
0 0 0 1
6.12323e-17 -1 -1.22465e-16 0.3
-1 -6.12323e-17 -7.4988e-33 -0.5
0 1.22465e-16 -1 0.115605
0 0 0 1
6.12323e-17 -1 -1.22465e-16 0.3
-1 -6.12323e-17 -7.4988e-33 -0.5
0 1.22465e-16 -1 0.11723
0 0 0 1
6.12323e-17 -1 -1.22465e-16 0.3
-1 -6.12323e-17 -7.4988e-33 -0.5
0 1.22465e-16 -1 0.118905
0 0 0 1
6.12323e-17 -1 -1.22465e-16 0.3
-1 -6.12323e-17 -7.4988e-33 -0.5
0 1.22465e-16 -1 0.12063
0 0 0 1
6.12323e-17 -1 -1.22465e-16 0.3
-1 -6.12323e-17 -7.4988e-33 -0.5
0 1.22465e-16 -1 0.122406
0 0 0 1
6.12323e-17 -1 -1.22465e-16 0.3
-1 -6.12323e-17 -7.4988e-33 -0.5
0 1.22465e-16 -1 0.124231
0 0 0 1
6.12323e-17 -1 -1.22465e-16 0.3
-1 -6.12323e-17 -7.4988e-33 -0.5
0 1.22465e-16 -1 0.126106
0 0 0 1
6.12323e-17 -1 -1.22465e-16 0.3
-1 -6.12323e-17 -7.4988e-33 -0.5
0 1.22465e-16 -1 0.128031
0 0 0 1
6.12323e-17 -1 0 0.3
-1 -6.12323e-17 1.22465e-16 -0.5
-1.22465e-16 -7.4988e-33 -1 0.130002
0 0 0 1
6.12323e-17 -1 -1.22465e-16 0.3
-1 -6.12323e-17 -7.4988e-33 -0.5
0 1.22465e-16 -1 0.132002
0 0 0 1
6.12323e-17 -1 0 0.3
-1 -6.12323e-17 1.22465e-16 -0.5
-1.22465e-16 -7.4988e-33 -1 0.134002
0 0 0 1
6.12323e-17 -1 -1.22465e-16 0.3
-1 -6.12323e-17 -7.4988e-33 -0.5
0 1.22465e-16 -1 0.136002
0 0 0 1
6.12323e-17 -1 0 0.3
-1 -6.12323e-17 1.22465e-16 -0.5
-1.22465e-16 -7.4988e-33 -1 0.138002
0 0 0 1
6.12323e-17 -1 -1.22465e-16 0.3
-1 -6.12323e-17 -7.4988e-33 -0.5
0 1.22465e-16 -1 0.140002
0 0 0 1
6.12323e-17 -1 0 0.3
-1 -6.12323e-17 1.22465e-16 -0.5
-1.22465e-16 -7.4988e-33 -1 0.142002
0 0 0 1
6.12323e-17 -1 -1.22465e-16 0.3
-1 -6.12323e-17 -7.4988e-33 -0.5
0 1.22465e-16 -1 0.144002
0 0 0 1
6.12323e-17 -1 0 0.3
-1 -6.12323e-17 1.22465e-16 -0.5
-1.22465e-16 -7.4988e-33 -1 0.146002
0 0 0 1
6.12323e-17 -1 -1.22465e-16 0.3
-1 -6.12323e-17 -7.4988e-33 -0.5
0 1.22465e-16 -1 0.148002
0 0 0 1
6.12323e-17 -1 0 0.3
-1 -6.12323e-17 1.22465e-16 -0.5
-1.22465e-16 -7.4988e-33 -1 0.150002
0 0 0 1
6.12323e-17 -1 -1.22465e-16 0.3
-1 -6.12323e-17 -7.4988e-33 -0.5
0 1.22465e-16 -1 0.152002
0 0 0 1
6.12323e-17 -1 0 0.3
-1 -6.12323e-17 1.22465e-16 -0.5
-1.22465e-16 -7.4988e-33 -1 0.154002
0 0 0 1
6.12323e-17 -1 -1.22465e-16 0.3
-1 -6.12323e-17 -7.4988e-33 -0.5
0 1.22465e-16 -1 0.156002
0 0 0 1
6.12323e-17 -1 0 0.3
-1 -6.12323e-17 1.22465e-16 -0.5
-1.22465e-16 -7.4988e-33 -1 0.158002
0 0 0 1
6.12323e-17 -1 -1.22465e-16 0.3
-1 -6.12323e-17 -7.4988e-33 -0.5
0 1.22465e-16 -1 0.160003
0 0 0 1
6.12323e-17 -1 0 0.3
-1 -6.12323e-17 1.22465e-16 -0.5
-1.22465e-16 -7.4988e-33 -1 0.162003
0 0 0 1
6.12323e-17 -1 -1.22465e-16 0.3
-1 -6.12323e-17 -7.4988e-33 -0.5
0 1.22465e-16 -1 0.164003
0 0 0 1
6.12323e-17 -1 0 0.3
-1 -6.12323e-17 1.22465e-16 -0.5
-1.22465e-16 -7.4988e-33 -1 0.166003
0 0 0 1
6.12323e-17 -1 -1.22465e-16 0.3
-1 -6.12323e-17 -7.4988e-33 -0.5
0 1.22465e-16 -1 0.168003
0 0 0 1
6.12323e-17 -1 -1.22465e-16 0.3
-1 -6.12323e-17 -7.4988e-33 -0.5
0 1.22465e-16 -1 0.170003
0 0 0 1
9.8462e-05 -1 -4.0101e-08 0.299988
-1 -9.8462e-05 -2.00581e-08 -0.499938
2.00541e-08 4.0103e-08 -1 0.171995
0 0 0 1
0.000393308 -1 -1.60172e-07 0.299952
-1 -0.000393308 -8.01459e-08 -0.499753
8.00829e-08 1.60204e-07 -1 0.173973
0 0 0 1
0.000884537 -1 -3.60178e-07 0.299892
-1 -0.000884537 -1.80334e-07 -0.499445
1.80016e-07 3.60338e-07 -1 0.175936
0 0 0 1
0.00157215 -0.999999 -6.4006e-07 0.299809
-0.999999 -0.00157215 -3.20741e-07 -0.499014
3.19734e-07 6.40564e-07 -1 0.177885
0 0 0 1
0.00245615 -0.999997 -9.99735e-07 0.299701
-0.999997 -0.00245615 -5.01531e-07 -0.498459
4.99074e-07 1.00096e-06 -1 0.179818
0 0 0 1
0.00353652 -0.999994 -1.4391e-06 0.29957
-0.999994 -0.00353652 -7.22915e-07 -0.497782
7.17821e-07 1.44164e-06 -1 0.181737
0 0 0 1
0.00481328 -0.999988 -1.95801e-06 0.299414
-0.999988 -0.00481328 -9.85153e-07 -0.496981
9.75718e-07 1.96273e-06 -1 0.183641
0 0 0 1
0.0062864 -0.99998 -2.55633e-06 0.299235
-0.99998 -0.0062864 -1.28855e-06 -0.496057
1.27245e-06 2.56438e-06 -1 0.185531
0 0 0 1
0.0079559 -0.999968 -3.23386e-06 0.299032
-0.999968 -0.0079559 -1.63346e-06 -0.495009
1.60768e-06 3.24676e-06 -1 0.187405
0 0 0 1
0.00982174 -0.999952 -3.99041e-06 0.298805
-0.999952 -0.00982174 -2.02027e-06 -0.493839
1.98098e-06 4.01006e-06 -1 0.189265
0 0 0 1
0.0118839 -0.999929 -4.82575e-06 0.298554
-0.999929 -0.0118839 -2.44944e-06 -0.492545
2.39192e-06 4.85452e-06 -1 0.19111
0 0 0 1
0.0141424 -0.9999 -5.73961e-06 0.298279
-0.9999 -0.0141424 -2.92146e-06 -0.491128
2.83999e-06 5.78035e-06 -1 0.192941
0 0 0 1
0.0165972 -0.999862 -6.73172e-06 0.297981
-0.999862 -0.0165972 -3.43685e-06 -0.489588
3.32465e-06 6.78783e-06 -1 0.194756
0 0 0 1
0.0192482 -0.999815 -7.80176e-06 0.297658
-0.999815 -0.0192482 -3.9962e-06 -0.487925
3.84529e-06 7.87723e-06 -1 0.196557
0 0 0 1
0.0220954 -0.999756 -8.9494e-06 0.297312
-0.999756 -0.0220954 -4.60014e-06 -0.486138
4.40128e-06 9.04885e-06 -1 0.198343
0 0 0 1
0.0251388 -0.999684 -1.01743e-05 0.296941
-0.999684 -0.0251388 -5.24934e-06 -0.484229
4.99191e-06 1.0303e-05 -1 0.200115
0 0 0 1
0.0283783 -0.999597 -1.1476e-05 0.296547
-0.999597 -0.0283783 -5.94451e-06 -0.482196
5.61645e-06 1.16401e-05 -1 0.201871
0 0 0 1
0.0318137 -0.999494 -1.28541e-05 0.296129
-0.999494 -0.0318137 -6.68642e-06 -0.48004
6.2741e-06 1.30603e-05 -1 0.203613
0 0 0 1
0.035445 -0.999372 -1.43082e-05 0.295687
-0.999372 -0.035445 -7.47586e-06 -0.477761
6.96401e-06 1.45642e-05 -1 0.20534
0 0 0 1
0.0392721 -0.999229 -1.58378e-05 0.295221
-0.999229 -0.0392721 -8.31369e-06 -0.475358
7.68529e-06 1.6152e-05 -1 0.207053
0 0 0 1
0.0432948 -0.999062 -1.74423e-05 0.294731
-0.999062 -0.0432948 -9.20078e-06 -0.472833
8.43699e-06 1.78243e-05 -1 0.20875
0 0 0 1
0.047513 -0.998871 -1.91212e-05 0.294218
-0.998871 -0.047513 -1.01381e-05 -0.470184
9.21813e-06 1.95813e-05 -1 0.210433
0 0 0 1
0.0519264 -0.998651 -2.0874e-05 0.29368
-0.998651 -0.0519264 -1.11266e-05 -0.467412
1.00276e-05 2.14236e-05 -1 0.212101
0 0 0 1
0.0565349 -0.998401 -2.27e-05 0.293119
-0.998401 -0.0565349 -1.21672e-05 -0.464517
1.08644e-05 2.33516e-05 -1 0.213755
0 0 0 1
0.0613382 -0.998117 -2.45985e-05 0.292533
-0.998117 -0.0613382 -1.32611e-05 -0.461498
1.17273e-05 2.53656e-05 -1 0.215393
0 0 0 1
0.066336 -0.997797 -2.6569e-05 0.291924
-0.997797 -0.066336 -1.44094e-05 -0.458357
1.26151e-05 2.74663e-05 -1 0.217017
0 0 0 1
0.0715281 -0.997439 -2.86105e-05 0.291291
-0.997439 -0.0715281 -1.56131e-05 -0.455092
1.35266e-05 2.9654e-05 -1 0.218626
0 0 0 1
0.076914 -0.997038 -3.07225e-05 0.290634
-0.997038 -0.076914 -1.68734e-05 -0.451704
1.44604e-05 3.19293e-05 -1 0.22022
0 0 0 1
0.0824934 -0.996592 -3.2904e-05 0.289953
-0.996592 -0.0824934 -1.81916e-05 -0.448193
1.54152e-05 3.42925e-05 -1 0.2218
0 0 0 1
0.0882659 -0.996097 -3.51543e-05 0.289248
-0.996097 -0.0882659 -1.95689e-05 -0.444559
1.63896e-05 3.67443e-05 -1 0.223365
0 0 0 1
0.0942308 -0.99555 -3.74724e-05 0.28852
-0.99555 -0.0942308 -2.10065e-05 -0.440801
1.7382e-05 3.92851e-05 -1 0.224915
0 0 0 1
0.100388 -0.994948 -3.98574e-05 0.287767
-0.994948 -0.100388 -2.25058e-05 -0.43692
1.8391e-05 4.19154e-05 -1 0.22645
0 0 0 1
0.106736 -0.994287 -4.23084e-05 0.286991
-0.994287 -0.106736 -2.40682e-05 -0.432917
1.94149e-05 4.46356e-05 -1 0.227971
0 0 0 1
0.113275 -0.993564 -4.48243e-05 0.28619
-0.993564 -0.113275 -2.5695e-05 -0.428789
2.04521e-05 4.74464e-05 -1 0.229477
0 0 0 1
0.120005 -0.992773 -4.7404e-05 0.285366
-0.992773 -0.120005 -2.73875e-05 -0.424539
2.15009e-05 5.03481e-05 -1 0.230968
0 0 0 1
0.126923 -0.991913 -5.00465e-05 0.284518
-0.991913 -0.126923 -2.91474e-05 -0.420166
2.25596e-05 5.33412e-05 -1 0.232444
0 0 0 1
0.13403 -0.990977 -5.27505e-05 0.283646
-0.990977 -0.13403 -3.0976e-05 -0.415669
2.36263e-05 5.64263e-05 -1 0.233905
0 0 0 1
0.141325 -0.989963 -5.55149e-05 0.28275
-0.989963 -0.141325 -3.28748e-05 -0.411049
2.46992e-05 5.96038e-05 -1 0.235352
0 0 0 1
0.148806 -0.988866 -5.83384e-05 0.28183
-0.988866 -0.148806 -3.48454e-05 -0.406306
2.57763e-05 6.28741e-05 -1 0.236784
0 0 0 1
0.156472 -0.987682 -6.12197e-05 0.280886
-0.987682 -0.156472 -3.68893e-05 -0.40144
2.68557e-05 6.62377e-05 -1 0.238202
0 0 0 1
0.164323 -0.986407 -6.41573e-05 0.279919
-0.986407 -0.164323 -3.9008e-05 -0.39645
2.79352e-05 6.96951e-05 -1 0.239604
0 0 0 1
0.172357 -0.985035 -6.71499e-05 0.278927
-0.985035 -0.172357 -4.12033e-05 -0.391338
2.90129e-05 7.32467e-05 -1 0.240992
0 0 0 1
0.180573 -0.983562 -7.0196e-05 0.277912
-0.983562 -0.180573 -4.34766e-05 -0.386102
3.00865e-05 7.68928e-05 -1 0.242365
0 0 0 1
0.188968 -0.981983 -7.32939e-05 0.276873
-0.981983 -0.188968 -4.58297e-05 -0.380743
3.11538e-05 8.06338e-05 -1 0.243723
0 0 0 1
0.197543 -0.980294 -7.64422e-05 0.275809
-0.980294 -0.197543 -4.82642e-05 -0.375261
3.22125e-05 8.44701e-05 -1 0.245067
0 0 0 1
0.206295 -0.97849 -7.96391e-05 0.274722
-0.97849 -0.206295 -5.07817e-05 -0.369655
3.32603e-05 8.8402e-05 -1 0.246396
0 0 0 1
0.215222 -0.976565 -8.28829e-05 0.273611
-0.976565 -0.215222 -5.3384e-05 -0.363927
3.42947e-05 9.24299e-05 -1 0.24771
0 0 0 1
0.224322 -0.974515 -8.61717e-05 0.272477
-0.974515 -0.224322 -5.60727e-05 -0.358075
3.53134e-05 9.65539e-05 -1 0.249009
0 0 0 1
0.233594 -0.972334 -8.95038e-05 0.271318
-0.972334 -0.233594 -5.88495e-05 -0.3521
3.63138e-05 0.000100774 -1 0.250293
0 0 0 1
0.243035 -0.970018 -9.28771e-05 0.270135
-0.970018 -0.243035 -6.17161e-05 -0.346002
3.72934e-05 0.000105092 -1 0.251563
0 0 0 1
0.252643 -0.96756 -9.62896e-05 0.268929
-0.96756 -0.252643 -6.46744e-05 -0.339781
3.82494e-05 0.000109506 -1 0.252818
0 0 0 1
0.262416 -0.964955 -9.97394e-05 0.267698
-0.964955 -0.262416 -6.77259e-05 -0.333436
3.91792e-05 0.000114016 -1 0.254058
0 0 0 1
0.272351 -0.962198 -0.000103224 0.266444
-0.962198 -0.272351 -7.08724e-05 -0.326968
4.00801e-05 0.000118624 -1 0.255284
0 0 0 1
0.282445 -0.959283 -0.000106742 0.265166
-0.959283 -0.282445 -7.41157e-05 -0.320377
4.09492e-05 0.000123329 -1 0.256495
0 0 0 1
0.292696 -0.956205 -0.00011029 0.263864
-0.956205 -0.292696 -7.74573e-05 -0.313663
4.17837e-05 0.000128131 -1 0.257691
0 0 0 1
0.303101 -0.952958 -0.000113866 0.262538
-0.952958 -0.303101 -8.08992e-05 -0.306826
4.25806e-05 0.00013303 -1 0.258872
0 0 0 1
0.313656 -0.949537 -0.000117468 0.261188
-0.949537 -0.313656 -8.44428e-05 -0.299865
4.33369e-05 0.000138026 -1 0.260038
0 0 0 1
0.324358 -0.945934 -0.000121093 0.259814
-0.945934 -0.324358 -8.809e-05 -0.292782
4.40497e-05 0.000143119 -1 0.26119
0 0 0 1
0.335204 -0.942145 -0.000124739 0.258417
-0.942145 -0.335204 -9.18424e-05 -0.285575
4.47159e-05 0.000148308 -1 0.262327
0 0 0 1
0.34619 -0.938164 -0.000128402 0.256995
-0.938164 -0.34619 -9.57016e-05 -0.278245
4.53322e-05 0.000153593 -1 0.263449
0 0 0 1
0.357312 -0.933985 -0.000132081 0.25555
-0.933985 -0.357312 -9.96693e-05 -0.270792
4.58955e-05 0.000158975 -1 0.264557
0 0 0 1
0.368567 -0.929601 -0.000135772 0.25408
-0.929601 -0.368567 -0.000103747 -0.263215
4.64025e-05 0.000164451 -1 0.26565
0 0 0 1
0.379949 -0.925008 -0.000139472 0.252587
-0.925008 -0.379949 -0.000107937 -0.255515
4.685e-05 0.000170023 -1 0.266728
0 0 0 1
0.391454 -0.920197 -0.000143178 0.25107
-0.920198 -0.391454 -0.000112239 -0.247693
4.72346e-05 0.000175688 -1 0.267791
0 0 0 1
0.403079 -0.915165 -0.000146887 0.249529
-0.915165 -0.403079 -0.000116657 -0.239747
4.75529e-05 0.000181448 -1 0.268839
0 0 0 1
0.414817 -0.909905 -0.000150597 0.247964
-0.909905 -0.414817 -0.00012119 -0.231677
4.78014e-05 0.0001873 -1 0.269873
0 0 0 1
0.426665 -0.90441 -0.000154303 0.246375
-0.90441 -0.426665 -0.000125841 -0.223485
4.79767e-05 0.000193245 -1 0.270892
0 0 0 1
0.438616 -0.898675 -0.000158002 0.244763
-0.898675 -0.438616 -0.000130612 -0.215169
4.80752e-05 0.000199281 -1 0.271896
0 0 0 1
0.450665 -0.892693 -0.000161691 0.243126
-0.892693 -0.450665 -0.000135502 -0.20673
4.80934e-05 0.000205407 -1 0.272886
0 0 0 1
0.462807 -0.886459 -0.000165367 0.241466
-0.886459 -0.462807 -0.000140515 -0.198168
4.80276e-05 0.000211622 -1 0.27386
0 0 0 1
0.475036 -0.879966 -0.000169025 0.239782
-0.879966 -0.475036 -0.00014565 -0.189483
4.78742e-05 0.000217925 -1 0.27482
0 0 0 1
0.487345 -0.87321 -0.000172661 0.238073
-0.87321 -0.487345 -0.000150909 -0.180675
4.76295e-05 0.000224314 -1 0.275765
0 0 0 1
0.499728 -0.866182 -0.000176273 0.236341
-0.866182 -0.499728 -0.000156293 -0.171743
4.72898e-05 0.000230789 -1 0.276696
0 0 0 1
0.512178 -0.858879 -0.000179857 0.234585
-0.858879 -0.512178 -0.000161804 -0.162689
4.68513e-05 0.000237348 -1 0.277612
0 0 0 1
0.524689 -0.851294 -0.000183407 0.232805
-0.851294 -0.524689 -0.000167442 -0.153511
4.63104e-05 0.000243988 -1 0.278513
0 0 0 1
0.537254 -0.843421 -0.000186921 0.231002
-0.843421 -0.537254 -0.000173208 -0.14421
4.56631e-05 0.000250709 -1 0.279399
0 0 0 1
0.549864 -0.835254 -0.000190393 0.229174
-0.835254 -0.549864 -0.000179102 -0.134785
4.49056e-05 0.000257508 -1 0.28027
0 0 0 1
0.562512 -0.826789 -0.00019382 0.227322
-0.826789 -0.562512 -0.000185126 -0.125238
4.40342e-05 0.000264384 -1 0.281127
0 0 0 1
0.575191 -0.818019 -0.000197198 0.225447
-0.818019 -0.575191 -0.000191281 -0.115567
4.3045e-05 0.000271335 -1 0.281969
0 0 0 1
0.587863 -0.808961 -0.000200514 0.223552
-0.808961 -0.587863 -0.000197551 -0.105796
4.19368e-05 0.000278341 -1 0.282794
0 0 0 1
0.600499 -0.799626 -0.000203759 0.221641
-0.799626 -0.600499 -0.000203927 -0.0959404
4.07087e-05 0.000285389 -1 0.283614
0 0 0 1
0.612987 -0.790093 -0.000206903 0.21973
-0.790093 -0.612987 -0.000210353 -0.0860853
3.937e-05 0.000292416 -1 0.284434
0 0 0 1
0.625323 -0.780366 -0.000209946 0.217818
-0.780366 -0.625323 -0.000216828 -0.0762302
3.79211e-05 0.000299422 -1 0.285254
0 0 0 1
0.637505 -0.770446 -0.000212887 0.215907
-0.770446 -0.637505 -0.00022335 -0.0663751
3.63623e-05 0.000306405 -1 0.286073
0 0 0 1
0.64953 -0.760336 -0.000215725 0.213996
-0.760336 -0.64953 -0.000229917 -0.05652
3.4694e-05 0.000313361 -1 0.286893
0 0 0 1
0.661395 -0.750038 -0.00021846 0.212085
-0.750038 -0.661394 -0.000236528 -0.0466649
3.29166e-05 0.000320291 -1 0.287713
0 0 0 1
0.673096 -0.739555 -0.00022109 0.210174
-0.739555 -0.673096 -0.000243181 -0.0368098
3.10305e-05 0.000327192 -1 0.288533
0 0 0 1
0.684631 -0.72889 -0.000223616 0.208262
-0.72889 -0.684631 -0.000249874 -0.0269546
2.90363e-05 0.000334063 -1 0.289353
0 0 0 1
0.695997 -0.718045 -0.000226036 0.206351
-0.718045 -0.695997 -0.000256606 -0.0170995
2.69344e-05 0.000340901 -1 0.290173
0 0 0 1
0.707191 -0.707022 -0.00022835 0.20444
-0.707022 -0.707191 -0.000263376 -0.00724442
2.47254e-05 0.000347706 -1 0.290993
0 0 0 1
0.718211 -0.695825 -0.000230558 0.202529
-0.695825 -0.718211 -0.000270181 0.00261069
2.24097e-05 0.000354475 -1 0.291812
0 0 0 1
0.729054 -0.684456 -0.000232658 0.200618
-0.684456 -0.729054 -0.00027702 0.0124658
1.99879e-05 0.000361206 -1 0.292632
0 0 0 1
0.739717 -0.672919 -0.00023465 0.198706
-0.672919 -0.739716 -0.000283891 0.0223209
1.74607e-05 0.000367899 -1 0.293452
0 0 0 1
0.750197 -0.661215 -0.000236535 0.196795
-0.661215 -0.750197 -0.000290792 0.032176
1.48287e-05 0.000374552 -1 0.294272
0 0 0 1
0.760492 -0.649348 -0.00023831 0.194884
-0.649348 -0.760491 -0.000297723 0.0420311
1.20924e-05 0.000381162 -1 0.295092
0 0 0 1
0.770599 -0.637321 -0.000239977 0.192973
-0.637321 -0.770599 -0.00030468 0.0518862
9.25273e-06 0.000387728 -1 0.295912
0 0 0 1
0.780516 -0.625136 -0.000241534 0.191062
-0.625136 -0.780516 -0.000311662 0.0617414
6.3102e-06 0.000394249 -1 0.296732
0 0 0 1
0.79024 -0.612797 -0.000242981 0.18915
-0.612797 -0.79024 -0.000318669 0.0715965
3.26559e-06 0.000400723 -1 0.297551
0 0 0 1
0.79977 -0.600307 -0.000244318 0.187239
-0.600307 -0.799769 -0.000325697 0.0814516
1.19651e-07 0.000407148 -1 0.298371
0 0 0 1
0.809101 -0.587669 -0.000245545 0.185328
-0.587669 -0.809101 -0.000332745 0.0913067
-3.12684e-06 0.000413524 -1 0.299191
0 0 0 1
0.818234 -0.574886 -0.00024666 0.183417
-0.574886 -0.818234 -0.000339812 0.101162
-6.47308e-06 0.000419847 -1 0.300011
0 0 0 1
0.827164 -0.56196 -0.000247665 0.181506
-0.561961 -0.827164 -0.000346895 0.111017
-9.91824e-06 0.000426117 -1 0.300831
0 0 0 1
0.83589 -0.548897 -0.000248558 0.179594
-0.548897 -0.83589 -0.000353993 0.120872
-1.34615e-05 0.000432332 -1 0.301651
0 0 0 1
0.84441 -0.535697 -0.000249339 0.177683
-0.535697 -0.84441 -0.000361104 0.130727
-1.71019e-05 0.000438491 -1 0.302471
0 0 0 1
0.852722 -0.522366 -0.000250009 0.175772
-0.522366 -0.852721 -0.000368227 0.140582
-2.08386e-05 0.000444591 -1 0.30329
0 0 0 1
0.860822 -0.508905 -0.000250566 0.173861
-0.508905 -0.860822 -0.000375359 0.150437
-2.46708e-05 0.000450632 -1 0.30411
0 0 0 1
0.868711 -0.495319 -0.000251012 0.17195
-0.495319 -0.868711 -0.0003825 0.160292
-2.85973e-05 0.000456613 -1 0.30493
0 0 0 1
0.876385 -0.481611 -0.000251345 0.170038
-0.481611 -0.876385 -0.000389646 0.170148
-3.26173e-05 0.000462531 -1 0.30575
0 0 0 1
0.883843 -0.467784 -0.000251566 0.168127
-0.467784 -0.883843 -0.000396797 0.180003
-3.67298e-05 0.000468384 -1 0.30657
0 0 0 1
0.891083 -0.453841 -0.000251675 0.166216
-0.453841 -0.891083 -0.00040395 0.189858
-4.09337e-05 0.000474173 -1 0.30739
0 0 0 1
0.898102 -0.439786 -0.000251671 0.164305
-0.439786 -0.898102 -0.000411104 0.199713
-4.52281e-05 0.000479895 -1 0.308209
0 0 0 1
0.9049 -0.425623 -0.000251555 0.162394
-0.425623 -0.9049 -0.000418257 0.209568
-4.96118e-05 0.000485549 -1 0.309029
0 0 0 1
0.911475 -0.411355 -0.000251326 0.160482
-0.411355 -0.911475 -0.000425408 0.219423
-5.40838e-05 0.000491133 -1 0.309849
0 0 0 1
0.917825 -0.396985 -0.000250985 0.158571
-0.396985 -0.917825 -0.000432554 0.229278
-5.8643e-05 0.000496646 -1 0.310669
0 0 0 1
0.923948 -0.382517 -0.000250532 0.15666
-0.382517 -0.923948 -0.000439694 0.239133
-6.32882e-05 0.000502087 -1 0.311489
0 0 0 1
0.929843 -0.367955 -0.000249967 0.154749
-0.367955 -0.929843 -0.000446825 0.248988
-6.80183e-05 0.000507454 -1 0.312309
0 0 0 1
0.935509 -0.353302 -0.00024929 0.152838
-0.353302 -0.935509 -0.000453947 0.258844
-7.28322e-05 0.000512747 -1 0.313129
0 0 0 1
0.940944 -0.338562 -0.000248501 0.150926
-0.338562 -0.940944 -0.000461058 0.268699
-7.77286e-05 0.000517963 -1 0.313948
0 0 0 1
0.946147 -0.323738 -0.0002476 0.149015
-0.323738 -0.946147 -0.000468155 0.278554
-8.27063e-05 0.000523101 -1 0.314768
0 0 0 1
0.951116 -0.308835 -0.000246588 0.147104
-0.308835 -0.951116 -0.000475237 0.288409
-8.77642e-05 0.000528161 -1 0.315588
0 0 0 1
0.95585 -0.293855 -0.000245465 0.145193
-0.293855 -0.95585 -0.000482303 0.298264
-9.29009e-05 0.00053314 -1 0.316408
0 0 0 1
0.960348 -0.278802 -0.000244231 0.143282
-0.278802 -0.960348 -0.00048935 0.308119
-9.81152e-05 0.000538038 -1 0.317228
0 0 0 1
0.96461 -0.263681 -0.000242887 0.14137
-0.263681 -0.96461 -0.000496376 0.317974
-0.000103406 0.000542854 -1 0.318048
0 0 0 1
0.968633 -0.248495 -0.000241432 0.139459
-0.248495 -0.968633 -0.000503381 0.327829
-0.000108771 0.000547586 -1 0.318868
0 0 0 1
0.972417 -0.233247 -0.000239867 0.137548
-0.233247 -0.972417 -0.000510362 0.337684
-0.000114211 0.000552233 -1 0.319687
0 0 0 1
0.975962 -0.217942 -0.000238193 0.135637
-0.217942 -0.975962 -0.000517317 0.34754
-0.000119722 0.000556794 -1 0.320507
0 0 0 1
0.979265 -0.202583 -0.00023641 0.133726
-0.202583 -0.979265 -0.000524246 0.357395
-0.000125305 0.000561268 -1 0.321327
0 0 0 1
0.982327 -0.187174 -0.000234518 0.131814
-0.187174 -0.982327 -0.000531145 0.36725
-0.000130957 0.000565654 -1 0.322147
0 0 0 1
0.985146 -0.171719 -0.000232519 0.129903
-0.171719 -0.985146 -0.000538014 0.377105
-0.000136677 0.00056995 -1 0.322967
0 0 0 1
0.987722 -0.156221 -0.000230411 0.127992
-0.156222 -0.987722 -0.000544851 0.38696
-0.000142465 0.000574156 -1 0.323787
0 0 0 1
0.990054 -0.140685 -0.000228196 0.126081
-0.140685 -0.990054 -0.000551653 0.396815
-0.000148317 0.000578271 -1 0.324607
0 0 0 1
0.992142 -0.125115 -0.000225875 0.12417
-0.125115 -0.992142 -0.00055842 0.40667
-0.000154234 0.000582293 -1 0.325426
0 0 0 1
0.993985 -0.109513 -0.000223448 0.122258
-0.109513 -0.993985 -0.00056515 0.416525
-0.000160213 0.000586221 -1 0.326246
0 0 0 1
0.995583 -0.0938841 -0.000220915 0.120347
-0.0938842 -0.995583 -0.000571841 0.42638
-0.000166252 0.000590056 -1 0.327066
0 0 0 1
0.996935 -0.0782321 -0.000218277 0.118436
-0.0782323 -0.996935 -0.000578491 0.436236
-0.000172352 0.000593794 -1 0.327886
0 0 0 1
0.998041 -0.0625609 -0.000215536 0.116525
-0.062561 -0.998041 -0.000585099 0.446091
-0.000178509 0.000597437 -1 0.328706
0 0 0 1
0.998901 -0.0468743 -0.000212691 0.114614
-0.0468744 -0.998901 -0.000591663 0.455946
-0.000184723 0.000600982 -1 0.329526
0 0 0 1
0.999514 -0.031176 -0.000209743 0.112702
-0.0311762 -0.999514 -0.000598182 0.465801
-0.000190992 0.00060443 -1 0.330346
0 0 0 1
0.99988 -0.0154701 -0.000206693 0.110791
-0.0154702 -0.99988 -0.000604653 0.475656
-0.000197314 0.000607778 -1 0.331165
0 0 0 1
