1.55555 -2.1897 -0.644987 1.26328 -1.57099 3.12614
1.55287 -2.18948 -0.647544 1.26562 -1.57099 3.13917
1.55019 -2.18928 -0.650063 1.26794 -1.57099 -3.13098
1.54752 -2.1891 -0.652544 1.27025 -1.571 -3.11795
1.54484 -2.18894 -0.654987 1.27254 -1.571 -3.10491
1.54216 -2.18881 -0.657393 1.27482 -1.571 -3.09188
1.53949 -2.1887 -0.659762 1.27708 -1.571 -3.07884
1.53681 -2.1886 -0.662094 1.27933 -1.571 -3.06581
1.53414 -2.18853 -0.66439 1.28156 -1.571 -3.05277
1.53147 -2.18848 -0.66665 1.28378 -1.571 -3.03973
1.5288 -2.18845 -0.668875 1.28598 -1.571 -3.0267
1.52613 -2.18844 -0.671064 1.28816 -1.571 -3.01366
1.52346 -2.18846 -0.673218 1.29034 -1.57101 -3.00062
1.52079 -2.18849 -0.675338 1.29249 -1.57101 -2.98758
1.51812 -2.18854 -0.677423 1.29464 -1.57101 -2.97453
1.51545 -2.18861 -0.679474 1.29676 -1.57101 -2.96149
1.51279 -2.1887 -0.681491 1.29888 -1.57101 -2.94845
1.51012 -2.18881 -0.683474 1.30098 -1.57101 -2.9354
1.50746 -2.18894 -0.685425 1.30307 -1.57101 -2.92235
1.5048 -2.18909 -0.687342 1.30514 -1.57101 -2.90931
1.50214 -2.18926 -0.689226 1.3072 -1.57101 -2.89626
1.49948 -2.18945 -0.691078 1.30924 -1.57101 -2.88321
1.49682 -2.18965 -0.692897 1.31128 -1.57101 -2.87015
1.49416 -2.18988 -0.694684 1.3133 -1.57101 -2.8571
1.49151 -2.19012 -0.69644 1.3153 -1.57101 -2.84405
1.48885 -2.19039 -0.698163 1.31729 -1.57101 -2.83099
1.4862 -2.19067 -0.699855 1.31927 -1.57101 -2.81793
1.48355 -2.19097 -0.701516 1.32124 -1.57101 -2.80487
1.4809 -2.19128 -0.703145 1.32319 -1.57101 -2.79181
1.47825 -2.19162 -0.704744 1.32514 -1.57101 -2.77875
1.47561 -2.19197 -0.706312 1.32706 -1.57101 -2.76569
1.47296 -2.19235 -0.707849 1.32898 -1.57101 -2.75262
1.47032 -2.19274 -0.709356 1.33088 -1.57101 -2.73955
1.46768 -2.19314 -0.710833 1.33277 -1.57101 -2.72649
1.46504 -2.19357 -0.712279 1.33465 -1.57101 -2.71341
1.4624 -2.19401 -0.713696 1.33652 -1.57101 -2.70034
1.45976 -2.19447 -0.715083 1.33837 -1.571 -2.68727
1.45713 -2.19495 -0.71644 1.34021 -1.571 -2.67419
1.4545 -2.19544 -0.717768 1.34204 -1.571 -2.66111
1.45187 -2.19595 -0.719067 1.34386 -1.571 -2.64803
1.44924 -2.19648 -0.720336 1.34566 -1.571 -2.63495
1.44661 -2.19703 -0.721577 1.34745 -1.571 -2.62187
1.44399 -2.19759 -0.722788 1.34923 -1.571 -2.60878
1.44137 -2.19817 -0.723971 1.351 -1.571 -2.59569
1.43875 -2.19876 -0.725124 1.35276 -1.57099 -2.5826
1.43613 -2.19938 -0.72625 1.3545 -1.57099 -2.56951
1.43351 -2.20001 -0.727347 1.35624 -1.57099 -2.55642
1.4309 -2.20065 -0.728415 1.35796 -1.57099 -2.54332
1.42829 -2.20132 -0.729456 1.35967 -1.57099 -2.53022
1.42568 -2.20199 -0.730468 1.36137 -1.57099 -2.51712
1.42307 -2.20269 -0.731452 1.36305 -1.57098 -2.50402
1.42047 -2.2034 -0.732409 1.36473 -1.57098 -2.49091
1.41787 -2.20413 -0.733337 1.36639 -1.57098 -2.47781
1.41527 -2.20487 -0.734238 1.36804 -1.57098 -2.4647
1.41267 -2.20563 -0.735111 1.36968 -1.57097 -2.45158
1.41008 -2.20641 -0.735957 1.37131 -1.57097 -2.43847
1.40748 -2.2072 -0.736775 1.37292 -1.57097 -2.42535
1.40489 -2.20801 -0.737565 1.37453 -1.57097 -2.41223
1.4023 -2.20883 -0.738329 1.37612 -1.57097 -2.39911
1.39972 -2.20967 -0.739065 1.3777 -1.57096 -2.38598
1.39714 -2.21052 -0.739774 1.37927 -1.57096 -2.37286
1.39456 -2.2114 -0.740456 1.38083 -1.57096 -2.35973
1.39198 -2.21228 -0.741111 1.38238 -1.57095 -2.34659
1.38941 -2.21318 -0.741739 1.38392 -1.57095 -2.33346
1.38683 -2.2141 -0.74234 1.38544 -1.57095 -2.32032
1.38426 -2.21503 -0.742914 1.38695 -1.57095 -2.30718
1.3817 -2.21598 -0.743461 1.38846 -1.57094 -2.29403
1.37913 -2.21695 -0.743982 1.38995 -1.57094 -2.28089
1.37657 -2.21792 -0.744476 1.39142 -1.57094 -2.26774
1.37402 -2.21892 -0.744943 1.39289 -1.57093 -2.25459
1.37146 -2.21993 -0.745384 1.39435 -1.57093 -2.24143
1.36891 -2.22095 -0.745798 1.39579 -1.57093 -2.22828
1.36636 -2.22199 -0.746185 1.39723 -1.57092 -2.21511
1.36381 -2.22305 -0.746546 1.39865 -1.57092 -2.20195
1.36127 -2.22412 -0.746881 1.40006 -1.57091 -2.18879
1.35873 -2.2252 -0.747189 1.40146 -1.57091 -2.17562
1.35619 -2.2263 -0.747471 1.40285 -1.57091 -2.16244
1.35366 -2.22742 -0.747727 1.40422 -1.5709 -2.14927
1.35112 -2.22855 -0.747956 1.40559 -1.5709 -2.13609
1.3486 -2.22969 -0.748159 1.40694 -1.57089 -2.12291
1.34607 -2.23085 -0.748336 1.40828 -1.57089 -2.10972
1.34355 -2.94921 0.748486 0.629831 -1.57089 -2.09654
1.34103 -2.95052 0.74861 0.63102 -1.57088 -2.08335
1.33851 -2.95182 0.748708 0.632225 -1.57088 -2.07015
1.336 -2.95311 0.74878 0.633446 -1.57087 -2.05695
1.33349 -2.95438 0.748826 0.634682 -1.57087 -2.04375
1.33098 -2.95565 0.748845 0.635935 -1.57086 -2.03055
1.32848 -2.95691 0.748839 0.637203 -1.57086 -2.01734
1.32598 -2.95815 0.748806 0.638487 -1.57086 -2.00413
1.32348 -2.95939 0.748747 0.639787 -1.57085 -1.99092
1.32099 -2.96061 0.748662 0.641103 -1.57085 -1.9777
1.3185 -2.96183 0.74855 0.642434 -1.57084 -1.96448
1.31601 -2.96303 0.748413 0.643781 -1.57084 -1.95126
1.31353 -2.96422 0.748249 0.645143 -1.57083 -1.93803
1.31105 -2.96541 0.748059 0.646522 -1.57083 -1.9248
1.30858 -2.96658 0.747843 0.647916 -1.57082 -1.91157
1.3061 -2.96774 0.747601 0.649325 -1.57082 -1.89833
1.30363 -2.96889 0.747333 0.65075 -1.57081 -1.88509
1.30117 -2.97003 0.747038 0.652191 -1.57081 -1.87185
1.29871 -2.97117 0.746717 0.653647 -1.5708 -1.8586
1.29625 -2.97228 0.74637 0.655119 -1.5708 -1.84535
1.29625 -2.97228 0.74637 0.655119 -1.5708 -1.84535
1.29625 -2.97776 0.753089 0.653879 -1.5708 -1.84535
1.29625 -2.98321 0.759725 0.652687 -1.5708 -1.84535
1.29625 -2.98862 0.76628 0.651544 -1.5708 -1.84535
1.29625 -2.994 0.772757 0.650447 -1.5708 -1.84535
1.29625 -2.99935 0.779157 0.649397 -1.5708 -1.84535
1.29625 -3.00467 0.785482 0.648391 -1.5708 -1.84535
1.29625 -3.00996 0.791733 0.647429 -1.5708 -1.84535
1.29625 -3.01522 0.797912 0.64651 -1.5708 -1.84535
1.29625 -3.02045 0.804021 0.645634 -1.5708 -1.84535
1.29625 -3.02566 0.810062 0.6448 -1.5708 -1.84535
1.29625 -3.03084 0.816035 0.644006 -1.5708 -1.84535
1.29625 -3.03599 0.821941 0.643253 -1.5708 -1.84535
1.29625 -3.04112 0.827783 0.642539 -1.5708 -1.84535
1.29625 -3.04622 0.833562 0.641864 -1.5708 -1.84535
1.29625 -3.0513 0.839277 0.641228 -1.5708 -1.84535
1.29625 -3.05636 0.844932 0.640629 -1.5708 -1.84535
1.29625 -3.06139 0.850527 0.640067 -1.5708 -1.84535
1.29625 -3.0664 0.856062 0.639542 -1.5708 -1.84535
1.29625 -3.07139 0.86154 0.639053 -1.5708 -1.84535
1.29625 -3.07636 0.86696 0.6386 -1.5708 -1.84535
1.29625 -3.0813 0.872324 0.638182 -1.5708 -1.84535
1.29625 -3.08623 0.877633 0.637798 -1.5708 -1.84535
1.29625 -3.09113 0.882888 0.637448 -1.5708 -1.84535
1.29625 -3.09602 0.888089 0.637132 -1.5708 -1.84535
1.29625 -3.10088 0.893237 0.63685 -1.5708 -1.84535
1.29625 -3.10573 0.898334 0.6366 -1.5708 -1.84535
1.29625 -3.11056 0.903379 0.636382 -1.5708 -1.84535
1.29625 -3.11537 0.908374 0.636197 -1.5708 -1.84535
1.29625 -3.12016 0.913319 0.636043 -1.5708 -1.84535
1.29625 -3.12493 0.918215 0.635921 -1.5708 -1.84535
1.29625 -3.12969 0.923063 0.635829 -1.5708 -1.84535
1.29625 -3.13443 0.927864 0.635769 -1.5708 -1.84535
1.29625 -3.13915 0.932617 0.635738 -1.5708 -1.84535
1.29625 -3.14386 0.937324 0.635737 -1.5708 -1.84535
1.29625 -3.14855 0.941984 0.635767 -1.5708 -1.84535
1.29625 -3.15322 0.9466 0.635825 -1.5708 -1.84535
1.29625 -3.15788 0.951171 0.635913 -1.5708 -1.84535
1.29625 -3.16252 0.955697 0.636029 -1.5708 -1.84535
1.29625 -3.16715 0.96018 0.636174 -1.5708 -1.84535
1.29625 -3.17176 0.96462 0.636347 -1.5708 -1.84535
1.29625 -3.17636 0.969017 0.636548 -1.5708 -1.84535
1.29625 -3.18094 0.973372 0.636776 -1.5708 -1.84535
1.29625 -3.18551 0.977685 0.637033 -1.5708 -1.84535
1.29625 -3.19007 0.981956 0.637316 -1.5708 -1.84535
1.29625 -3.19461 0.986187 0.637626 -1.5708 -1.84535
1.29625 -3.19914 0.990377 0.637964 -1.5708 -1.84535
1.29625 -3.20365 0.994527 0.638327 -1.5708 -1.84535
1.29625 -3.20815 0.998638 0.638717 -1.5708 -1.84535
1.29625 -2.2536 -1.00271 -4.59768 -1.5708 -1.84535
1.29625 -2.25425 -1.00674 -4.59299 -1.5708 -1.84535
1.29625 -2.25492 -1.01073 -4.58832 -1.5708 -1.84535
1.29625 -2.25562 -1.01469 -4.58367 -1.5708 -1.84535
1.29625 -2.25635 -1.01861 -4.57903 -1.5708 -1.84535
1.29625 -2.25709 -1.02249 -4.5744 -1.5708 -1.84535
1.29625 -2.25786 -1.02633 -4.56979 -1.5708 -1.84535
1.29625 -2.25866 -1.03014 -4.56519 -1.5708 -1.84535
1.29625 -2.25947 -1.03391 -4.5606 -1.5708 -1.84535
1.29625 -2.26031 -1.03764 -4.55603 -1.5708 -1.84535
1.29625 -2.26118 -1.04134 -4.55147 -1.5708 -1.84535
1.29625 -2.26206 -1.045 -4.54692 -1.5708 -1.84535
1.29625 -2.26297 -1.04862 -4.54239 -1.5708 -1.84535
1.29625 -2.2639 -1.05221 -4.53787 -1.5708 -1.84535
1.29625 -2.26485 -1.05577 -4.53336 -1.5708 -1.84535
1.29625 -2.26582 -1.05929 -4.52887 -1.5708 -1.84535
1.29625 -2.26682 -1.06278 -4.52439 -1.5708 -1.84535
1.29625 -2.26784 -1.06623 -4.51992 -1.5708 -1.84535
1.29625 -2.26888 -1.06965 -4.51546 -1.5708 -1.84535
1.29625 -2.26994 -1.07303 -4.51101 -1.5708 -1.84535
1.29625 -2.27102 -1.07639 -4.50658 -1.5708 -1.84535
1.29625 -2.27212 -1.0797 -4.50216 -1.5708 -1.84535
1.29625 -2.27324 -1.08299 -4.49775 -1.5708 -1.84535
1.29625 -2.27439 -1.08624 -4.49335 -1.5708 -1.84535
1.29625 -2.27556 -1.08946 -4.48896 -1.5708 -1.84535
1.29625 -2.27674 -1.09265 -4.48459 -1.5708 -1.84535
1.29625 -2.27795 -1.0958 -4.48023 -1.5708 -1.84535
1.29625 -2.27918 -1.09893 -4.47588 -1.5708 -1.84535
1.29625 -2.28043 -1.10202 -4.47154 -1.5708 -1.84535
1.29625 -2.28169 -1.10508 -4.46721 -1.5708 -1.84535
1.29625 -2.28298 -1.10811 -4.46289 -1.5708 -1.84535
1.29625 -2.28429 -1.1111 -4.45859 -1.5708 -1.84535
1.29625 -2.28562 -1.11407 -4.45429 -1.5708 -1.84535
1.29625 -2.28697 -1.117 -4.45001 -1.5708 -1.84535
1.29625 -2.28834 -1.11991 -4.44574 -1.5708 -1.84535
1.29625 -2.28972 -1.12278 -4.44148 -1.5708 -1.84535
1.29625 -2.29113 -1.12562 -4.43723 -1.5708 -1.84535
1.29625 -2.29256 -1.12844 -4.43299 -1.5708 -1.84535
1.29625 -2.294 -1.13122 -4.42876 -1.5708 -1.84535
1.29625 -2.29547 -1.13397 -4.42455 -1.5708 -1.84535
1.29625 -2.29695 -1.13669 -4.42034 -1.5708 -1.84535
1.29625 -2.29845 -1.13938 -4.41614 -1.5708 -1.84535
1.29625 -2.29998 -1.14205 -4.41196 -1.5708 -1.84535
1.29625 -2.30152 -1.14468 -4.40779 -1.5708 -1.84535
1.29625 -2.30308 -1.14728 -4.40362 -1.5708 -1.84535
1.29625 -2.30465 -1.14986 -4.39947 -1.5708 -1.84535
1.29625 -2.30625 -1.1524 -4.39533 -1.5708 -1.84535
1.29625 -2.30786 -1.15492 -4.3912 -1.5708 -1.84535
1.29625 -2.3095 -1.1574 -4.38708 -1.5708 -1.84535
1.29625 -2.31115 -1.15986 -4.38297 -1.5708 -1.84535
1.29625 -2.31282 -1.16229 -4.37887 -1.5708 -1.84535
1.29625 -2.31451 -1.16469 -4.37478 -1.5708 -1.84535
1.29625 -2.31451 -1.16469 -4.37478 -1.5708 -1.84535
1.29625 -2.31282 -1.16229 -4.37887 -1.5708 -1.84535
1.29625 -2.31115 -1.15986 -4.38297 -1.5708 -1.84535
1.29625 -2.3095 -1.1574 -4.38708 -1.5708 -1.84535
1.29625 -2.30786 -1.15492 -4.3912 -1.5708 -1.84535
1.29625 -2.30625 -1.1524 -4.39533 -1.5708 -1.84535
1.29625 -2.30465 -1.14986 -4.39947 -1.5708 -1.84535
1.29625 -2.30308 -1.14728 -4.40362 -1.5708 -1.84535
1.29625 -2.30152 -1.14468 -4.40779 -1.5708 -1.84535
1.29625 -2.29998 -1.14205 -4.41196 -1.5708 -1.84535
1.29625 -2.29845 -1.13938 -4.41614 -1.5708 -1.84535
1.29625 -2.29695 -1.13669 -4.42034 -1.5708 -1.84535
1.29625 -2.29547 -1.13397 -4.42455 -1.5708 -1.84535
1.29625 -2.294 -1.13122 -4.42876 -1.5708 -1.84535
1.29625 -2.29256 -1.12844 -4.43299 -1.5708 -1.84535
1.29625 -2.29113 -1.12562 -4.43723 -1.5708 -1.84535
1.29625 -2.28972 -1.12278 -4.44148 -1.5708 -1.84535
1.29625 -2.28834 -1.11991 -4.44574 -1.5708 -1.84535
1.29625 -2.28697 -1.117 -4.45001 -1.5708 -1.84535
1.29625 -2.28562 -1.11407 -4.45429 -1.5708 -1.84535
1.29625 -2.28429 -1.1111 -4.45859 -1.5708 -1.84535
1.29625 -2.28298 -1.10811 -4.46289 -1.5708 -1.84535
1.29625 -2.28169 -1.10508 -4.46721 -1.5708 -1.84535
1.29625 -2.28043 -1.10202 -4.47154 -1.5708 -1.84535
1.29625 -2.27918 -1.09893 -4.47588 -1.5708 -1.84535
1.29625 -2.27795 -1.0958 -4.48023 -1.5708 -1.84535
1.29625 -2.27674 -1.09265 -4.48459 -1.5708 -1.84535
1.29625 -2.27556 -1.08946 -4.48896 -1.5708 -1.84535
1.29625 -2.27439 -1.08624 -4.49335 -1.5708 -1.84535
1.29625 -2.27325 -1.08299 -4.49775 -1.5708 -1.84535
1.29625 -2.27212 -1.0797 -4.50216 -1.5708 -1.84535
1.29625 -2.27102 -1.07639 -4.50658 -1.5708 -1.84535
1.29625 -2.26994 -1.07303 -4.51101 -1.5708 -1.84535
1.29625 -2.26888 -1.06965 -4.51546 -1.5708 -1.84535
1.29625 -2.26784 -1.06623 -4.51992 -1.5708 -1.84535
1.29625 -2.26682 -1.06278 -4.52439 -1.5708 -1.84535
1.29625 -2.26582 -1.05929 -4.52887 -1.5708 -1.84535
1.29625 -2.26485 -1.05577 -4.53336 -1.5708 -1.84535
1.29625 -2.2639 -1.05221 -4.53787 -1.5708 -1.84535
1.29625 -2.26297 -1.04862 -4.54239 -1.5708 -1.84535
1.29625 -2.26206 -1.045 -4.54692 -1.5708 -1.84535
1.29625 -2.26118 -1.04134 -4.55147 -1.5708 -1.84535
1.29625 -2.26031 -1.03764 -4.55603 -1.5708 -1.84535
1.29625 -2.25947 -1.03391 -4.5606 -1.5708 -1.84535
1.29625 -2.25866 -1.03014 -4.56519 -1.5708 -1.84535
1.29625 -2.25786 -1.02633 -4.56979 -1.5708 -1.84535
1.29625 -2.25709 -1.02249 -4.5744 -1.5708 -1.84535
1.29625 -2.25635 -1.01861 -4.57903 -1.5708 -1.84535
1.29625 -2.25562 -1.01469 -4.58367 -1.5708 -1.84535
1.29625 -2.25492 -1.01074 -4.58832 -1.5708 -1.84535
1.29625 -2.25425 -1.00674 -4.59299 -1.5708 -1.84535
1.29625 -2.2536 -1.00271 -4.59767 -1.5708 -1.84535
1.29625 -3.20815 0.998638 0.638718 -1.5708 -1.84535
1.29625 -3.20365 0.994528 0.638327 -1.5708 -1.84535
1.29625 -3.19914 0.990378 0.637964 -1.5708 -1.84535
1.29625 -3.19461 0.986187 0.637626 -1.5708 -1.84535
1.29625 -3.19007 0.981957 0.637316 -1.5708 -1.84535
1.29625 -3.18551 0.977685 0.637033 -1.5708 -1.84535
1.29625 -3.18094 0.973372 0.636776 -1.5708 -1.84535
1.29625 -3.17636 0.969017 0.636548 -1.5708 -1.84535
1.29625 -3.17176 0.96462 0.636347 -1.5708 -1.84535
1.29625 -3.16715 0.960181 0.636174 -1.5708 -1.84535
1.29625 -3.16252 0.955698 0.636029 -1.5708 -1.84535
1.29625 -3.15788 0.951171 0.635913 -1.5708 -1.84535
1.29625 -3.15322 0.9466 0.635825 -1.5708 -1.84535
1.29625 -3.14855 0.941985 0.635767 -1.5708 -1.84535
1.29625 -3.14386 0.937324 0.635737 -1.5708 -1.84535
1.29625 -3.13915 0.932617 0.635738 -1.5708 -1.84535
1.29625 -3.13443 0.927864 0.635769 -1.5708 -1.84535
1.29625 -3.12969 0.923064 0.635829 -1.5708 -1.84535
1.29625 -3.12493 0.918216 0.635921 -1.5708 -1.84535
1.29625 -3.12016 0.91332 0.636043 -1.5708 -1.84535
1.29625 -3.11537 0.908374 0.636197 -1.5708 -1.84535
1.29625 -3.11056 0.903379 0.636382 -1.5708 -1.84535
1.29625 -3.10573 0.898334 0.6366 -1.5708 -1.84535
1.29625 -3.10088 0.893238 0.63685 -1.5708 -1.84535
1.29625 -3.09602 0.888089 0.637132 -1.5708 -1.84535
1.29625 -3.09113 0.882888 0.637448 -1.5708 -1.84535
1.29625 -3.08623 0.877633 0.637798 -1.5708 -1.84535
1.29625 -3.0813 0.872325 0.638182 -1.5708 -1.84535
1.29625 -3.07636 0.86696 0.6386 -1.5708 -1.84535
1.29625 -3.07139 0.86154 0.639053 -1.5708 -1.84535
1.29625 -3.0664 0.856063 0.639542 -1.5708 -1.84535
1.29625 -3.06139 0.850527 0.640067 -1.5708 -1.84535
1.29625 -3.05636 0.844933 0.640629 -1.5708 -1.84535
1.29625 -3.0513 0.839278 0.641228 -1.5708 -1.84535
1.29625 -3.04622 0.833562 0.641864 -1.5708 -1.84535
1.29625 -3.04112 0.827784 0.642539 -1.5708 -1.84535
1.29625 -3.03599 0.821942 0.643253 -1.5708 -1.84535
1.29625 -3.03084 0.816035 0.644006 -1.5708 -1.84535
1.29625 -3.02566 0.810062 0.6448 -1.5708 -1.84535
1.29625 -3.02045 0.804022 0.645634 -1.5708 -1.84535
1.29625 -3.01522 0.797913 0.64651 -1.5708 -1.84535
1.29625 -3.00996 0.791733 0.647429 -1.5708 -1.84535
1.29625 -3.00467 0.785482 0.648391 -1.5708 -1.84535
1.29625 -2.99935 0.779157 0.649397 -1.5708 -1.84535
1.29625 -2.994 0.772757 0.650447 -1.5708 -1.84535
1.29625 -2.98862 0.766281 0.651544 -1.5708 -1.84535
1.29625 -2.98321 0.759725 0.652687 -1.5708 -1.84535
1.29625 -2.97776 0.753089 0.653879 -1.5708 -1.84535
1.29625 -2.97229 0.74637 0.655119 -1.5708 -1.84535
1.29673 -2.97247 0.747018 0.65499 -1.56962 -1.84486
1.29823 -2.97098 0.746069 0.653772 -1.57197 -1.85908
1.30165 -2.97023 0.747714 0.65207 -1.56964 -1.87136
1.30316 -2.96871 0.746685 0.65087 -1.57195 -1.88556
1.30658 -2.96794 0.748305 0.649213 -1.56966 -1.89785
1.30811 -2.9664 0.747196 0.64803 -1.57194 -1.91203
1.31153 -2.96561 0.74879 0.646418 -1.56968 -1.92433
1.31308 -2.96404 0.747603 0.645252 -1.57193 -1.93848
1.31648 -2.96324 0.749169 0.643686 -1.5697 -1.95079
1.31806 -2.96165 0.747906 0.642538 -1.57192 -1.96493
1.32146 -2.96082 0.749443 0.641016 -1.56972 -1.97724
1.32305 -2.95921 0.748106 0.639886 -1.5719 -1.99135
1.32644 -2.95837 0.749612 0.63841 -1.56975 -2.00367
1.32805 -2.95673 0.748201 0.637297 -1.57189 -2.01777
1.33144 -2.95587 0.749676 0.635866 -1.56977 -2.03009
1.33307 -2.95421 0.748192 0.634771 -1.57187 -2.04417
1.33645 -2.95333 0.749634 0.633386 -1.56979 -2.0565
1.3381 -2.95165 0.748078 0.632308 -1.57186 -2.07056
1.34147 -2.95075 0.749487 0.630969 -1.56982 -2.0829
1.34315 -2.94905 0.747861 0.62991 -1.57184 -2.09693
1.34651 -2.23022 -0.749234 1.40918 -1.56984 -2.10928
1.34821 -2.23012 -0.747539 1.40637 -1.57183 -2.1233
1.35156 -2.2279 -0.748875 1.40652 -1.56987 -2.13566
1.35328 -2.22784 -0.747113 1.40365 -1.57181 -2.14965
1.35662 -2.22564 -0.748411 1.40381 -1.56989 -2.16202
1.35836 -2.22562 -0.746582 1.40089 -1.57179 -2.17599
1.36169 -2.22344 -0.747841 1.40105 -1.56992 -2.18837
1.36345 -2.22346 -0.745946 1.39808 -1.57177 -2.20231
1.36677 -2.2213 -0.747164 1.39825 -1.56994 -2.2147
1.36856 -2.22136 -0.745205 1.39523 -1.57176 -2.22862
1.37186 -2.21922 -0.746381 1.3954 -1.56997 -2.24103
1.37368 -2.21932 -0.744359 1.39233 -1.57174 -2.25493
1.37697 -2.2172 -0.745491 1.3925 -1.57 -2.26734
1.3788 -2.21735 -0.743406 1.38939 -1.57172 -2.28122
1.38209 -2.21524 -0.744493 1.38956 -1.57003 -2.29365
1.38394 -2.21543 -0.742348 1.38641 -1.5717 -2.3075
1.38721 -2.21335 -0.743388 1.38657 -1.57005 -2.31994
1.3891 -2.21357 -0.741182 1.38338 -1.57168 -2.33377
1.39235 -2.21152 -0.742175 1.38353 -1.57008 -2.34622
1.39426 -2.21178 -0.73991 1.3803 -1.57166 -2.36002
1.3975 -2.20975 -0.740853 1.38045 -1.57011 -2.37249
1.39943 -2.21005 -0.73853 1.37718 -1.57164 -2.38627
1.40266 -2.20804 -0.739423 1.37732 -1.57014 -2.39876
1.40461 -2.20838 -0.737042 1.37401 -1.57162 -2.41251
1.40782 -2.2064 -0.737882 1.37415 -1.57017 -2.42501
1.40981 -2.20677 -0.735445 1.3708 -1.5716 -2.43874
1.413 -2.20482 -0.736231 1.37093 -1.5702 -2.45125
1.41501 -2.20523 -0.733738 1.36754 -1.57158 -2.46495
1.41819 -2.2033 -0.73447 1.36766 -1.57023 -2.47748
1.42022 -2.20375 -0.731922 1.36424 -1.57156 -2.49116
1.42339 -2.20185 -0.732596 1.36434 -1.57026 -2.50371
1.42544 -2.20233 -0.729995 1.36089 -1.57154 -2.51736
1.42859 -2.20047 -0.730611 1.36098 -1.57029 -2.52992
1.43067 -2.20098 -0.727956 1.3575 -1.57152 -2.54355
1.4338 -2.19915 -0.728512 1.35757 -1.57032 -2.55613
1.43591 -2.19969 -0.725805 1.35405 -1.5715 -2.56973
1.43903 -2.1979 -0.726299 1.35411 -1.57035 -2.58233
1.44116 -2.19848 -0.72354 1.35057 -1.57148 -2.5959
1.44426 -2.19672 -0.723972 1.3506 -1.57038 -2.60851
1.44642 -2.19732 -0.721161 1.34703 -1.57145 -2.62206
1.4495 -2.1956 -0.721528 1.34704 -1.57041 -2.6347
1.45168 -2.19624 -0.718667 1.34345 -1.57143 -2.64822
1.45474 -2.19455 -0.718968 1.34344 -1.57044 -2.66087
1.45696 -2.19522 -0.716057 1.33982 -1.57141 -2.67437
1.46 -2.19358 -0.716289 1.33978 -1.57047 -2.68704
1.46224 -2.19427 -0.71333 1.33614 -1.57139 -2.70051
1.46526 -2.19267 -0.713492 1.33608 -1.5705 -2.71319
1.46752 -2.19339 -0.710483 1.33241 -1.57136 -2.72664
1.47053 -2.19183 -0.710574 1.33232 -1.57053 -2.73935
1.47282 -2.19258 -0.707517 1.32864 -1.57134 -2.75277
1.4758 -2.19106 -0.707535 1.32851 -1.57056 -2.76549
1.47812 -2.19185 -0.70443 1.32481 -1.57132 -2.77888
1.48108 -2.19037 -0.704372 1.32466 -1.57059 -2.79163
1.48342 -2.19118 -0.70122 1.32093 -1.5713 -2.805
1.48637 -2.18975 -0.701086 1.32075 -1.57062 -2.81776
1.48874 -2.19059 -0.697887 1.31701 -1.57127 -2.8311
1.49166 -2.1892 -0.697673 1.31678 -1.57065 -2.84389
1.49406 -2.19006 -0.694427 1.31303 -1.57125 -2.85721
1.49696 -2.18873 -0.694133 1.31277 -1.57068 -2.87001
1.49938 -2.18962 -0.690841 1.309 -1.57123 -2.8833
1.50227 -2.18833 -0.690464 1.3087 -1.57071 -2.89613
1.50471 -2.18925 -0.687125 1.30491 -1.57121 -2.90939
1.50757 -2.18801 -0.686663 1.30457 -1.57074 -2.92224
1.51005 -2.18895 -0.683278 1.30077 -1.57118 -2.93548
1.51289 -2.18777 -0.68273 1.30039 -1.57077 -2.94834
1.51539 -2.18874 -0.679299 1.29658 -1.57116 -2.96156
1.51821 -2.18761 -0.678662 1.29615 -1.5708 -2.97444
1.52073 -2.1886 -0.675185 1.29233 -1.57114 -2.98763
1.52353 -2.18753 -0.674456 1.29185 -1.57083 -3.00054
1.52608 -2.18854 -0.670933 1.28803 -1.57111 -3.0137
1.52886 -2.18752 -0.670112 1.2875 -1.57086 -3.02663
1.53143 -2.18856 -0.666542 1.28366 -1.57109 -3.03977
1.53419 -2.1876 -0.665625 1.28308 -1.57089 -3.05272
1.53678 -2.18867 -0.662009 1.27924 -1.57107 -3.06584
1.53952 -2.18777 -0.660994 1.27861 -1.57092 -3.07881
1.54214 -2.18885 -0.657332 1.27476 -1.57105 -3.0919
1.54486 -2.18802 -0.656216 1.27407 -1.57095 -3.10489
1.5475 -2.18913 -0.652507 1.27021 -1.57102 -3.11796
1.5502 -2.18836 -0.651289 1.26947 -1.57098 -3.13097
1.55287 -2.18949 -0.647532 1.2656 -1.571 3.13917
1.55554 -2.18878 -0.646208 1.2648 -1.57101 3.12614
1.55554 -2.18878 -0.646208 1.2648 -1.57101 3.12613
1.55156 -2.15409 -0.705266 1.28917 -1.57101 3.13787
1.54744 -2.12158 -0.759576 1.31096 -1.571 -3.13374
1.54315 -2.09079 -0.810082 1.33067 -1.571 -3.12231
1.53869 -2.06141 -0.857442 1.34865 -1.57099 -3.11106
1.53406 -2.03319 -0.902138 1.36512 -1.57099 -3.09998
1.52924 -2.00597 -0.944536 1.3803 -1.57099 -3.08909
1.52423 -1.97961 -0.984919 1.39431 -1.57098 -3.07839
1.519 -1.954 -1.02351 1.40729 -1.57098 -3.06791
1.51355 -1.92904 -1.0605 1.41931 -1.57098 -3.05765
1.50787 -1.90468 -1.09602 1.43047 -1.57097 -3.04762
1.50193 -1.88084 -1.13021 1.44082 -1.57097 -3.03785
1.49573 -1.85749 -1.16317 1.45042 -1.57097 -3.02834
1.48924 -1.83457 -1.19498 1.45931 -1.57097 -3.01912
1.48244 -2.98176 1.22573 0.185783 -1.57096 -3.0102
1.47533 -2.98757 1.25546 0.161854 -1.57096 -3.00161
1.46787 -2.9928 1.28424 0.138298 -1.57096 -2.99336
1.46004 -2.99748 1.31211 0.115095 -1.57096 -2.98547
1.45182 -3.00162 1.33912 0.0922286 -1.57096 -2.97799
1.44318 -3.00526 1.36529 0.069687 -1.57096 -2.97092
1.43408 -3.00841 1.39066 0.0474618 -1.57096 -2.96431
1.4245 -3.01109 1.41525 0.0255477 -1.57095 -2.95818
1.4144 -3.01332 1.43908 0.00394317 -1.57095 -2.95257
1.40374 -3.01513 1.46217 -0.0173503 -1.57095 -2.94751
1.39248 -3.01652 1.48454 -0.0383278 -1.57095 -2.94306
1.38058 -3.01752 1.50619 -0.0589813 -1.57095 -2.93926
1.36798 -3.01815 1.52713 -0.0792992 -1.57095 -2.93614
1.35464 -3.01843 1.54737 -0.0992667 -1.57095 -2.93377
1.34049 -3.01838 1.56692 -0.118865 -1.57096 -2.93221
1.32548 -3.01803 1.58576 -0.138072 -1.57096 -2.93151
1.30954 -3.0174 1.60392 -0.156862 -1.57096 -2.93174
1.2926 -3.01652 1.62137 -0.175204 -1.57096 -2.93297
1.27458 -3.01542 1.63812 -0.193065 -1.57096 -2.93528
1.25542 -3.01413 1.65416 -0.210404 -1.57097 -2.93874
1.23501 -3.01268 1.66948 -0.22718 -1.57097 -2.94343
1.21329 -3.01111 1.68407 -0.243344 -1.57097 -2.94944
1.19015 -3.00947 1.69792 -0.258845 -1.57098 -2.95687
1.16552 -3.00779 1.71101 -0.273627 -1.57098 -2.96579
1.13931 -3.00612 1.72334 -0.287629 -1.57098 -2.97629
1.11143 -3.00451 1.73488 -0.300788 -1.57099 -2.98846
1.08181 -3.00301 1.74562 -0.313038 -1.57099 -3.00237
1.05038 -3.00167 1.75554 -0.324311 -1.571 -3.01809
1.01708 -3.00053 1.76462 -0.334538 -1.571 -3.03567
0.981894 -2.99966 1.77285 -0.343652 -1.57101 -3.05515
0.944796 -2.99909 1.7802 -0.351587 -1.57102 -3.07654
0.905806 -2.99887 1.78667 -0.358284 -1.57102 -3.09982
0.86497 -2.99905 1.79223 -0.363688 -1.57103 -3.12495
0.822367 -2.99965 1.79688 -0.367752 -1.57103 3.13135
0.778112 -3.0007 1.80061 -0.370441 -1.57104 3.1028
0.732354 -3.00222 1.8034 -0.37173 -1.57104 3.07275
0.685278 -3.00421 1.80526 -0.371607 -1.57105 3.04139
0.637092 -3.00669 1.80619 -0.370073 -1.57105 3.00891
0.588033 -3.00963 1.80618 -0.36714 -1.57106 2.97556
0.538351 -3.01301 1.80525 -0.362835 -1.57106 2.94159
0.488304 -3.01682 1.8034 -0.357195 -1.57106 2.90726
0.43815 -3.021 1.80064 -0.350267 -1.57107 2.87281
0.38814 -3.02553 1.79699 -0.342105 -1.57107 2.83851
0.33851 -3.03035 1.79246 -0.332769 -1.57107 2.80459
0.289478 -3.03542 1.78707 -0.322326 -1.57107 2.77127
0.241236 -3.04069 1.78084 -0.310841 -1.57106 2.73874
0.193951 -3.0461 1.77378 -0.298384 -1.57106 2.70717
0.147764 -3.05161 1.76592 -0.285023 -1.57106 2.67669
0.102787 -3.05716 1.75726 -0.270823 -1.57105 2.64742
0.059109 -3.06271 1.74783 -0.25585 -1.57105 2.61945
0.0167932 -3.06822 1.73764 -0.240163 -1.57105 2.59285
-0.0241174 -3.07364 1.7267 -0.223821 -1.57104 2.56765
-0.0635991 -3.07893 1.71504 -0.206876 -1.57103 2.54388
-0.101644 -3.08405 1.70265 -0.189379 -1.57103 2.52154
-0.138259 -3.08897 1.68956 -0.171376 -1.57102 2.50064
-0.173461 -3.09366 1.67578 -0.152906 -1.57102 2.48115
-0.207275 -3.09809 1.66131 -0.134009 -1.57101 2.46304
-0.239736 -3.10223 1.64615 -0.114718 -1.571 2.44629
-0.270883 -3.10607 1.63033 -0.0950631 -1.57099 2.43086
-0.300758 -3.10957 1.61383 -0.0750707 -1.57099 2.41669
-0.329406 -3.11272 1.59667 -0.0547641 -1.57098 2.40375
-0.356875 -3.11549 1.57884 -0.0341634 -1.57097 2.392
-0.383212 -3.11788 1.56035 -0.0132855 -1.57097 2.38137
-0.408466 -3.11986 1.54119 0.00785544 -1.57096 2.37182
-0.432684 -3.12142 1.52136 0.0292483 -1.57095 2.36332
-0.455912 -3.12255 1.50085 0.0508843 -1.57094 2.3558
-0.478198 -3.12323 1.47966 0.0727577 -1.57094 2.34922
-0.499585 -3.12345 1.45777 0.0948648 -1.57093 2.34355
-0.520115 -3.1232 1.43517 0.117205 -1.57092 2.33873
-0.539831 -3.12246 1.41186 0.139779 -1.57091 2.33472
-0.558771 -3.12121 1.3878 0.162592 -1.57091 2.33149
-0.576973 -3.11945 1.36298 0.18565 -1.5709 2.329
-0.594473 -3.11716 1.33738 0.208963 -1.57089 2.32721
-0.611306 -3.11432 1.31096 0.232542 -1.57089 2.32609
-0.627504 -3.11092 1.28369 0.256403 -1.57088 2.3256
-0.643097 -3.10692 1.25554 0.280564 -1.57087 2.32572
-0.658115 -3.10232 1.22646 0.305049 -1.57087 2.32641
-0.672586 -3.09709 1.19639 0.329882 -1.57086 2.32765
-0.686536 -3.09119 1.16529 0.355096 -1.57085 2.32941
-0.69999 -3.0846 1.13306 0.380728 -1.57084 2.33167
-0.712972 -3.07727 1.09965 0.40682 -1.57084 2.33439
-0.725503 -3.06916 1.06493 0.433424 -1.57083 2.33757
-0.737605 -3.06022 1.02881 0.460602 -1.57082 2.34118
-0.749297 -3.05037 0.991144 0.488427 -1.57082 2.3452
-0.760599 -3.03955 0.951757 0.516989 -1.57081 2.34961
-0.771528 -2.1562 -0.910445 1.49585 -1.5708 2.35439
-0.782077 -2.1844 -0.86705 1.48065 -1.5708 2.35952
-0.782077 -2.18386 -0.873041 1.4861 -1.5708 2.35952
-0.782077 -2.18336 -0.878969 1.49153 -1.5708 2.35952
-0.782077 -2.18289 -0.884838 1.49693 -1.5708 2.35952
-0.782077 -2.18246 -0.890648 1.50231 -1.5708 2.35952
-0.782077 -2.18206 -0.896401 1.50767 -1.5708 2.35952
-0.782077 -2.1817 -0.902096 1.513 -1.5708 2.35952
-0.782077 -2.18137 -0.907735 1.51831 -1.5708 2.35952
-0.782077 -2.18107 -0.91332 1.5236 -1.5708 2.35952
-0.782077 -2.18081 -0.91885 1.52886 -1.5708 2.35952
-0.782077 -2.18058 -0.924327 1.53411 -1.5708 2.35952
-0.782077 -2.18037 -0.929751 1.53933 -1.5708 2.35952
-0.782077 -2.18021 -0.935124 1.54453 -1.5708 2.35952
-0.782077 -2.18007 -0.940445 1.54972 -1.5708 2.35952
-0.782077 -2.17996 -0.945717 1.55488 -1.5708 2.35952
-0.782077 -2.17988 -0.950939 1.56003 -1.5708 2.35952
-0.782077 -2.17984 -0.956113 1.56515 -1.5708 2.35952
-0.782077 -2.17982 -0.961238 1.57026 -1.5708 2.35952
-0.782077 -2.17983 -0.966316 -4.70784 -1.5708 2.35952
-0.782077 -2.17987 -0.971347 -4.70276 -1.5708 2.35952
-0.782077 -2.17994 -0.976332 -4.69771 -1.5708 2.35952
-0.782077 -2.18004 -0.981272 -4.69267 -1.5708 2.35952
-0.782077 -2.18016 -0.986166 -4.68765 -1.5708 2.35952
-0.782077 -2.18032 -0.991016 -4.68265 -1.5708 2.35952
-0.782077 -2.1805 -0.995822 -4.67766 -1.5708 2.35952
-0.782077 -2.1807 -1.00058 -4.67269 -1.5708 2.35952
-0.782077 -2.18094 -1.0053 -4.66774 -1.5708 2.35952
-0.782077 -2.1812 -1.00998 -4.6628 -1.5708 2.35952
-0.782077 -2.18149 -1.01462 -4.65787 -1.5708 2.35952
-0.782077 -2.18181 -1.01921 -4.65297 -1.5708 2.35952
-0.782077 -2.18215 -1.02376 -4.64807 -1.5708 2.35952
-0.782077 -2.18251 -1.02828 -4.64319 -1.5708 2.35952
-0.782077 -2.18291 -1.03275 -4.63833 -1.5708 2.35952
-0.782077 -2.18333 -1.03718 -4.63348 -1.5708 2.35952
-0.782077 -2.18377 -1.04157 -4.62864 -1.5708 2.35952
-0.782077 -2.18424 -1.04593 -4.62382 -1.5708 2.35952
-0.782077 -2.18473 -1.05024 -4.61901 -1.5708 2.35952
-0.782077 -2.18525 -1.05452 -4.61421 -1.5708 2.35952
-0.782077 -2.18579 -1.05876 -4.60943 -1.5708 2.35952
-0.782077 -2.18636 -1.06296 -4.60466 -1.5708 2.35952
-0.782077 -2.18695 -1.06712 -4.59991 -1.5708 2.35952
-0.782077 -2.18756 -1.07125 -4.59517 -1.5708 2.35952
-0.782077 -2.1882 -1.07534 -4.59044 -1.5708 2.35952
-0.782077 -2.18887 -1.0794 -4.58572 -1.5708 2.35952
-0.782077 -2.18955 -1.08342 -4.58101 -1.5708 2.35952
-0.782077 -2.19026 -1.0874 -4.57632 -1.5708 2.35952
-0.782077 -2.19099 -1.09135 -4.57164 -1.5708 2.35952
-0.782077 -2.19175 -1.09526 -4.56697 -1.5708 2.35952
-0.782077 -2.19253 -1.09914 -4.56232 -1.5708 2.35952
-0.782077 -2.19333 -1.10298 -4.55767 -1.5708 2.35952
-0.782077 -2.19415 -1.10679 -4.55304 -1.5708 2.35952
-0.782077 -2.195 -1.11057 -4.54842 -1.5708 2.35952
-0.782077 -2.19587 -1.11431 -4.54381 -1.5708 2.35952
-0.782077 -2.19676 -1.11802 -4.53921 -1.5708 2.35952
-0.782077 -2.19767 -1.12169 -4.53462 -1.5708 2.35952
-0.782077 -2.19861 -1.12533 -4.53004 -1.5708 2.35952
-0.782077 -2.19956 -1.12894 -4.52548 -1.5708 2.35952
-0.782077 -2.20054 -1.13252 -4.52092 -1.5708 2.35952
-0.782077 -2.20154 -1.13606 -4.51638 -1.5708 2.35952
-0.782077 -2.20256 -1.13957 -4.51185 -1.5708 2.35952
-0.782077 -2.2036 -1.14305 -4.50733 -1.5708 2.35952
-0.782077 -2.20467 -1.1465 -4.50281 -1.5708 2.35952
-0.782077 -2.20575 -1.14992 -4.49831 -1.5708 2.35952
-0.782077 -2.20686 -1.1533 -4.49382 -1.5708 2.35952
-0.782077 -2.20799 -1.15665 -4.48934 -1.5708 2.35952
-0.782077 -2.20913 -1.15998 -4.48487 -1.5708 2.35952
-0.782077 -2.2103 -1.16327 -4.48041 -1.5708 2.35952
-0.782077 -2.21149 -1.16653 -4.47597 -1.5708 2.35952
-0.782077 -2.2127 -1.16976 -4.47153 -1.5708 2.35952
-0.782077 -2.21393 -1.17296 -4.4671 -1.5708 2.35952
-0.782077 -2.21518 -1.17613 -4.46268 -1.5708 2.35952
-0.782077 -2.21645 -1.17926 -4.45827 -1.5708 2.35952
-0.782077 -2.21774 -1.18237 -4.45387 -1.5708 2.35952
-0.782077 -2.21905 -1.18545 -4.44948 -1.5708 2.35952
-0.782077 -2.22038 -1.1885 -4.4451 -1.5708 2.35952
-0.782077 -2.22173 -1.19152 -4.44073 -1.5708 2.35952
-0.782077 -2.2231 -1.19451 -4.43637 -1.5708 2.35952
-0.782077 -2.22448 -1.19747 -4.43202 -1.5708 2.35952
-0.782077 -2.22589 -1.20041 -4.42768 -1.5708 2.35952
-0.782077 -2.22732 -1.20331 -4.42335 -1.5708 2.35952
-0.782077 -2.22877 -1.20618 -4.41903 -1.5708 2.35952
-0.782077 -2.23023 -1.20903 -4.41472 -1.5708 2.35952
-0.782077 -2.23172 -1.21185 -4.41042 -1.5708 2.35952
-0.782077 -2.23322 -1.21463 -4.40612 -1.5708 2.35952
-0.782077 -2.23475 -1.21739 -4.40184 -1.5708 2.35952
-0.782077 -2.23629 -1.22012 -4.39757 -1.5708 2.35952
-0.782077 -2.23785 -1.22283 -4.3933 -1.5708 2.35952
-0.782077 -2.23943 -1.2255 -4.38905 -1.5708 2.35952
-0.782077 -2.24103 -1.22815 -4.3848 -1.5708 2.35952
-0.782077 -2.24264 -1.23077 -4.38057 -1.5708 2.35952
-0.782077 -2.24428 -1.23336 -4.37634 -1.5708 2.35952
-0.782077 -2.24593 -1.23592 -4.37212 -1.5708 2.35952
-0.782077 -2.24761 -1.23846 -4.36792 -1.5708 2.35952
-0.782077 -2.2493 -1.24097 -4.36372 -1.5708 2.35952
-0.782077 -2.251 -1.24345 -4.35953 -1.5708 2.35952
-0.782077 -2.25273 -1.2459 -4.35535 -1.5708 2.35952
-0.782077 -2.25448 -1.24833 -4.35118 -1.5708 2.35952
-0.782077 -2.25624 -1.25073 -4.34702 -1.5708 2.35952
-0.782077 -2.25802 -1.2531 -4.34287 -1.5708 2.35952
-0.782077 -2.25982 -1.25544 -4.33872 -1.5708 2.35952
-0.782077 -2.26163 -1.25775 -4.3346 -1.5708 2.35952
-0.782077 -2.25981 -1.25544 -4.33873 -1.5708 2.35952
-0.782077 -2.25801 -1.25309 -4.34288 -1.5708 2.35952
-0.782077 -2.25623 -1.25072 -4.34703 -1.5708 2.35952
-0.782077 -2.25447 -1.24832 -4.35119 -1.5708 2.35952
-0.782077 -2.25273 -1.2459 -4.35536 -1.5708 2.35952
-0.782077 -2.251 -1.24344 -4.35954 -1.5708 2.35952
-0.782077 -2.24929 -1.24096 -4.36373 -1.5708 2.35952
-0.782077 -2.2476 -1.23845 -4.36793 -1.5708 2.35952
-0.782077 -2.24593 -1.23592 -4.37213 -1.5708 2.35952
-0.782077 -2.24428 -1.23335 -4.37635 -1.5708 2.35952
-0.782077 -2.24264 -1.23076 -4.38058 -1.5708 2.35952
-0.782077 -2.24102 -1.22814 -4.38481 -1.5708 2.35952
-0.782077 -2.23943 -1.2255 -4.38906 -1.5708 2.35952
-0.782077 -2.23785 -1.22282 -4.39331 -1.5708 2.35952
-0.782077 -2.23629 -1.22012 -4.39758 -1.5708 2.35952
-0.782077 -2.23474 -1.21739 -4.40185 -1.5708 2.35952
-0.782077 -2.23322 -1.21463 -4.40613 -1.5708 2.35952
-0.782077 -2.23172 -1.21184 -4.41043 -1.5708 2.35952
-0.782077 -2.23023 -1.20902 -4.41473 -1.5708 2.35952
-0.782077 -2.22876 -1.20618 -4.41904 -1.5708 2.35952
-0.782077 -2.22732 -1.2033 -4.42336 -1.5708 2.35952
-0.782077 -2.22589 -1.2004 -4.42769 -1.5708 2.35952
-0.782077 -2.22448 -1.19747 -4.43203 -1.5708 2.35952
-0.782077 -2.22309 -1.19451 -4.43638 -1.5708 2.35952
-0.782077 -2.22172 -1.19152 -4.44074 -1.5708 2.35952
-0.782077 -2.22037 -1.1885 -4.44511 -1.5708 2.35952
-0.782077 -2.21904 -1.18545 -4.44949 -1.5708 2.35952
-0.782077 -2.21773 -1.18237 -4.45388 -1.5708 2.35952
-0.782077 -2.21644 -1.17926 -4.45828 -1.5708 2.35952
-0.782077 -2.21517 -1.17612 -4.46269 -1.5708 2.35952
-0.782077 -2.21393 -1.17295 -4.46711 -1.5708 2.35952
-0.782077 -2.2127 -1.16975 -4.47154 -1.5708 2.35952
-0.782077 -2.21149 -1.16652 -4.47598 -1.5708 2.35952
-0.782077 -2.2103 -1.16326 -4.48042 -1.5708 2.35952
-0.782077 -2.20913 -1.15997 -4.48488 -1.5708 2.35952
-0.782077 -2.20798 -1.15665 -4.48935 -1.5708 2.35952
-0.782077 -2.20686 -1.15329 -4.49383 -1.5708 2.35952
-0.782077 -2.20575 -1.14991 -4.49832 -1.5708 2.35952
-0.782077 -2.20467 -1.14649 -4.50282 -1.5708 2.35952
-0.782077 -2.2036 -1.14304 -4.50734 -1.5708 2.35952
-0.782077 -2.20256 -1.13956 -4.51186 -1.5708 2.35952
-0.782077 -2.20154 -1.13605 -4.51639 -1.5708 2.35952
-0.782077 -2.20054 -1.13251 -4.52093 -1.5708 2.35952
-0.782077 -2.19956 -1.12893 -4.52549 -1.5708 2.35952
-0.782077 -2.1986 -1.12532 -4.53005 -1.5708 2.35952
-0.782077 -2.19767 -1.12168 -4.53463 -1.5708 2.35952
-0.782077 -2.19676 -1.11801 -4.53922 -1.5708 2.35952
-0.782077 -2.19587 -1.1143 -4.54382 -1.5708 2.35952
-0.782077 -2.195 -1.11056 -4.54843 -1.5708 2.35952
-0.782077 -2.19415 -1.10678 -4.55305 -1.5708 2.35952
-0.782077 -2.19333 -1.10297 -4.55768 -1.5708 2.35952
-0.782077 -2.19253 -1.09913 -4.56233 -1.5708 2.35952
-0.782077 -2.19175 -1.09525 -4.56698 -1.5708 2.35952
-0.782077 -2.19099 -1.09134 -4.57165 -1.5708 2.35952
-0.782077 -2.19026 -1.08739 -4.57633 -1.5708 2.35952
-0.782077 -2.18955 -1.08341 -4.58102 -1.5708 2.35952
-0.782077 -2.18886 -1.07939 -4.58573 -1.5708 2.35952
-0.782077 -2.1882 -1.07533 -4.59045 -1.5708 2.35952
-0.782077 -2.18756 -1.07124 -4.59518 -1.5708 2.35952
-0.782077 -2.18695 -1.06711 -4.59992 -1.5708 2.35952
-0.782077 -2.18636 -1.06295 -4.60468 -1.5708 2.35952
-0.782077 -2.18579 -1.05875 -4.60944 -1.5708 2.35952
-0.782077 -2.18525 -1.05451 -4.61423 -1.5708 2.35952
-0.782077 -2.18473 -1.05023 -4.61902 -1.5708 2.35952
-0.782077 -2.18424 -1.04592 -4.62383 -1.5708 2.35952
-0.782077 -2.18377 -1.04156 -4.62865 -1.5708 2.35952
-0.782077 -2.18332 -1.03717 -4.63349 -1.5708 2.35952
-0.782077 -2.18291 -1.03274 -4.63834 -1.5708 2.35952
-0.782077 -2.18251 -1.02826 -4.6432 -1.5708 2.35952
-0.782077 -2.18215 -1.02375 -4.64808 -1.5708 2.35952
-0.782077 -2.18181 -1.0192 -4.65298 -1.5708 2.35952
-0.782077 -2.18149 -1.01461 -4.65789 -1.5708 2.35952
-0.782077 -2.1812 -1.00997 -4.66281 -1.5708 2.35952
-0.782077 -2.18094 -1.00529 -4.66775 -1.5708 2.35952
-0.782077 -2.1807 -1.00057 -4.6727 -1.5708 2.35952
-0.782077 -2.1805 -0.995811 -4.67767 -1.5708 2.35952
-0.782077 -2.18031 -0.991005 -4.68266 -1.5708 2.35952
-0.782077 -2.18016 -0.986155 -4.68767 -1.5708 2.35952
-0.782077 -2.18004 -0.98126 -4.69269 -1.5708 2.35952
-0.782077 -2.17994 -0.976321 -4.69772 -1.5708 2.35952
-0.782077 -2.17987 -0.971336 -4.70278 -1.5708 2.35952
-0.782077 -2.17983 -0.966305 -4.70785 -1.5708 2.35952
-0.782077 -2.17982 -0.961227 1.57025 -1.5708 2.35952
-0.782077 -2.17984 -0.956101 1.56514 -1.5708 2.35952
-0.782077 -2.17988 -0.950927 1.56001 -1.5708 2.35952
-0.782077 -2.17996 -0.945705 1.55487 -1.5708 2.35952
-0.782077 -2.18007 -0.940433 1.5497 -1.5708 2.35952
-0.782077 -2.18021 -0.935111 1.54452 -1.5708 2.35952
-0.782077 -2.18038 -0.929739 1.53932 -1.5708 2.35952
-0.782077 -2.18058 -0.924314 1.53409 -1.5708 2.35952
-0.782077 -2.18081 -0.918837 1.52885 -1.5708 2.35952
-0.782077 -2.18107 -0.913307 1.52358 -1.5708 2.35952
-0.782077 -2.18137 -0.907722 1.5183 -1.5708 2.35952
-0.782077 -2.1817 -0.902083 1.51299 -1.5708 2.35952
-0.782077 -2.18206 -0.896388 1.50765 -1.5708 2.35952
-0.782077 -2.18246 -0.890635 1.5023 -1.5708 2.35952
-0.782077 -2.18289 -0.884825 1.49692 -1.5708 2.35952
-0.782077 -2.18336 -0.878956 1.49152 -1.5708 2.35952
-0.782077 -2.18386 -0.873027 1.48609 -1.5708 2.35952
-0.782445 -2.18392 -0.867613 1.48161 -1.57166 2.35915
-0.771127 -2.15659 -0.91002 1.49495 -1.56994 2.35476
-0.760947 -3.0396 0.952343 0.517313 -1.57165 2.34923
-0.748877 -3.05039 0.990775 0.487957 -1.56994 2.34559
-0.737955 -3.06024 1.02934 0.460946 -1.57165 2.3408
-0.725063 -3.06921 1.06461 0.432939 -1.56995 2.33798
-0.713325 -3.07726 1.10012 0.407177 -1.57164 2.33401
-0.69953 -3.08466 1.13278 0.38023 -1.56996 2.33209
-0.686891 -3.09116 1.16572 0.355464 -1.57163 2.32902
-0.672105 -3.09717 1.19614 0.329375 -1.56997 2.3281
-0.658471 -3.10226 1.22686 0.305425 -1.57162 2.32602
-0.642593 -3.10702 1.25532 0.280047 -1.56998 2.32619
-0.627859 -3.11083 1.28406 0.256785 -1.57161 2.32521
-0.61078 -3.11443 1.31076 0.232016 -1.57 2.32658
-0.594827 -3.11706 1.33771 0.209349 -1.57159 2.32682
-0.576423 -3.11958 1.3628 0.185115 -1.57001 2.32951
-0.559121 -3.12109 1.38811 0.162982 -1.57158 2.33111
-0.539257 -3.1226 1.4117 0.139235 -1.57003 2.33526
-0.520461 -3.12306 1.43546 0.117597 -1.57156 2.33835
-0.498987 -3.12361 1.45763 0.0943106 -1.57006 2.34411
-0.478536 -3.12308 1.47993 0.0731512 -1.57154 2.34885
-0.455291 -3.12272 1.50072 0.0503197 -1.57008 2.35638
-0.433012 -3.12125 1.52161 0.0296425 -1.57152 2.36295
-0.40782 -3.12005 1.54107 0.00727967 -1.57011 2.37243
-0.383526 -3.11769 1.56058 -0.0128915 -1.57149 2.38102
-0.356207 -3.11569 1.57874 -0.034751 -1.57014 2.39263
-0.329703 -3.11251 1.59689 -0.0543713 -1.57146 2.40342
-0.300069 -3.10979 1.61374 -0.0756705 -1.57018 2.41734
-0.271157 -3.10585 1.63053 -0.0946728 -1.57143 2.43055
-0.239031 -3.10247 1.64606 -0.11533 -1.57022 2.44696
-0.207521 -3.09785 1.6615 -0.133623 -1.5714 2.46276
-0.172742 -3.09391 1.67569 -0.153531 -1.57027 2.48183
-0.13847 -3.08872 1.68975 -0.170995 -1.57136 2.50039
-0.100919 -3.08432 1.70257 -0.190015 -1.57032 2.52223
-0.0637679 -3.07866 1.71521 -0.206505 -1.57131 2.54367
-0.0233949 -3.07394 1.72662 -0.224466 -1.57038 2.56834
0.0166747 -3.06794 1.7378 -0.239803 -1.57126 2.59269
0.0598179 -3.06304 1.74774 -0.256502 -1.57044 2.62013
0.102727 -3.05687 1.75742 -0.270477 -1.57121 2.64733
0.148445 -3.05196 1.76583 -0.285678 -1.57051 2.67733
0.193957 -3.0458 1.77394 -0.298056 -1.57116 2.70713
0.241874 -3.04107 1.78075 -0.311494 -1.57059 2.73934
0.289555 -3.03512 1.78722 -0.322019 -1.5711 2.77131
0.339089 -3.03076 1.79236 -0.333414 -1.57066 2.80514
0.388291 -3.02522 1.79713 -0.341823 -1.57103 2.83863
0.438651 -3.02143 1.80052 -0.350897 -1.57074 2.87328
0.488528 -3.01651 1.80354 -0.356939 -1.57097 2.90744
0.538763 -3.01347 1.80511 -0.363444 -1.57082 2.94197
0.588325 -3.00933 1.80632 -0.366911 -1.57091 2.97582
0.637405 -3.00716 1.80604 -0.370656 -1.57089 3.00919
0.685626 -3.00392 1.8054 -0.371404 -1.57086 3.0417
0.732566 -3.00271 1.80323 -0.372285 -1.57096 3.07293
0.778502 -3.00042 1.80075 -0.370261 -1.57081 3.10316
0.822482 -3.00015 1.79669 -0.368279 -1.57102 3.13143
0.865388 -2.99879 1.79237 -0.363527 -1.57077 -3.12456
0.905835 -2.99937 1.78645 -0.358784 -1.57107 -3.09983
0.945225 -2.99885 1.78033 -0.351443 -1.57073 -3.07615
0.981851 -3.00016 1.7726 -0.344129 -1.57112 -3.05523
1.01751 -3.00032 1.76475 -0.334406 -1.57071 -3.03528
1.05028 -3.00216 1.75527 -0.324769 -1.57115 -3.01823
1.08222 -3.00282 1.74574 -0.312915 -1.57069 -3.00199
1.11129 -3.00499 1.73459 -0.301233 -1.57117 -2.98863
1.1397 -3.00595 1.72346 -0.287513 -1.57067 -2.97593
1.16536 -3.00825 1.7107 -0.274062 -1.57119 -2.96599
1.19052 -3.00932 1.69803 -0.258733 -1.57067 -2.95654
1.21311 -3.01155 1.68373 -0.243773 -1.5712 -2.94966
1.23535 -3.01255 1.66958 -0.227071 -1.57067 -2.94313
1.25523 -3.01454 1.6538 -0.21083 -1.57121 -2.93896
1.27489 -3.01531 1.63822 -0.192958 -1.57067 -2.93501
1.29241 -3.01691 1.62098 -0.17563 -1.57121 -2.93319
1.30982 -3.01731 1.60401 -0.156757 -1.57068 -2.9315
1.3253 -3.01839 1.58535 -0.138499 -1.57121 -2.93173
1.34074 -3.0183 1.567 -0.118762 -1.57069 -2.932
1.35447 -3.01876 1.54693 -0.0996947 -1.57121 -2.93398
1.3682 -3.01808 1.5272 -0.0791972 -1.57071 -2.93595
1.38042 -3.01782 1.50572 -0.0594115 -1.5712 -2.93945
1.39268 -3.01646 1.48461 -0.0382276 -1.57072 -2.9429
1.4036 -3.0154 1.46168 -0.0177826 -1.57119 -2.9477
1.41457 -3.01327 1.43914 0.00404122 -1.57074 -2.95243
1.42437 -3.01133 1.41473 0.0251139 -1.57118 -2.95834
1.43423 -3.00837 1.39071 0.0475574 -1.57076 -2.96419
1.44306 -3.00547 1.36473 0.069253 -1.57116 -2.97107
1.45195 -3.00159 1.33916 0.0923216 -1.57078 -2.97789
1.45994 -2.99766 1.31152 0.114662 -1.57115 -2.98561
1.46798 -2.99277 1.28427 0.138388 -1.5708 -2.99328
1.47525 -2.98772 1.25482 0.161425 -1.57113 -3.00173
1.48254 -2.98174 1.22574 0.18587 -1.57083 -3.01014
1.48917 -1.83532 -1.1943 1.45816 -1.57112 -3.01923
1.4958 -1.85746 -1.16318 1.45051 -1.57085 -3.0283
1.50187 -1.88161 -1.12948 1.43963 -1.5711 -3.03794
1.50793 -1.90467 -1.09601 1.43054 -1.57088 -3.04759
1.51351 -1.92982 -1.05971 1.41808 -1.57108 -3.05772
1.51905 -1.954 -1.02349 1.40734 -1.5709 -3.06789
1.5242 -1.98041 -0.984056 1.39303 -1.57106 -3.07846
1.52928 -2.00599 -0.944492 1.38033 -1.57093 -3.08908
1.53405 -2.03403 -0.901184 1.36378 -1.57104 -3.10003
1.53872 -2.06144 -0.857374 1.34865 -1.57096 -3.11106
1.54315 -2.09167 -0.809009 1.32926 -1.57102 -3.12235
1.54745 -2.12164 -0.759478 1.31094 -1.57098 -3.13375
1.55158 -2.15504 -0.704022 1.28765 -1.571 3.13784
