1.55555 -2.1897 -0.644987 1.26328 -1.57099 3.12614
1.56235 -2.1854 -0.654292 1.26829 -1.571 -3.13453
1.56917 -2.18125 -0.663332 1.27319 -1.57101 -3.112
1.576 -2.17724 -0.672119 1.27797 -1.57101 -3.08946
1.58284 -2.17337 -0.680659 1.28265 -1.57102 -3.06691
1.58969 -2.16963 -0.688962 1.28722 -1.57103 -3.04435
1.59656 -2.16601 -0.697035 1.29169 -1.57103 -3.02178
1.60343 -2.16253 -0.704886 1.29606 -1.57104 -2.99919
1.61032 -2.15917 -0.71252 1.30034 -1.57104 -2.9766
1.61721 -2.15592 -0.719944 1.30453 -1.57105 -2.95399
1.62411 -2.1528 -0.727163 1.30863 -1.57106 -2.93138
1.63102 -2.14979 -0.734183 1.31265 -1.57106 -2.90876
1.63794 -2.14689 -0.741009 1.31659 -1.57107 -2.88613
1.64487 -2.1441 -0.747645 1.32044 -1.57107 -2.8635
1.6518 -2.14142 -0.754095 1.32423 -1.57108 -2.84085
1.65874 -2.13885 -0.760364 1.32793 -1.57108 -2.81821
1.66568 -2.13639 -0.766455 1.33157 -1.57108 -2.79556
1.67262 -2.13402 -0.772371 1.33513 -1.57109 -2.7729
1.67957 -2.13176 -0.778117 1.33863 -1.57109 -2.75024
1.68652 -2.12961 -0.783694 1.34205 -1.5711 -2.72758
1.69348 -2.12755 -0.789107 1.34542 -1.5711 -2.70491
1.70043 -2.12559 -0.794358 1.34871 -1.5711 -2.68225
1.70739 -2.12372 -0.799449 1.35195 -1.57111 -2.65958
1.71435 -2.12195 -0.804382 1.35512 -1.57111 -2.63691
1.7213 -2.12028 -0.809161 1.35824 -1.57111 -2.61425
1.72826 -2.1187 -0.813788 1.3613 -1.57111 -2.59158
1.73521 -2.11721 -0.818263 1.36429 -1.57111 -2.56892
1.74216 -2.11582 -0.82259 1.36724 -1.57112 -2.54626
1.74911 -2.11451 -0.826771 1.37012 -1.57112 -2.5236
1.75606 -2.1133 -0.830806 1.37295 -1.57112 -2.50095
1.763 -2.11218 -0.834698 1.37573 -1.57112 -2.4783
1.76993 -2.11114 -0.838447 1.37845 -1.57112 -2.45565
1.77686 -2.11019 -0.842057 1.38112 -1.57112 -2.43301
1.78378 -2.10933 -0.845527 1.38374 -1.57112 -2.41038
1.7907 -2.10856 -0.84886 1.38631 -1.57112 -2.38776
1.7976 -2.10788 -0.852056 1.38883 -1.57112 -2.36514
1.8045 -2.10727 -0.855117 1.3913 -1.57112 -2.34253
1.81139 -2.10676 -0.858043 1.39372 -1.57112 -2.31993
1.81827 -2.10633 -0.860836 1.39609 -1.57112 -2.29734
1.82514 -2.10598 -0.863498 1.39841 -1.57112 -2.27476
1.832 -2.10572 -0.866027 1.40069 -1.57112 -2.2522
1.83884 -2.10553 -0.868427 1.40292 -1.57112 -2.22964
1.84568 -2.10544 -0.870696 1.4051 -1.57112 -2.2071
1.8525 -2.10542 -0.872837 1.40723 -1.57111 -2.18457
1.8593 -2.10549 -0.87485 1.40932 -1.57111 -2.16205
1.8661 -2.10563 -0.876735 1.41136 -1.57111 -2.13955
1.87287 -2.10586 -0.878494 1.41335 -1.57111 -2.11706
1.87964 -2.10617 -0.880126 1.4153 -1.57111 -2.09459
1.88638 -2.10656 -0.881632 1.4172 -1.5711 -2.07213
1.89311 -2.95238 0.883013 0.498388 -1.5711 -2.04969
1.89982 -2.95412 0.88427 0.498882 -1.5711 -2.02727
1.90652 -2.95583 0.885402 0.499462 -1.57109 -2.00487
1.91319 -2.95749 0.88641 0.500126 -1.57109 -1.98248
1.91985 -2.95912 0.887294 0.500875 -1.57109 -1.96011
1.92649 -2.96071 0.888055 0.501709 -1.57108 -1.93777
1.9331 -2.96225 0.888693 0.502626 -1.57108 -1.91544
1.9397 -2.96376 0.889208 0.503627 -1.57108 -1.89313
1.94627 -2.96523 0.8896 0.504711 -1.57107 -1.87085
1.95283 -2.96666 0.88987 0.505878 -1.57107 -1.84858
1.95936 -2.96805 0.890018 0.507129 -1.57106 -1.82634
1.96587 -2.96941 0.890043 0.508462 -1.57106 -1.80412
1.97235 -2.97072 0.889946 0.509877 -1.57105 -1.78193
1.97882 -2.97199 0.889727 0.511375 -1.57105 -1.75976
1.98525 -2.97322 0.889386 0.512955 -1.57104 -1.73761
1.99167 -2.97442 0.888922 0.514617 -1.57104 -1.71548
1.99806 -2.97557 0.888337 0.516361 -1.57103 -1.69339
2.00442 -2.97668 0.887628 0.518186 -1.57103 -1.67131
2.01076 -2.97775 0.886798 0.520093 -1.57102 -1.64926
2.01707 -2.97878 0.885844 0.522081 -1.57101 -1.62724
2.02336 -2.97977 0.884768 0.524151 -1.57101 -1.60525
2.02961 -2.98072 0.883568 0.526302 -1.571 -1.58328
2.03584 -2.98162 0.882245 0.528534 -1.571 -1.56134
2.04205 -2.98248 0.880798 0.530847 -1.57099 -1.53943
2.04822 -2.9833 0.879227 0.533241 -1.57098 -1.51754
2.05437 -2.98408 0.877531 0.535716 -1.57098 -1.49568
2.06049 -2.98481 0.87571 0.538272 -1.57097 -1.47386
2.06658 -2.9855 0.873764 0.540909 -1.57096 -1.45206
2.07264 -2.98614 0.871691 0.543627 -1.57096 -1.43029
2.07867 -2.98674 0.869492 0.546427 -1.57095 -1.40855
2.08467 -2.98729 0.867166 0.549307 -1.57094 -1.38684
2.09064 -2.98779 0.864711 0.552269 -1.57094 -1.36515
2.09658 -2.98825 0.862128 0.555312 -1.57093 -1.3435
2.10249 -2.98866 0.859416 0.558436 -1.57092 -1.32189
2.10837 -2.98902 0.856573 0.561643 -1.57092 -1.3003
2.11421 -2.98933 0.853599 0.564931 -1.57091 -1.27874
2.12003 -2.98959 0.850492 0.568301 -1.5709 -1.25721
2.12582 -2.9898 0.847253 0.571753 -1.5709 -1.23572
2.13157 -2.98996 0.843879 0.575289 -1.57089 -1.21425
2.13729 -2.99007 0.84037 0.578907 -1.57088 -1.19282
2.14298 -2.99013 0.836724 0.582608 -1.57087 -1.17142
2.14864 -2.99013 0.832941 0.586393 -1.57087 -1.15005
2.15426 -2.99007 0.829018 0.590263 -1.57086 -1.12872
2.15986 -2.98996 0.824954 0.594217 -1.57085 -1.10742
2.16542 -2.9898 0.820748 0.598256 -1.57085 -1.08615
2.17095 -2.98957 0.816398 0.602381 -1.57084 -1.06491
2.17644 -2.98929 0.811902 0.606592 -1.57083 -1.0437
2.1819 -2.98894 0.807259 0.61089 -1.57082 -1.02253
2.18733 -2.98854 0.802467 0.615276 -1.57082 -1.00139
2.19273 -2.98807 0.797522 0.619751 -1.57081 -0.980286
2.19809 -2.98753 0.792424 0.624315 -1.5708 -0.959213
2.20342 -2.23285 -0.78717 1.44923 -1.5708 -0.938173
2.20342 -2.23285 -0.78717 1.44923 -1.5708 -0.938171
2.20342 -2.23207 -0.793613 1.45489 -1.5708 -0.938171
2.20342 -2.23133 -0.799982 1.46051 -1.5708 -0.938171
2.20342 -2.23062 -0.806278 1.46611 -1.5708 -0.938171
2.20342 -2.22996 -0.812503 1.47167 -1.5708 -0.938171
2.20342 -2.22934 -0.81866 1.4772 -1.5708 -0.938171
2.20342 -2.22876 -0.824748 1.48271 -1.5708 -0.938171
2.20342 -2.22821 -0.83077 1.48819 -1.5708 -0.938171
2.20342 -2.22771 -0.836726 1.49364 -1.5708 -0.938171
2.20342 -2.22724 -0.842619 1.49906 -1.5708 -0.938171
2.20342 -2.2268 -0.848448 1.50445 -1.5708 -0.938171
2.20342 -2.2264 -0.854217 1.50982 -1.5708 -0.938171
2.20342 -2.22604 -0.859924 1.51517 -1.5708 -0.938171
2.20342 -2.22571 -0.865573 1.52049 -1.5708 -0.938171
2.20342 -2.22542 -0.871162 1.52579 -1.5708 -0.938171
2.20342 -2.22516 -0.876695 1.53106 -1.5708 -0.938171
2.20342 -2.22493 -0.882171 1.53631 -1.5708 -0.938171
2.20342 -2.22474 -0.887592 1.54154 -1.5708 -0.938171
2.20342 -2.22458 -0.892958 1.54674 -1.5708 -0.938171
2.20342 -2.22445 -0.89827 1.55192 -1.5708 -0.938171
2.20342 -2.22435 -0.903529 1.55708 -1.5708 -0.938171
2.20342 -3.0941 0.908737 0.614569 -1.5708 -0.938171
2.20342 -3.09897 0.913892 0.614278 -1.5708 -0.938171
2.20342 -3.10381 0.918998 0.61402 -1.5708 -0.938171
2.20342 -3.10864 0.924053 0.613794 -1.5708 -0.938171
2.20342 -3.11346 0.92906 0.613599 -1.5708 -0.938171
2.20342 -3.11825 0.934017 0.613436 -1.5708 -0.938171
2.20342 -3.12303 0.938927 0.613303 -1.5708 -0.938171
2.20342 -3.12779 0.94379 0.613201 -1.5708 -0.938171
2.20342 -3.13253 0.948606 0.613129 -1.5708 -0.938171
2.20342 -3.13726 0.953376 0.613088 -1.5708 -0.938171
2.20342 -3.14197 0.958101 0.613075 -1.5708 -0.938171
2.20342 -3.14667 0.962781 0.613092 -1.5708 -0.938171
2.20342 -3.15135 0.967417 0.613138 -1.5708 -0.938171
2.20342 -3.15602 0.972009 0.613213 -1.5708 -0.938171
2.20342 -3.16067 0.976557 0.613316 -1.5708 -0.938171
2.20342 -3.16531 0.981063 0.613447 -1.5708 -0.938171
2.20342 -3.16993 0.985526 0.613607 -1.5708 -0.938171
2.20342 -3.17454 0.989948 0.613794 -1.5708 -0.938171
2.20342 -3.17913 0.994328 0.614008 -1.5708 -0.938171
2.20342 -3.18371 0.998667 0.61425 -1.5708 -0.938171
2.20342 -3.18828 1.00297 0.614519 -1.5708 -0.938171
2.20342 -3.19283 1.00722 0.614814 -1.5708 -0.938171
2.20342 -2.23005 -1.01144 -4.61249 -1.5708 -0.938171
2.20342 -2.23062 -1.01562 -4.60774 -1.5708 -0.938171
2.20342 -2.23121 -1.01976 -4.60301 -1.5708 -0.938171
2.20342 -2.23183 -1.02386 -4.59829 -1.5708 -0.938171
2.20342 -2.23246 -1.02793 -4.59359 -1.5708 -0.938171
2.20342 -2.23313 -1.03195 -4.5889 -1.5708 -0.938171
2.20342 -2.23382 -1.03594 -4.58422 -1.5708 -0.938171
2.20342 -2.23453 -1.03989 -4.57956 -1.5708 -0.938171
2.20342 -2.23526 -1.04381 -4.57491 -1.5708 -0.938171
2.20342 -2.23602 -1.04769 -4.57028 -1.5708 -0.938171
2.20342 -2.2368 -1.05153 -4.56566 -1.5708 -0.938171
2.20342 -2.2376 -1.05533 -4.56105 -1.5708 -0.938171
2.20342 -2.23843 -1.0591 -4.55645 -1.5708 -0.938171
2.20342 -2.23928 -1.06284 -4.55187 -1.5708 -0.938171
2.20342 -2.24015 -1.06653 -4.54729 -1.5708 -0.938171
2.20342 -2.24105 -1.0702 -4.54274 -1.5708 -0.938171
2.20342 -2.24196 -1.07383 -4.53819 -1.5708 -0.938171
2.20342 -2.2429 -1.07742 -4.53366 -1.5708 -0.938171
2.20342 -2.24386 -1.08099 -4.52913 -1.5708 -0.938171
2.20342 -2.24485 -1.08451 -4.52462 -1.5708 -0.938171
2.20342 -2.24585 -1.08801 -4.52013 -1.5708 -0.938171
2.20342 -2.24688 -1.09147 -4.51564 -1.5708 -0.938171
2.20342 -2.24792 -1.09489 -4.51116 -1.5708 -0.938171
2.20342 -2.24899 -1.09829 -4.5067 -1.5708 -0.938171
2.20342 -2.25008 -1.10165 -4.50225 -1.5708 -0.938171
2.20342 -2.25119 -1.10498 -4.49781 -1.5708 -0.938171
2.20342 -2.25233 -1.10827 -4.49338 -1.5708 -0.938171
2.20342 -2.25348 -1.11154 -4.48897 -1.5708 -0.938171
2.20342 -2.25465 -1.11477 -4.48456 -1.5708 -0.938171
2.20342 -2.25585 -1.11797 -4.48017 -1.5708 -0.938171
2.20342 -2.25706 -1.12114 -4.47578 -1.5708 -0.938171
2.20342 -2.2583 -1.12428 -4.47141 -1.5708 -0.938171
2.20342 -2.25955 -1.12738 -4.46705 -1.5708 -0.938171
2.20342 -2.26083 -1.13046 -4.4627 -1.5708 -0.938171
2.20342 -2.26212 -1.1335 -4.45836 -1.5708 -0.938171
2.20342 -2.26344 -1.13651 -4.45403 -1.5708 -0.938171
2.20342 -2.26477 -1.1395 -4.44971 -1.5708 -0.938171
2.20342 -2.26613 -1.14245 -4.4454 -1.5708 -0.938171
2.20342 -2.2675 -1.14537 -4.44111 -1.5708 -0.938171
2.20342 -2.2689 -1.14826 -4.43682 -1.5708 -0.938171
2.20342 -2.27031 -1.15113 -4.43255 -1.5708 -0.938171
2.20342 -2.27174 -1.15396 -4.42828 -1.5708 -0.938171
2.20342 -2.2732 -1.15676 -4.42403 -1.5708 -0.938171
2.20342 -2.27467 -1.15953 -4.41978 -1.5708 -0.938171
2.20342 -2.27616 -1.16228 -4.41555 -1.5708 -0.938171
2.20342 -2.27767 -1.16499 -4.41133 -1.5708 -0.938171
2.20342 -2.27919 -1.16767 -4.40711 -1.5708 -0.938171
2.20342 -2.28074 -1.17033 -4.40291 -1.5708 -0.938171
2.20342 -2.28231 -1.17295 -4.39872 -1.5708 -0.938171
2.20342 -2.28389 -1.17555 -4.39454 -1.5708 -0.938171
2.20342 -2.28549 -1.17812 -4.39037 -1.5708 -0.938171
2.20342 -2.28712 -1.18066 -4.3862 -1.5708 -0.938171
2.20342 -2.28876 -1.18317 -4.38205 -1.5708 -0.938171
2.20342 -2.29041 -1.18566 -4.37791 -1.5708 -0.938171
2.20342 -2.29209 -1.18811 -4.37378 -1.5708 -0.938171
2.20342 -2.29378 -1.19054 -4.36966 -1.5708 -0.938171
2.20342 -2.2955 -1.19294 -4.36555 -1.5708 -0.938171
2.20342 -2.29723 -1.19531 -4.36145 -1.5708 -0.938171
2.20342 -2.29723 -1.19531 -4.36145 -1.5708 -0.938171
2.20342 -2.2955 -1.19294 -4.36555 -1.5708 -0.938171
2.20342 -2.29378 -1.19054 -4.36966 -1.5708 -0.938171
2.20342 -2.29209 -1.18811 -4.37378 -1.5708 -0.938171
2.20342 -2.29041 -1.18566 -4.37791 -1.5708 -0.938171
2.20342 -2.28876 -1.18317 -4.38205 -1.5708 -0.938171
2.20342 -2.28712 -1.18066 -4.3862 -1.5708 -0.938171
2.20342 -2.28549 -1.17812 -4.39037 -1.5708 -0.938171
2.20342 -2.28389 -1.17555 -4.39454 -1.5708 -0.938171
2.20342 -2.28231 -1.17296 -4.39872 -1.5708 -0.938171
2.20342 -2.28074 -1.17033 -4.40291 -1.5708 -0.938171
2.20342 -2.27919 -1.16767 -4.40711 -1.5708 -0.938171
2.20342 -2.27767 -1.16499 -4.41133 -1.5708 -0.938171
2.20342 -2.27616 -1.16228 -4.41555 -1.5708 -0.938171
2.20342 -2.27467 -1.15953 -4.41978 -1.5708 -0.938171
2.20342 -2.2732 -1.15676 -4.42403 -1.5708 -0.938171
2.20342 -2.27174 -1.15396 -4.42828 -1.5708 -0.938171
2.20342 -2.27031 -1.15113 -4.43255 -1.5708 -0.938171
2.20342 -2.2689 -1.14826 -4.43682 -1.5708 -0.938171
2.20342 -2.2675 -1.14537 -4.44111 -1.5708 -0.938171
2.20342 -2.26613 -1.14245 -4.4454 -1.5708 -0.938171
2.20342 -2.26477 -1.1395 -4.44971 -1.5708 -0.938171
2.20342 -2.26344 -1.13652 -4.45403 -1.5708 -0.938171
2.20342 -2.26212 -1.1335 -4.45836 -1.5708 -0.938171
2.20342 -2.26083 -1.13046 -4.4627 -1.5708 -0.938171
2.20342 -2.25955 -1.12738 -4.46705 -1.5708 -0.938171
2.20342 -2.2583 -1.12428 -4.47141 -1.5708 -0.938171
2.20342 -2.25706 -1.12114 -4.47578 -1.5708 -0.938171
2.20342 -2.25585 -1.11797 -4.48017 -1.5708 -0.938171
2.20342 -2.25465 -1.11477 -4.48456 -1.5708 -0.938171
2.20342 -2.25348 -1.11154 -4.48897 -1.5708 -0.938171
2.20342 -2.25233 -1.10827 -4.49338 -1.5708 -0.938171
2.20342 -2.25119 -1.10498 -4.49781 -1.5708 -0.938171
2.20342 -2.25008 -1.10165 -4.50225 -1.5708 -0.938171
2.20342 -2.24899 -1.09829 -4.5067 -1.5708 -0.938171
2.20342 -2.24792 -1.09489 -4.51116 -1.5708 -0.938171
2.20342 -2.24688 -1.09147 -4.51564 -1.5708 -0.938171
2.20342 -2.24585 -1.08801 -4.52013 -1.5708 -0.938171
2.20342 -2.24485 -1.08451 -4.52462 -1.5708 -0.938171
2.20342 -2.24386 -1.08099 -4.52913 -1.5708 -0.938171
2.20342 -2.2429 -1.07742 -4.53365 -1.5708 -0.938171
2.20342 -2.24196 -1.07383 -4.53819 -1.5708 -0.938171
2.20342 -2.24105 -1.0702 -4.54274 -1.5708 -0.938171
2.20342 -2.24015 -1.06654 -4.54729 -1.5708 -0.938171
2.20342 -2.23928 -1.06284 -4.55187 -1.5708 -0.938171
2.20342 -2.23843 -1.0591 -4.55645 -1.5708 -0.938171
2.20342 -2.2376 -1.05533 -4.56105 -1.5708 -0.938171
2.20342 -2.2368 -1.05153 -4.56565 -1.5708 -0.938171
2.20342 -2.23602 -1.04769 -4.57028 -1.5708 -0.938171
2.20342 -2.23526 -1.04381 -4.57491 -1.5708 -0.938171
2.20342 -2.23453 -1.03989 -4.57956 -1.5708 -0.938171
2.20342 -2.23382 -1.03594 -4.58422 -1.5708 -0.938171
2.20342 -2.23313 -1.03195 -4.5889 -1.5708 -0.938171
2.20342 -2.23246 -1.02793 -4.59359 -1.5708 -0.938171
2.20342 -2.23183 -1.02387 -4.59829 -1.5708 -0.938171
2.20342 -2.23121 -1.01976 -4.60301 -1.5708 -0.938171
2.20342 -2.23062 -1.01562 -4.60774 -1.5708 -0.938171
2.20342 -2.23005 -1.01144 -4.61248 -1.5708 -0.938171
2.20342 -3.19284 1.00722 0.614814 -1.5708 -0.938171
2.20342 -3.18828 1.00297 0.614519 -1.5708 -0.938171
2.20342 -3.18371 0.998667 0.61425 -1.5708 -0.938171
2.20342 -3.17913 0.994328 0.614008 -1.5708 -0.938171
2.20342 -3.17454 0.989948 0.613794 -1.5708 -0.938171
2.20342 -3.16993 0.985527 0.613607 -1.5708 -0.938171
2.20342 -3.16531 0.981063 0.613447 -1.5708 -0.938171
2.20342 -3.16067 0.976557 0.613316 -1.5708 -0.938171
2.20342 -3.15602 0.972009 0.613213 -1.5708 -0.938171
2.20342 -3.15135 0.967417 0.613138 -1.5708 -0.938171
2.20342 -3.14667 0.962782 0.613092 -1.5708 -0.938171
2.20342 -3.14197 0.958102 0.613075 -1.5708 -0.938171
2.20342 -3.13726 0.953377 0.613088 -1.5708 -0.938171
2.20342 -3.13253 0.948607 0.613129 -1.5708 -0.938171
2.20342 -3.12779 0.943791 0.613201 -1.5708 -0.938171
2.20342 -3.12303 0.938928 0.613303 -1.5708 -0.938171
2.20342 -3.11825 0.934018 0.613436 -1.5708 -0.938171
2.20342 -3.11346 0.92906 0.613599 -1.5708 -0.938171
2.20342 -3.10864 0.924054 0.613794 -1.5708 -0.938171
2.20342 -3.10381 0.918998 0.61402 -1.5708 -0.938171
2.20342 -3.09897 0.913893 0.614278 -1.5708 -0.938171
2.20342 -3.0941 0.908737 0.614569 -1.5708 -0.938171
2.20342 -2.22435 -0.90353 1.55708 -1.5708 -0.938171
2.20342 -2.22445 -0.89827 1.55192 -1.5708 -0.938171
2.20342 -2.22458 -0.892958 1.54674 -1.5708 -0.938171
2.20342 -2.22474 -0.887592 1.54154 -1.5708 -0.938171
2.20342 -2.22493 -0.882172 1.53631 -1.5708 -0.938171
2.20342 -2.22516 -0.876696 1.53106 -1.5708 -0.938171
2.20342 -2.22542 -0.871163 1.52579 -1.5708 -0.938171
2.20342 -2.22571 -0.865573 1.52049 -1.5708 -0.938171
2.20342 -2.22604 -0.859925 1.51517 -1.5708 -0.938171
2.20342 -2.2264 -0.854217 1.50983 -1.5708 -0.938171
2.20342 -2.2268 -0.848449 1.50446 -1.5708 -0.938171
2.20342 -2.22724 -0.842619 1.49906 -1.5708 -0.938171
2.20342 -2.22771 -0.836727 1.49364 -1.5708 -0.938171
2.20342 -2.22821 -0.83077 1.48819 -1.5708 -0.938171
2.20342 -2.22876 -0.824748 1.48271 -1.5708 -0.938171
2.20342 -2.22934 -0.81866 1.47721 -1.5708 -0.938171
2.20342 -2.22996 -0.812504 1.47167 -1.5708 -0.938171
2.20342 -2.23062 -0.806278 1.46611 -1.5708 -0.938171
2.20342 -2.23133 -0.799982 1.46051 -1.5708 -0.938171
2.20342 -2.23207 -0.793613 1.45489 -1.5708 -0.938171
2.20342 -2.23285 -0.787171 1.44923 -1.5708 -0.938171
2.20383 -2.23323 -0.786711 1.44842 -1.56981 -0.937761
2.19768 -2.98759 0.792861 0.624636 -1.57179 -0.959622
2.19315 -2.98802 0.79712 0.619428 -1.5698 -0.97986
2.18692 -2.98858 0.802858 0.615593 -1.57181 -1.0018
2.18234 -2.98891 0.806913 0.61057 -1.56978 -1.02209
2.17602 -2.98932 0.81225 0.606903 -1.57182 -1.04412
2.1714 -2.98956 0.816107 0.602064 -1.56977 -1.06446
2.165 -2.98982 0.821055 0.598561 -1.57184 -1.08656
2.16032 -2.98996 0.824717 0.593905 -1.56976 -1.10695
2.15384 -2.99008 0.829286 0.590561 -1.57185 -1.12914
2.14911 -2.99014 0.832757 0.586088 -1.56975 -1.14958
2.14256 -2.99013 0.836955 0.582899 -1.57186 -1.17184
2.13778 -2.99009 0.840239 0.578609 -1.56975 -1.19233
2.13115 -2.98996 0.844075 0.575571 -1.57187 -1.21467
2.12631 -2.98984 0.847173 0.571464 -1.56974 -1.23522
2.11961 -2.98958 0.850654 0.568575 -1.57188 -1.25763
2.11472 -2.98937 0.853569 0.56465 -1.56974 -1.27823
2.10795 -2.989 0.856703 0.561907 -1.57188 -1.30071
2.103 -2.98871 0.859435 0.558167 -1.56974 -1.32137
2.09616 -2.98823 0.862228 0.555567 -1.57189 -1.34392
2.09116 -2.98785 0.864779 0.552011 -1.56974 -1.36463
2.08426 -2.98726 0.867237 0.549552 -1.57189 -1.38725
2.07919 -2.9868 0.869607 0.546181 -1.56975 -1.40802
2.07223 -2.98611 0.871735 0.543862 -1.57189 -1.43069
2.06711 -2.98557 0.873925 0.540677 -1.56975 -1.45152
2.06008 -2.98477 0.875728 0.538496 -1.57189 -1.47426
2.05491 -2.98416 0.877738 0.535498 -1.56976 -1.49515
2.04782 -2.98326 0.879221 0.533454 -1.57189 -1.51794
2.04259 -2.98257 0.881049 0.530644 -1.56977 -1.53888
2.03545 -2.98158 0.882216 0.528736 -1.57189 -1.56173
2.03016 -2.98081 0.883863 0.526114 -1.56978 -1.58274
2.02297 -2.97973 0.884717 0.524343 -1.57188 -1.60563
2.01761 -2.97888 0.886181 0.52191 -1.56979 -1.6267
2.01038 -2.97771 0.886727 0.520274 -1.57187 -1.64964
2.00496 -2.97678 0.888007 0.518031 -1.56981 -1.67077
1.99769 -2.97552 0.888248 0.51653 -1.57187 -1.69376
1.99221 -2.97452 0.889342 0.514479 -1.56983 -1.71494
1.98489 -2.97318 0.88928 0.513114 -1.57186 -1.73797
1.97935 -2.9721 0.890186 0.511254 -1.56985 -1.75922
1.972 -2.97067 0.889824 0.510025 -1.57185 -1.78228
1.9664 -2.96952 0.890541 0.508359 -1.56987 -1.80359
1.95901 -2.968 0.889881 0.507266 -1.57183 -1.82669
1.95336 -2.96678 0.890406 0.505794 -1.56989 -1.84805
1.94594 -2.96518 0.889451 0.504838 -1.57182 -1.87118
1.94022 -2.96388 0.88978 0.50356 -1.56992 -1.89261
1.93278 -2.9622 0.888531 0.502742 -1.5718 -1.91577
1.927 -2.96083 0.888663 0.501661 -1.56994 -1.93725
1.91953 -2.95907 0.887122 0.500982 -1.57179 -1.96043
1.9137 -2.95762 0.887052 0.500097 -1.56997 -1.98197
1.90621 -2.95578 0.88522 0.499559 -1.57177 -2.00517
1.90032 -2.95425 0.884945 0.498872 -1.57 -2.02677
1.89282 -2.95233 0.882824 0.498475 -1.57175 -2.04998
1.88687 -2.10601 -0.88234 1.41795 -1.57003 -2.07164
1.87935 -2.1063 -0.87993 1.41517 -1.57173 -2.09487
1.87335 -2.10529 -0.879233 1.41415 -1.57006 -2.11658
1.86583 -2.10577 -0.876534 1.41121 -1.5717 -2.13981
1.85976 -2.10489 -0.87562 1.41017 -1.5701 -2.16159
1.85224 -2.10557 -0.872631 1.40707 -1.57168 -2.18482
1.84612 -2.10481 -0.871496 1.406 -1.57013 -2.20665
1.8386 -2.10568 -0.868218 1.40275 -1.57165 -2.22988
1.83243 -2.10507 -0.866855 1.40164 -1.57017 -2.25176
1.82491 -2.10613 -0.863287 1.39824 -1.57163 -2.27499
1.81869 -2.10565 -0.861692 1.39708 -1.57021 -2.29693
1.81117 -2.10691 -0.857832 1.39354 -1.5716 -2.32015
1.8049 -2.10658 -0.855998 1.39234 -1.57025 -2.34213
1.7974 -2.10803 -0.851845 1.38865 -1.57157 -2.36534
1.79108 -2.10784 -0.849767 1.38739 -1.57029 -2.38737
1.78359 -2.10949 -0.845318 1.38355 -1.57154 -2.41057
1.77722 -2.10946 -0.842988 1.38225 -1.57033 -2.43265
1.76975 -2.11129 -0.838241 1.37826 -1.57151 -2.45583
1.76334 -2.11142 -0.835652 1.37689 -1.57037 -2.47795
1.75589 -2.11345 -0.830604 1.37276 -1.57148 -2.50111
1.74943 -2.11374 -0.827748 1.37132 -1.57041 -2.52328
1.74201 -2.11596 -0.822394 1.36704 -1.57145 -2.54641
1.73551 -2.11642 -0.819262 1.36553 -1.57045 -2.56862
1.72812 -2.11884 -0.813597 1.36111 -1.57142 -2.59172
1.72158 -2.11947 -0.81018 1.35951 -1.5705 -2.61397
1.71422 -2.12209 -0.8042 1.35494 -1.57139 -2.63704
1.70765 -2.1229 -0.800487 1.35325 -1.57054 -2.65932
1.70032 -2.12572 -0.794184 1.34854 -1.57135 -2.68236
1.69371 -2.12671 -0.790165 1.34674 -1.57058 -2.70468
1.68642 -2.12973 -0.783531 1.34188 -1.57132 -2.72768
1.67978 -2.13092 -0.779193 1.33998 -1.57063 -2.75003
1.67253 -2.13414 -0.772219 1.33497 -1.57128 -2.77299
1.66586 -2.13553 -0.767548 1.33295 -1.57067 -2.79537
1.65866 -2.13896 -0.760224 1.32779 -1.57125 -2.81828
1.65196 -2.14055 -0.755205 1.32563 -1.57071 -2.84069
1.6448 -2.14419 -0.747519 1.32031 -1.57122 -2.86356
1.63808 -2.14601 -0.742136 1.31802 -1.57076 -2.88599
1.63097 -2.14987 -0.734073 1.31253 -1.57118 -2.90881
1.62423 -2.15191 -0.728306 1.31008 -1.5708 -2.93126
1.61717 -2.15599 -0.71985 1.30443 -1.57115 -2.95403
1.61041 -2.15827 -0.713678 1.30181 -1.57084 -2.9765
1.6034 -2.16258 -0.70481 1.29598 -1.57111 -2.99922
1.59662 -2.16511 -0.698209 1.29317 -1.57089 -3.02171
1.58967 -2.16967 -0.688906 1.28716 -1.57108 -3.04437
1.58288 -2.17246 -0.681849 1.28415 -1.57093 -3.06687
1.57599 -2.17727 -0.672084 1.27794 -1.57104 -3.08948
1.56919 -2.18034 -0.664538 1.2747 -1.57097 -3.11198
1.56235 -2.18541 -0.65428 1.26828 -1.57101 -3.13453
1.55554 -2.18878 -0.646209 1.2648 -1.57101 3.12614
1.55554 -2.18878 -0.646208 1.2648 -1.57101 3.12613
1.55156 -2.15409 -0.705266 1.28917 -1.57101 3.13787
1.54744 -2.12158 -0.759576 1.31096 -1.571 -3.13374
1.54315 -2.09079 -0.810082 1.33067 -1.571 -3.12231
1.53869 -2.06141 -0.857442 1.34865 -1.57099 -3.11106
1.53406 -2.03319 -0.902138 1.36512 -1.57099 -3.09998
1.52924 -2.00597 -0.944536 1.3803 -1.57099 -3.08909
1.52423 -1.97961 -0.984919 1.39431 -1.57098 -3.07839
1.519 -1.954 -1.02351 1.40729 -1.57098 -3.06791
1.51355 -1.92904 -1.0605 1.41931 -1.57098 -3.05765
1.50787 -1.90468 -1.09602 1.43047 -1.57097 -3.04762
1.50193 -1.88084 -1.13021 1.44082 -1.57097 -3.03785
1.49573 -1.85749 -1.16317 1.45042 -1.57097 -3.02834
1.48924 -1.83457 -1.19498 1.45931 -1.57097 -3.01912
1.48244 -2.98176 1.22573 0.185783 -1.57096 -3.0102
1.47533 -2.98757 1.25546 0.161854 -1.57096 -3.00161
1.46787 -2.9928 1.28424 0.138298 -1.57096 -2.99336
1.46004 -2.99748 1.31211 0.115095 -1.57096 -2.98547
1.45182 -3.00162 1.33912 0.0922286 -1.57096 -2.97799
1.44318 -3.00526 1.36529 0.069687 -1.57096 -2.97092
1.43408 -3.00841 1.39066 0.0474618 -1.57096 -2.96431
1.4245 -3.01109 1.41525 0.0255477 -1.57095 -2.95818
1.4144 -3.01332 1.43908 0.00394317 -1.57095 -2.95257
1.40374 -3.01513 1.46217 -0.0173503 -1.57095 -2.94751
1.39248 -3.01652 1.48454 -0.0383278 -1.57095 -2.94306
1.38058 -3.01752 1.50619 -0.0589813 -1.57095 -2.93926
1.36798 -3.01815 1.52713 -0.0792992 -1.57095 -2.93614
1.35464 -3.01843 1.54737 -0.0992667 -1.57095 -2.93377
1.34049 -3.01838 1.56692 -0.118865 -1.57096 -2.93221
1.32548 -3.01803 1.58576 -0.138072 -1.57096 -2.93151
1.30954 -3.0174 1.60392 -0.156862 -1.57096 -2.93174
1.2926 -3.01652 1.62137 -0.175204 -1.57096 -2.93297
1.27458 -3.01542 1.63812 -0.193065 -1.57096 -2.93528
1.25542 -3.01413 1.65416 -0.210404 -1.57097 -2.93874
1.23501 -3.01268 1.66948 -0.22718 -1.57097 -2.94343
1.21329 -3.01111 1.68407 -0.243344 -1.57097 -2.94944
1.19015 -3.00947 1.69792 -0.258845 -1.57098 -2.95687
1.16552 -3.00779 1.71101 -0.273627 -1.57098 -2.96579
1.13931 -3.00612 1.72334 -0.287629 -1.57098 -2.97629
1.11143 -3.00451 1.73488 -0.300788 -1.57099 -2.98846
1.08181 -3.00301 1.74562 -0.313038 -1.57099 -3.00237
1.05038 -3.00167 1.75554 -0.324311 -1.571 -3.01809
1.01708 -3.00053 1.76462 -0.334538 -1.571 -3.03567
0.981894 -2.99966 1.77285 -0.343652 -1.57101 -3.05515
0.944796 -2.99909 1.7802 -0.351587 -1.57102 -3.07654
0.905806 -2.99887 1.78667 -0.358284 -1.57102 -3.09982
0.86497 -2.99905 1.79223 -0.363688 -1.57103 -3.12495
0.822367 -2.99965 1.79688 -0.367752 -1.57103 3.13135
0.778112 -3.0007 1.80061 -0.370441 -1.57104 3.1028
0.732354 -3.00222 1.8034 -0.37173 -1.57104 3.07275
0.685278 -3.00421 1.80526 -0.371607 -1.57105 3.04139
0.637092 -3.00669 1.80619 -0.370073 -1.57105 3.00891
0.588033 -3.00963 1.80618 -0.36714 -1.57106 2.97556
0.538351 -3.01301 1.80525 -0.362835 -1.57106 2.94159
0.488304 -3.01682 1.8034 -0.357195 -1.57106 2.90726
0.43815 -3.021 1.80064 -0.350267 -1.57107 2.87281
0.38814 -3.02553 1.79699 -0.342105 -1.57107 2.83851
0.33851 -3.03035 1.79246 -0.332769 -1.57107 2.80459
0.289478 -3.03542 1.78707 -0.322326 -1.57107 2.77127
0.241236 -3.04069 1.78084 -0.310841 -1.57106 2.73874
0.193951 -3.0461 1.77378 -0.298384 -1.57106 2.70717
0.147764 -3.05161 1.76592 -0.285023 -1.57106 2.67669
0.102787 -3.05716 1.75726 -0.270823 -1.57105 2.64742
0.059109 -3.06271 1.74783 -0.25585 -1.57105 2.61945
0.0167932 -3.06822 1.73764 -0.240163 -1.57105 2.59285
-0.0241174 -3.07364 1.7267 -0.223821 -1.57104 2.56765
-0.0635991 -3.07893 1.71504 -0.206876 -1.57103 2.54388
-0.101644 -3.08405 1.70265 -0.189379 -1.57103 2.52154
-0.138259 -3.08897 1.68956 -0.171376 -1.57102 2.50064
-0.173461 -3.09366 1.67578 -0.152906 -1.57102 2.48115
-0.207275 -3.09809 1.66131 -0.134009 -1.57101 2.46304
-0.239736 -3.10223 1.64615 -0.114718 -1.571 2.44629
-0.270883 -3.10607 1.63033 -0.0950631 -1.57099 2.43086
-0.300758 -3.10957 1.61383 -0.0750707 -1.57099 2.41669
-0.329406 -3.11272 1.59667 -0.0547641 -1.57098 2.40375
-0.356875 -3.11549 1.57884 -0.0341634 -1.57097 2.392
-0.383212 -3.11788 1.56035 -0.0132855 -1.57097 2.38137
-0.408466 -3.11986 1.54119 0.00785544 -1.57096 2.37182
-0.432684 -3.12142 1.52136 0.0292483 -1.57095 2.36332
-0.455912 -3.12255 1.50085 0.0508843 -1.57094 2.3558
-0.478198 -3.12323 1.47966 0.0727577 -1.57094 2.34922
-0.499585 -3.12345 1.45777 0.0948648 -1.57093 2.34355
-0.520115 -3.1232 1.43517 0.117205 -1.57092 2.33873
-0.539831 -3.12246 1.41186 0.139779 -1.57091 2.33472
-0.558771 -3.12121 1.3878 0.162592 -1.57091 2.33149
-0.576973 -3.11945 1.36298 0.18565 -1.5709 2.329
-0.594473 -3.11716 1.33738 0.208963 -1.57089 2.32721
-0.611306 -3.11432 1.31096 0.232542 -1.57089 2.32609
-0.627504 -3.11092 1.28369 0.256403 -1.57088 2.3256
-0.643097 -3.10692 1.25554 0.280564 -1.57087 2.32572
-0.658115 -3.10232 1.22646 0.305049 -1.57087 2.32641
-0.672586 -3.09709 1.19639 0.329882 -1.57086 2.32765
-0.686536 -3.09119 1.16529 0.355096 -1.57085 2.32941
-0.69999 -3.0846 1.13306 0.380728 -1.57084 2.33167
-0.712972 -3.07727 1.09965 0.40682 -1.57084 2.33439
-0.725503 -3.06916 1.06493 0.433424 -1.57083 2.33757
-0.737605 -3.06022 1.02881 0.460602 -1.57082 2.34118
-0.749297 -3.05037 0.991144 0.488427 -1.57082 2.3452
-0.760599 -3.03955 0.951757 0.516989 -1.57081 2.34961
-0.771528 -2.1562 -0.910445 1.49585 -1.5708 2.35439
-0.782077 -2.1844 -0.86705 1.48065 -1.5708 2.35952
-0.782077 -2.18386 -0.873041 1.4861 -1.5708 2.35952
-0.782077 -2.18336 -0.878969 1.49153 -1.5708 2.35952
-0.782077 -2.18289 -0.884838 1.49693 -1.5708 2.35952
-0.782077 -2.18246 -0.890648 1.50231 -1.5708 2.35952
-0.782077 -2.18206 -0.896401 1.50767 -1.5708 2.35952
-0.782077 -2.1817 -0.902096 1.513 -1.5708 2.35952
-0.782077 -2.18137 -0.907735 1.51831 -1.5708 2.35952
-0.782077 -2.18107 -0.91332 1.5236 -1.5708 2.35952
-0.782077 -2.18081 -0.91885 1.52886 -1.5708 2.35952
-0.782077 -2.18058 -0.924327 1.53411 -1.5708 2.35952
-0.782077 -2.18037 -0.929751 1.53933 -1.5708 2.35952
-0.782077 -2.18021 -0.935124 1.54453 -1.5708 2.35952
-0.782077 -2.18007 -0.940445 1.54972 -1.5708 2.35952
-0.782077 -2.17996 -0.945717 1.55488 -1.5708 2.35952
-0.782077 -2.17988 -0.950939 1.56003 -1.5708 2.35952
-0.782077 -2.17984 -0.956113 1.56515 -1.5708 2.35952
-0.782077 -2.17982 -0.961238 1.57026 -1.5708 2.35952
-0.782077 -2.17983 -0.966316 -4.70784 -1.5708 2.35952
-0.782077 -2.17987 -0.971347 -4.70276 -1.5708 2.35952
-0.782077 -2.17994 -0.976332 -4.69771 -1.5708 2.35952
-0.782077 -2.18004 -0.981272 -4.69267 -1.5708 2.35952
-0.782077 -2.18016 -0.986166 -4.68765 -1.5708 2.35952
-0.782077 -2.18032 -0.991016 -4.68265 -1.5708 2.35952
-0.782077 -2.1805 -0.995822 -4.67766 -1.5708 2.35952
-0.782077 -2.1807 -1.00058 -4.67269 -1.5708 2.35952
-0.782077 -2.18094 -1.0053 -4.66774 -1.5708 2.35952
-0.782077 -2.1812 -1.00998 -4.6628 -1.5708 2.35952
-0.782077 -2.18149 -1.01462 -4.65787 -1.5708 2.35952
-0.782077 -2.18181 -1.01921 -4.65297 -1.5708 2.35952
-0.782077 -2.18215 -1.02376 -4.64807 -1.5708 2.35952
-0.782077 -2.18251 -1.02828 -4.64319 -1.5708 2.35952
-0.782077 -2.18291 -1.03275 -4.63833 -1.5708 2.35952
-0.782077 -2.18333 -1.03718 -4.63348 -1.5708 2.35952
-0.782077 -2.18377 -1.04157 -4.62864 -1.5708 2.35952
-0.782077 -2.18424 -1.04593 -4.62382 -1.5708 2.35952
-0.782077 -2.18473 -1.05024 -4.61901 -1.5708 2.35952
-0.782077 -2.18525 -1.05452 -4.61421 -1.5708 2.35952
-0.782077 -2.18579 -1.05876 -4.60943 -1.5708 2.35952
-0.782077 -2.18636 -1.06296 -4.60466 -1.5708 2.35952
-0.782077 -2.18695 -1.06712 -4.59991 -1.5708 2.35952
-0.782077 -2.18756 -1.07125 -4.59517 -1.5708 2.35952
-0.782077 -2.1882 -1.07534 -4.59044 -1.5708 2.35952
-0.782077 -2.18887 -1.0794 -4.58572 -1.5708 2.35952
-0.782077 -2.18955 -1.08342 -4.58101 -1.5708 2.35952
-0.782077 -2.19026 -1.0874 -4.57632 -1.5708 2.35952
-0.782077 -2.19099 -1.09135 -4.57164 -1.5708 2.35952
-0.782077 -2.19175 -1.09526 -4.56697 -1.5708 2.35952
-0.782077 -2.19253 -1.09914 -4.56232 -1.5708 2.35952
-0.782077 -2.19333 -1.10298 -4.55767 -1.5708 2.35952
-0.782077 -2.19415 -1.10679 -4.55304 -1.5708 2.35952
-0.782077 -2.195 -1.11057 -4.54842 -1.5708 2.35952
-0.782077 -2.19587 -1.11431 -4.54381 -1.5708 2.35952
-0.782077 -2.19676 -1.11802 -4.53921 -1.5708 2.35952
-0.782077 -2.19767 -1.12169 -4.53462 -1.5708 2.35952
-0.782077 -2.19861 -1.12533 -4.53004 -1.5708 2.35952
-0.782077 -2.19956 -1.12894 -4.52548 -1.5708 2.35952
-0.782077 -2.20054 -1.13252 -4.52092 -1.5708 2.35952
-0.782077 -2.20154 -1.13606 -4.51638 -1.5708 2.35952
-0.782077 -2.20256 -1.13957 -4.51185 -1.5708 2.35952
-0.782077 -2.2036 -1.14305 -4.50733 -1.5708 2.35952
-0.782077 -2.20467 -1.1465 -4.50281 -1.5708 2.35952
-0.782077 -2.20575 -1.14992 -4.49831 -1.5708 2.35952
-0.782077 -2.20686 -1.1533 -4.49382 -1.5708 2.35952
-0.782077 -2.20799 -1.15665 -4.48934 -1.5708 2.35952
-0.782077 -2.20913 -1.15998 -4.48487 -1.5708 2.35952
-0.782077 -2.2103 -1.16327 -4.48041 -1.5708 2.35952
-0.782077 -2.21149 -1.16653 -4.47597 -1.5708 2.35952
-0.782077 -2.2127 -1.16976 -4.47153 -1.5708 2.35952
-0.782077 -2.21393 -1.17296 -4.4671 -1.5708 2.35952
-0.782077 -2.21518 -1.17613 -4.46268 -1.5708 2.35952
-0.782077 -2.21645 -1.17926 -4.45827 -1.5708 2.35952
-0.782077 -2.21774 -1.18237 -4.45387 -1.5708 2.35952
-0.782077 -2.21905 -1.18545 -4.44948 -1.5708 2.35952
-0.782077 -2.22038 -1.1885 -4.4451 -1.5708 2.35952
-0.782077 -2.22173 -1.19152 -4.44073 -1.5708 2.35952
-0.782077 -2.2231 -1.19451 -4.43637 -1.5708 2.35952
-0.782077 -2.22448 -1.19747 -4.43202 -1.5708 2.35952
-0.782077 -2.22589 -1.20041 -4.42768 -1.5708 2.35952
-0.782077 -2.22732 -1.20331 -4.42335 -1.5708 2.35952
-0.782077 -2.22877 -1.20618 -4.41903 -1.5708 2.35952
-0.782077 -2.23023 -1.20903 -4.41472 -1.5708 2.35952
-0.782077 -2.23172 -1.21185 -4.41042 -1.5708 2.35952
-0.782077 -2.23322 -1.21463 -4.40612 -1.5708 2.35952
-0.782077 -2.23475 -1.21739 -4.40184 -1.5708 2.35952
-0.782077 -2.23629 -1.22012 -4.39757 -1.5708 2.35952
-0.782077 -2.23785 -1.22283 -4.3933 -1.5708 2.35952
-0.782077 -2.23943 -1.2255 -4.38905 -1.5708 2.35952
-0.782077 -2.24103 -1.22815 -4.3848 -1.5708 2.35952
-0.782077 -2.24264 -1.23077 -4.38057 -1.5708 2.35952
-0.782077 -2.24428 -1.23336 -4.37634 -1.5708 2.35952
-0.782077 -2.24593 -1.23592 -4.37212 -1.5708 2.35952
-0.782077 -2.24761 -1.23846 -4.36792 -1.5708 2.35952
-0.782077 -2.2493 -1.24097 -4.36372 -1.5708 2.35952
-0.782077 -2.251 -1.24345 -4.35953 -1.5708 2.35952
-0.782077 -2.25273 -1.2459 -4.35535 -1.5708 2.35952
-0.782077 -2.25448 -1.24833 -4.35118 -1.5708 2.35952
-0.782077 -2.25624 -1.25073 -4.34702 -1.5708 2.35952
-0.782077 -2.25802 -1.2531 -4.34287 -1.5708 2.35952
-0.782077 -2.25982 -1.25544 -4.33872 -1.5708 2.35952
-0.782077 -2.26163 -1.25775 -4.3346 -1.5708 2.35952
-0.782077 -2.25981 -1.25544 -4.33873 -1.5708 2.35952
-0.782077 -2.25801 -1.25309 -4.34288 -1.5708 2.35952
-0.782077 -2.25623 -1.25072 -4.34703 -1.5708 2.35952
-0.782077 -2.25447 -1.24832 -4.35119 -1.5708 2.35952
-0.782077 -2.25273 -1.2459 -4.35536 -1.5708 2.35952
-0.782077 -2.251 -1.24344 -4.35954 -1.5708 2.35952
-0.782077 -2.24929 -1.24096 -4.36373 -1.5708 2.35952
-0.782077 -2.2476 -1.23845 -4.36793 -1.5708 2.35952
-0.782077 -2.24593 -1.23592 -4.37213 -1.5708 2.35952
-0.782077 -2.24428 -1.23335 -4.37635 -1.5708 2.35952
-0.782077 -2.24264 -1.23076 -4.38058 -1.5708 2.35952
-0.782077 -2.24102 -1.22814 -4.38481 -1.5708 2.35952
-0.782077 -2.23943 -1.2255 -4.38906 -1.5708 2.35952
-0.782077 -2.23785 -1.22282 -4.39331 -1.5708 2.35952
-0.782077 -2.23629 -1.22012 -4.39758 -1.5708 2.35952
-0.782077 -2.23474 -1.21739 -4.40185 -1.5708 2.35952
-0.782077 -2.23322 -1.21463 -4.40613 -1.5708 2.35952
-0.782077 -2.23172 -1.21184 -4.41043 -1.5708 2.35952
-0.782077 -2.23023 -1.20902 -4.41473 -1.5708 2.35952
-0.782077 -2.22876 -1.20618 -4.41904 -1.5708 2.35952
-0.782077 -2.22732 -1.2033 -4.42336 -1.5708 2.35952
-0.782077 -2.22589 -1.2004 -4.42769 -1.5708 2.35952
-0.782077 -2.22448 -1.19747 -4.43203 -1.5708 2.35952
-0.782077 -2.22309 -1.19451 -4.43638 -1.5708 2.35952
-0.782077 -2.22172 -1.19152 -4.44074 -1.5708 2.35952
-0.782077 -2.22037 -1.1885 -4.44511 -1.5708 2.35952
-0.782077 -2.21904 -1.18545 -4.44949 -1.5708 2.35952
-0.782077 -2.21773 -1.18237 -4.45388 -1.5708 2.35952
-0.782077 -2.21644 -1.17926 -4.45828 -1.5708 2.35952
-0.782077 -2.21517 -1.17612 -4.46269 -1.5708 2.35952
-0.782077 -2.21393 -1.17295 -4.46711 -1.5708 2.35952
-0.782077 -2.2127 -1.16975 -4.47154 -1.5708 2.35952
-0.782077 -2.21149 -1.16652 -4.47598 -1.5708 2.35952
-0.782077 -2.2103 -1.16326 -4.48042 -1.5708 2.35952
-0.782077 -2.20913 -1.15997 -4.48488 -1.5708 2.35952
-0.782077 -2.20798 -1.15665 -4.48935 -1.5708 2.35952
-0.782077 -2.20686 -1.15329 -4.49383 -1.5708 2.35952
-0.782077 -2.20575 -1.14991 -4.49832 -1.5708 2.35952
-0.782077 -2.20467 -1.14649 -4.50282 -1.5708 2.35952
-0.782077 -2.2036 -1.14304 -4.50734 -1.5708 2.35952
-0.782077 -2.20256 -1.13956 -4.51186 -1.5708 2.35952
-0.782077 -2.20154 -1.13605 -4.51639 -1.5708 2.35952
-0.782077 -2.20054 -1.13251 -4.52093 -1.5708 2.35952
-0.782077 -2.19956 -1.12893 -4.52549 -1.5708 2.35952
-0.782077 -2.1986 -1.12532 -4.53005 -1.5708 2.35952
-0.782077 -2.19767 -1.12168 -4.53463 -1.5708 2.35952
-0.782077 -2.19676 -1.11801 -4.53922 -1.5708 2.35952
-0.782077 -2.19587 -1.1143 -4.54382 -1.5708 2.35952
-0.782077 -2.195 -1.11056 -4.54843 -1.5708 2.35952
-0.782077 -2.19415 -1.10678 -4.55305 -1.5708 2.35952
-0.782077 -2.19333 -1.10297 -4.55768 -1.5708 2.35952
-0.782077 -2.19253 -1.09913 -4.56233 -1.5708 2.35952
-0.782077 -2.19175 -1.09525 -4.56698 -1.5708 2.35952
-0.782077 -2.19099 -1.09134 -4.57165 -1.5708 2.35952
-0.782077 -2.19026 -1.08739 -4.57633 -1.5708 2.35952
-0.782077 -2.18955 -1.08341 -4.58102 -1.5708 2.35952
-0.782077 -2.18886 -1.07939 -4.58573 -1.5708 2.35952
-0.782077 -2.1882 -1.07533 -4.59045 -1.5708 2.35952
-0.782077 -2.18756 -1.07124 -4.59518 -1.5708 2.35952
-0.782077 -2.18695 -1.06711 -4.59992 -1.5708 2.35952
-0.782077 -2.18636 -1.06295 -4.60468 -1.5708 2.35952
-0.782077 -2.18579 -1.05875 -4.60944 -1.5708 2.35952
-0.782077 -2.18525 -1.05451 -4.61423 -1.5708 2.35952
-0.782077 -2.18473 -1.05023 -4.61902 -1.5708 2.35952
-0.782077 -2.18424 -1.04592 -4.62383 -1.5708 2.35952
-0.782077 -2.18377 -1.04156 -4.62865 -1.5708 2.35952
-0.782077 -2.18332 -1.03717 -4.63349 -1.5708 2.35952
-0.782077 -2.18291 -1.03274 -4.63834 -1.5708 2.35952
-0.782077 -2.18251 -1.02826 -4.6432 -1.5708 2.35952
-0.782077 -2.18215 -1.02375 -4.64808 -1.5708 2.35952
-0.782077 -2.18181 -1.0192 -4.65298 -1.5708 2.35952
-0.782077 -2.18149 -1.01461 -4.65789 -1.5708 2.35952
-0.782077 -2.1812 -1.00997 -4.66281 -1.5708 2.35952
-0.782077 -2.18094 -1.00529 -4.66775 -1.5708 2.35952
-0.782077 -2.1807 -1.00057 -4.6727 -1.5708 2.35952
-0.782077 -2.1805 -0.995811 -4.67767 -1.5708 2.35952
-0.782077 -2.18031 -0.991005 -4.68266 -1.5708 2.35952
-0.782077 -2.18016 -0.986155 -4.68767 -1.5708 2.35952
-0.782077 -2.18004 -0.98126 -4.69269 -1.5708 2.35952
-0.782077 -2.17994 -0.976321 -4.69772 -1.5708 2.35952
-0.782077 -2.17987 -0.971336 -4.70278 -1.5708 2.35952
-0.782077 -2.17983 -0.966305 -4.70785 -1.5708 2.35952
-0.782077 -2.17982 -0.961227 1.57025 -1.5708 2.35952
-0.782077 -2.17984 -0.956101 1.56514 -1.5708 2.35952
-0.782077 -2.17988 -0.950927 1.56001 -1.5708 2.35952
-0.782077 -2.17996 -0.945705 1.55487 -1.5708 2.35952
-0.782077 -2.18007 -0.940433 1.5497 -1.5708 2.35952
-0.782077 -2.18021 -0.935111 1.54452 -1.5708 2.35952
-0.782077 -2.18038 -0.929739 1.53932 -1.5708 2.35952
-0.782077 -2.18058 -0.924314 1.53409 -1.5708 2.35952
-0.782077 -2.18081 -0.918837 1.52885 -1.5708 2.35952
-0.782077 -2.18107 -0.913307 1.52358 -1.5708 2.35952
-0.782077 -2.18137 -0.907722 1.5183 -1.5708 2.35952
-0.782077 -2.1817 -0.902083 1.51299 -1.5708 2.35952
-0.782077 -2.18206 -0.896388 1.50765 -1.5708 2.35952
-0.782077 -2.18246 -0.890635 1.5023 -1.5708 2.35952
-0.782077 -2.18289 -0.884825 1.49692 -1.5708 2.35952
-0.782077 -2.18336 -0.878956 1.49152 -1.5708 2.35952
-0.782077 -2.18386 -0.873027 1.48609 -1.5708 2.35952
-0.782445 -2.18392 -0.867613 1.48161 -1.57166 2.35915
-0.771127 -2.15659 -0.91002 1.49495 -1.56994 2.35476
-0.760947 -3.0396 0.952343 0.517313 -1.57165 2.34923
-0.748877 -3.05039 0.990775 0.487957 -1.56994 2.34559
-0.737955 -3.06024 1.02934 0.460946 -1.57165 2.3408
-0.725063 -3.06921 1.06461 0.432939 -1.56995 2.33798
-0.713325 -3.07726 1.10012 0.407177 -1.57164 2.33401
-0.69953 -3.08466 1.13278 0.38023 -1.56996 2.33209
-0.686891 -3.09116 1.16572 0.355464 -1.57163 2.32902
-0.672105 -3.09717 1.19614 0.329375 -1.56997 2.3281
-0.658471 -3.10226 1.22686 0.305425 -1.57162 2.32602
-0.642593 -3.10702 1.25532 0.280047 -1.56998 2.32619
-0.627859 -3.11083 1.28406 0.256785 -1.57161 2.32521
-0.61078 -3.11443 1.31076 0.232016 -1.57 2.32658
-0.594827 -3.11706 1.33771 0.209349 -1.57159 2.32682
-0.576423 -3.11958 1.3628 0.185115 -1.57001 2.32951
-0.559121 -3.12109 1.38811 0.162982 -1.57158 2.33111
-0.539257 -3.1226 1.4117 0.139235 -1.57003 2.33526
-0.520461 -3.12306 1.43546 0.117597 -1.57156 2.33835
-0.498987 -3.12361 1.45763 0.0943106 -1.57006 2.34411
-0.478536 -3.12308 1.47993 0.0731512 -1.57154 2.34885
-0.455291 -3.12272 1.50072 0.0503197 -1.57008 2.35638
-0.433012 -3.12125 1.52161 0.0296425 -1.57152 2.36295
-0.40782 -3.12005 1.54107 0.00727967 -1.57011 2.37243
-0.383526 -3.11769 1.56058 -0.0128915 -1.57149 2.38102
-0.356207 -3.11569 1.57874 -0.034751 -1.57014 2.39263
-0.329703 -3.11251 1.59689 -0.0543713 -1.57146 2.40342
-0.300069 -3.10979 1.61374 -0.0756705 -1.57018 2.41734
-0.271157 -3.10585 1.63053 -0.0946728 -1.57143 2.43055
-0.239031 -3.10247 1.64606 -0.11533 -1.57022 2.44696
-0.207521 -3.09785 1.6615 -0.133623 -1.5714 2.46276
-0.172742 -3.09391 1.67569 -0.153531 -1.57027 2.48183
-0.13847 -3.08872 1.68975 -0.170995 -1.57136 2.50039
-0.100919 -3.08432 1.70257 -0.190015 -1.57032 2.52223
-0.0637679 -3.07866 1.71521 -0.206505 -1.57131 2.54367
-0.0233949 -3.07394 1.72662 -0.224466 -1.57038 2.56834
0.0166747 -3.06794 1.7378 -0.239803 -1.57126 2.59269
0.0598179 -3.06304 1.74774 -0.256502 -1.57044 2.62013
0.102727 -3.05687 1.75742 -0.270477 -1.57121 2.64733
0.148445 -3.05196 1.76583 -0.285678 -1.57051 2.67733
0.193957 -3.0458 1.77394 -0.298056 -1.57116 2.70713
0.241874 -3.04107 1.78075 -0.311494 -1.57059 2.73934
0.289555 -3.03512 1.78722 -0.322019 -1.5711 2.77131
0.339089 -3.03076 1.79236 -0.333414 -1.57066 2.80514
0.388291 -3.02522 1.79713 -0.341823 -1.57103 2.83863
0.438651 -3.02143 1.80052 -0.350897 -1.57074 2.87328
0.488528 -3.01651 1.80354 -0.356939 -1.57097 2.90744
0.538763 -3.01347 1.80511 -0.363444 -1.57082 2.94197
0.588325 -3.00933 1.80632 -0.366911 -1.57091 2.97582
0.637405 -3.00716 1.80604 -0.370656 -1.57089 3.00919
0.685626 -3.00392 1.8054 -0.371404 -1.57086 3.0417
0.732566 -3.00271 1.80323 -0.372285 -1.57096 3.07293
0.778502 -3.00042 1.80075 -0.370261 -1.57081 3.10316
0.822482 -3.00015 1.79669 -0.368279 -1.57102 3.13143
0.865388 -2.99879 1.79237 -0.363527 -1.57077 -3.12456
0.905835 -2.99937 1.78645 -0.358784 -1.57107 -3.09983
0.945225 -2.99885 1.78033 -0.351443 -1.57073 -3.07615
0.981851 -3.00016 1.7726 -0.344129 -1.57112 -3.05523
1.01751 -3.00032 1.76475 -0.334406 -1.57071 -3.03528
1.05028 -3.00216 1.75527 -0.324769 -1.57115 -3.01823
1.08222 -3.00282 1.74574 -0.312915 -1.57069 -3.00199
1.11129 -3.00499 1.73459 -0.301233 -1.57117 -2.98863
1.1397 -3.00595 1.72346 -0.287513 -1.57067 -2.97593
1.16536 -3.00825 1.7107 -0.274062 -1.57119 -2.96599
1.19052 -3.00932 1.69803 -0.258733 -1.57067 -2.95654
1.21311 -3.01155 1.68373 -0.243773 -1.5712 -2.94966
1.23535 -3.01255 1.66958 -0.227071 -1.57067 -2.94313
1.25523 -3.01454 1.6538 -0.21083 -1.57121 -2.93896
1.27489 -3.01531 1.63822 -0.192958 -1.57067 -2.93501
1.29241 -3.01691 1.62098 -0.17563 -1.57121 -2.93319
1.30982 -3.01731 1.60401 -0.156757 -1.57068 -2.9315
1.3253 -3.01839 1.58535 -0.138499 -1.57121 -2.93173
1.34074 -3.0183 1.567 -0.118762 -1.57069 -2.932
1.35447 -3.01876 1.54693 -0.0996947 -1.57121 -2.93398
1.3682 -3.01808 1.5272 -0.0791972 -1.57071 -2.93595
1.38042 -3.01782 1.50572 -0.0594115 -1.5712 -2.93945
1.39268 -3.01646 1.48461 -0.0382276 -1.57072 -2.9429
1.4036 -3.0154 1.46168 -0.0177826 -1.57119 -2.9477
1.41457 -3.01327 1.43914 0.00404122 -1.57074 -2.95243
1.42437 -3.01133 1.41473 0.0251139 -1.57118 -2.95834
1.43423 -3.00837 1.39071 0.0475574 -1.57076 -2.96419
1.44306 -3.00547 1.36473 0.069253 -1.57116 -2.97107
1.45195 -3.00159 1.33916 0.0923216 -1.57078 -2.97789
1.45994 -2.99766 1.31152 0.114662 -1.57115 -2.98561
1.46798 -2.99277 1.28427 0.138388 -1.5708 -2.99328
1.47525 -2.98772 1.25482 0.161425 -1.57113 -3.00173
1.48254 -2.98174 1.22574 0.18587 -1.57083 -3.01014
1.48917 -1.83532 -1.1943 1.45816 -1.57112 -3.01923
1.4958 -1.85746 -1.16318 1.45051 -1.57085 -3.0283
1.50187 -1.88161 -1.12948 1.43963 -1.5711 -3.03794
1.50793 -1.90467 -1.09601 1.43054 -1.57088 -3.04759
1.51351 -1.92982 -1.05971 1.41808 -1.57108 -3.05772
1.51905 -1.954 -1.02349 1.40734 -1.5709 -3.06789
1.5242 -1.98041 -0.984056 1.39303 -1.57106 -3.07846
1.52928 -2.00599 -0.944492 1.38033 -1.57093 -3.08908
1.53405 -2.03403 -0.901184 1.36378 -1.57104 -3.10003
1.53872 -2.06144 -0.857374 1.34865 -1.57096 -3.11106
1.54315 -2.09167 -0.809009 1.32926 -1.57102 -3.12235
1.54745 -2.12164 -0.759478 1.31094 -1.57098 -3.13375
1.55158 -2.15504 -0.704022 1.28765 -1.571 3.13784
