1.55555 -2.1897 -0.644987 1.26328 -1.57099 3.12614
1.55761 -2.18742 -0.650962 1.26697 -1.571 -3.13927
1.55967 -2.18517 -0.65687 1.27064 -1.571 -3.1215
1.56173 -2.18295 -0.662713 1.27427 -1.571 -3.10373
1.5638 -2.18077 -0.668493 1.27788 -1.57101 -3.08595
1.56587 -2.17862 -0.674211 1.28145 -1.57101 -3.06818
1.56794 -2.1765 -0.679869 1.285 -1.57102 -3.0504
1.57001 -2.17441 -0.685469 1.28852 -1.57102 -3.03262
1.57208 -2.17236 -0.691011 1.29201 -1.57102 -3.01483
1.57415 -2.17033 -0.696497 1.29548 -1.57103 -2.99705
1.57623 -2.16833 -0.701928 1.29892 -1.57103 -2.97926
1.57831 -2.16636 -0.707305 1.30234 -1.57103 -2.96147
1.58039 -2.16442 -0.71263 1.30573 -1.57104 -2.94368
1.58247 -2.16251 -0.717903 1.3091 -1.57104 -2.92589
1.58456 -2.16062 -0.723127 1.31244 -1.57104 -2.9081
1.58664 -2.15876 -0.728301 1.31576 -1.57104 -2.8903
1.58873 -2.15693 -0.733426 1.31906 -1.57105 -2.8725
1.59082 -2.15512 -0.738505 1.32234 -1.57105 -2.85471
1.59291 -2.15334 -0.743537 1.3256 -1.57105 -2.8369
1.595 -2.15158 -0.748523 1.32883 -1.57105 -2.8191
1.59709 -2.14985 -0.753465 1.33205 -1.57106 -2.8013
1.59919 -2.14814 -0.758363 1.33524 -1.57106 -2.78349
1.60129 -2.14645 -0.763218 1.33842 -1.57106 -2.76568
1.60339 -2.14479 -0.76803 1.34158 -1.57106 -2.74788
1.60549 -2.14315 -0.772801 1.34472 -1.57106 -2.73007
1.60759 -2.14153 -0.777531 1.34784 -1.57106 -2.71225
1.60969 -2.13994 -0.782221 1.35094 -1.57106 -2.69444
1.6118 -2.13836 -0.786871 1.35402 -1.57106 -2.67662
1.61391 -2.13681 -0.791483 1.35709 -1.57107 -2.65881
1.61601 -2.13528 -0.796056 1.36014 -1.57107 -2.64099
1.61813 -2.13377 -0.800591 1.36318 -1.57107 -2.62317
1.62024 -2.13228 -0.80509 1.36619 -1.57107 -2.60535
1.62235 -2.13082 -0.809552 1.3692 -1.57107 -2.58752
1.62446 -2.12937 -0.813978 1.37218 -1.57107 -2.5697
1.62658 -2.12794 -0.818369 1.37515 -1.57107 -2.55187
1.6287 -2.12653 -0.822725 1.37811 -1.57107 -2.53404
1.63082 -2.12514 -0.827046 1.38105 -1.57107 -2.51622
1.63294 -2.12378 -0.831333 1.38397 -1.57107 -2.49839
1.63506 -2.12243 -0.835587 1.38689 -1.57107 -2.48055
1.63718 -2.12109 -0.839808 1.38978 -1.57106 -2.46272
1.63931 -2.11978 -0.843997 1.39267 -1.57106 -2.44489
1.64143 -2.11849 -0.848153 1.39554 -1.57106 -2.42705
1.64356 -2.11721 -0.852278 1.39839 -1.57106 -2.40921
1.64569 -2.11595 -0.856371 1.40124 -1.57106 -2.39137
1.64782 -2.11471 -0.860434 1.40407 -1.57106 -2.37353
1.64995 -2.11349 -0.864466 1.40688 -1.57106 -2.35569
1.65208 -2.11229 -0.868468 1.40969 -1.57106 -2.33785
1.65422 -2.1111 -0.87244 1.41248 -1.57105 -2.32001
1.65635 -2.10993 -0.876382 1.41526 -1.57105 -2.30216
1.65849 -2.10878 -0.880296 1.41803 -1.57105 -2.28432
1.66062 -2.10764 -0.884181 1.42078 -1.57105 -2.26647
1.66276 -2.10652 -0.888037 1.42353 -1.57104 -2.24862
1.6649 -2.10542 -0.891866 1.42626 -1.57104 -2.23077
1.66704 -2.10433 -0.895666 1.42898 -1.57104 -2.21292
1.66918 -2.10326 -0.89944 1.43169 -1.57104 -2.19507
1.67133 -2.10221 -0.903186 1.43439 -1.57103 -2.17722
1.67347 -2.10117 -0.906905 1.43708 -1.57103 -2.15936
1.67562 -2.10015 -0.910597 1.43975 -1.57103 -2.14151
1.67776 -2.09914 -0.914264 1.44242 -1.57102 -2.12365
1.67991 -2.09815 -0.917904 1.44508 -1.57102 -2.10579
1.68206 -2.09717 -0.921518 1.44772 -1.57102 -2.08793
1.68421 -2.09621 -0.925107 1.45036 -1.57101 -2.07008
1.68636 -2.09527 -0.928671 1.45298 -1.57101 -2.05222
1.68851 -2.98647 0.932209 0.483305 -1.57101 -2.03435
1.69066 -2.98889 0.935723 0.482221 -1.571 -2.01649
1.69281 -2.9913 0.939212 0.481153 -1.571 -1.99863
1.69497 -2.99371 0.942677 0.4801 -1.57099 -1.98077
1.69712 -2.99611 0.946117 0.479063 -1.57099 -1.9629
1.69928 -2.9985 0.949534 0.478042 -1.57098 -1.94504
1.70143 -3.00088 0.952927 0.477036 -1.57098 -1.92717
1.70359 -3.00325 0.956297 0.476045 -1.57098 -1.9093
1.70575 -3.00562 0.959643 0.475069 -1.57097 -1.89143
1.70791 -3.00797 0.962966 0.474108 -1.57097 -1.87357
1.71007 -3.01032 0.966267 0.473162 -1.57096 -1.8557
1.71223 -3.01266 0.969544 0.472231 -1.57096 -1.83783
1.71439 -3.015 0.972799 0.471315 -1.57095 -1.81996
1.71655 -3.01732 0.976032 0.470413 -1.57095 -1.80208
1.71871 -3.01964 0.979243 0.469526 -1.57094 -1.78421
1.72087 -3.02195 0.982431 0.468653 -1.57093 -1.76634
1.72304 -3.02426 0.985598 0.467795 -1.57093 -1.74847
1.7252 -3.02655 0.988743 0.466951 -1.57092 -1.73059
1.72737 -3.02884 0.991866 0.466121 -1.57092 -1.71272
1.72953 -3.03113 0.994969 0.465305 -1.57091 -1.69484
1.7317 -3.0334 0.99805 0.464504 -1.57091 -1.67697
1.73386 -3.03567 1.00111 0.463716 -1.5709 -1.65909
1.73603 -3.03793 1.00415 0.462942 -1.57089 -1.64121
1.7382 -3.04019 1.00717 0.462183 -1.57089 -1.62334
1.74037 -3.04243 1.01017 0.461436 -1.57088 -1.60546
1.74253 -3.04468 1.01314 0.460704 -1.57088 -1.58758
1.7447 -3.04691 1.0161 0.459985 -1.57087 -1.5697
1.74687 -3.04914 1.01904 0.45928 -1.57086 -1.55182
1.74904 -3.05136 1.02195 0.458588 -1.57086 -1.53394
1.75121 -3.05358 1.02485 0.45791 -1.57085 -1.51606
1.75338 -3.05578 1.02773 0.457245 -1.57084 -1.49818
1.75555 -3.05799 1.03058 0.456593 -1.57084 -1.4803
1.75772 -3.06018 1.03342 0.455954 -1.57083 -1.46242
1.75989 -3.06238 1.03624 0.455329 -1.57082 -1.44454
1.76206 -2.07109 -1.03904 1.53933 -1.57082 -1.42666
1.76424 -2.07063 -1.04182 1.54165 -1.57081 -1.40878
1.76641 -2.07019 -1.04458 1.54397 -1.5708 -1.3909
1.76858 -2.06976 -1.04732 1.54629 -1.5708 -1.37301
1.76858 -2.06976 -1.04732 1.54629 -1.5708 -1.37301
1.76858 -2.06964 -1.0526 1.55145 -1.5708 -1.37301
1.76858 -2.06955 -1.05784 1.55659 -1.5708 -1.37301
1.76858 -2.06949 -1.06303 1.56172 -1.5708 -1.37301
1.76858 -2.06945 -1.06818 1.56684 -1.5708 -1.37301
1.76858 -2.06945 -1.07329 -4.71125 -1.5708 -1.37301
1.76858 -2.06947 -1.07835 -4.70616 -1.5708 -1.37301
1.76858 -2.06951 -1.08338 -4.70109 -1.5708 -1.37301
1.76858 -2.06959 -1.08836 -4.69603 -1.5708 -1.37301
1.76858 -2.06969 -1.09331 -4.69099 -1.5708 -1.37301
1.76858 -2.06981 -1.09821 -4.68595 -1.5708 -1.37301
1.76858 -2.06997 -1.10308 -4.68093 -1.5708 -1.37301
1.76858 -2.07014 -1.10791 -4.67593 -1.5708 -1.37301
1.76858 -2.07035 -1.1127 -4.67093 -1.5708 -1.37301
1.76858 -2.07058 -1.11745 -4.66595 -1.5708 -1.37301
1.76858 -2.07084 -1.12216 -4.66098 -1.5708 -1.37301
1.76858 -2.07112 -1.12684 -4.65602 -1.5708 -1.37301
1.76858 -2.07142 -1.13148 -4.65108 -1.5708 -1.37301
1.76858 -2.07175 -1.13608 -4.64614 -1.5708 -1.37301
1.76858 -2.07211 -1.14065 -4.64122 -1.5708 -1.37301
1.76858 -2.07249 -1.14518 -4.63631 -1.5708 -1.37301
1.76858 -2.07289 -1.14968 -4.63141 -1.5708 -1.37301
1.76858 -2.07332 -1.15414 -4.62652 -1.5708 -1.37301
1.76858 -2.07378 -1.15856 -4.62164 -1.5708 -1.37301
1.76858 -2.07425 -1.16295 -4.61677 -1.5708 -1.37301
1.76858 -2.07476 -1.16731 -4.61191 -1.5708 -1.37301
1.76858 -2.07528 -1.17163 -4.60707 -1.5708 -1.37301
1.76858 -2.07583 -1.17592 -4.60223 -1.5708 -1.37301
1.76858 -2.0764 -1.18018 -4.5974 -1.5708 -1.37301
1.76858 -2.077 -1.1844 -4.59259 -1.5708 -1.37301
1.76858 -2.07762 -1.18859 -4.58778 -1.5708 -1.37301
1.76858 -2.07826 -1.19274 -4.58298 -1.5708 -1.37301
1.76858 -2.07892 -1.19687 -4.57819 -1.5708 -1.37301
1.76858 -2.07961 -1.20096 -4.57342 -1.5708 -1.37301
1.76858 -2.08032 -1.20501 -4.56865 -1.5708 -1.37301
1.76858 -2.08105 -1.20904 -4.56389 -1.5708 -1.37301
1.76858 -2.08181 -1.21304 -4.55914 -1.5708 -1.37301
1.76858 -2.08259 -1.217 -4.55439 -1.5708 -1.37301
1.76858 -2.08339 -1.22093 -4.54966 -1.5708 -1.37301
1.76858 -2.08421 -1.22483 -4.54494 -1.5708 -1.37301
1.76858 -2.08506 -1.2287 -4.54022 -1.5708 -1.37301
1.76858 -2.08592 -1.23254 -4.53552 -1.5708 -1.37301
1.76858 -2.08681 -1.23635 -4.53082 -1.5708 -1.37301
1.76858 -2.08772 -1.24013 -4.52613 -1.5708 -1.37301
1.76858 -2.08865 -1.24387 -4.52145 -1.5708 -1.37301
1.76858 -2.08961 -1.24759 -4.51678 -1.5708 -1.37301
1.76858 -2.09058 -1.25128 -4.51212 -1.5708 -1.37301
1.76858 -2.09158 -1.25494 -4.50746 -1.5708 -1.37301
1.76858 -2.0926 -1.25857 -4.50282 -1.5708 -1.37301
1.76858 -2.09364 -1.26217 -4.49818 -1.5708 -1.37301
1.76858 -2.0947 -1.26574 -4.49355 -1.5708 -1.37301
1.76858 -2.09578 -1.26928 -4.48892 -1.5708 -1.37301
1.76858 -2.09688 -1.27279 -4.48431 -1.5708 -1.37301
1.76858 -2.09801 -1.27627 -4.4797 -1.5708 -1.37301
1.76858 -2.09915 -1.27973 -4.4751 -1.5708 -1.37301
1.76858 -2.10032 -1.28315 -4.47051 -1.5708 -1.37301
1.76858 -2.1015 -1.28655 -4.46593 -1.5708 -1.37301
1.76858 -2.10271 -1.28992 -4.46136 -1.5708 -1.37301
1.76858 -2.10393 -1.29326 -4.45679 -1.5708 -1.37301
1.76858 -2.10518 -1.29657 -4.45223 -1.5708 -1.37301
1.76858 -2.10645 -1.29986 -4.44768 -1.5708 -1.37301
1.76858 -2.10774 -1.30311 -4.44313 -1.5708 -1.37301
1.76858 -2.10905 -1.30634 -4.43859 -1.5708 -1.37301
1.76858 -2.11037 -1.30954 -4.43406 -1.5708 -1.37301
1.76858 -2.11172 -1.31272 -4.42954 -1.5708 -1.37301
1.76858 -2.11309 -1.31586 -4.42503 -1.5708 -1.37301
1.76858 -2.11448 -1.31898 -4.42052 -1.5708 -1.37301
1.76858 -2.11589 -1.32207 -4.41602 -1.5708 -1.37301
1.76858 -2.11731 -1.32514 -4.41153 -1.5708 -1.37301
1.76858 -2.11876 -1.32818 -4.40704 -1.5708 -1.37301
1.76858 -2.12023 -1.33119 -4.40256 -1.5708 -1.37301
1.76858 -2.12172 -1.33417 -4.39809 -1.5708 -1.37301
1.76858 -2.12322 -1.33713 -4.39363 -1.5708 -1.37301
1.76858 -2.12475 -1.34006 -4.38917 -1.5708 -1.37301
1.76858 -2.12629 -1.34296 -4.38473 -1.5708 -1.37301
1.76858 -2.12786 -1.34584 -4.38028 -1.5708 -1.37301
1.76858 -2.12944 -1.34869 -4.37585 -1.5708 -1.37301
1.76858 -2.13104 -1.35151 -4.37142 -1.5708 -1.37301
1.76858 -2.13267 -1.35431 -4.367 -1.5708 -1.37301
1.76858 -2.13431 -1.35708 -4.36259 -1.5708 -1.37301
1.76858 -2.13597 -1.35983 -4.35819 -1.5708 -1.37301
1.76858 -2.13764 -1.36255 -4.35379 -1.5708 -1.37301
1.76858 -2.13934 -1.36524 -4.3494 -1.5708 -1.37301
1.76858 -2.14106 -1.36791 -4.34501 -1.5708 -1.37301
1.76858 -2.14279 -1.37055 -4.34064 -1.5708 -1.37301
1.76858 -2.14455 -1.37317 -4.33627 -1.5708 -1.37301
1.76858 -2.14632 -1.37576 -4.33191 -1.5708 -1.37301
1.76858 -2.14811 -1.37832 -4.32755 -1.5708 -1.37301
1.76858 -2.14992 -1.38086 -4.32321 -1.5708 -1.37301
1.76858 -2.15175 -1.38337 -4.31887 -1.5708 -1.37301
1.76858 -2.15359 -1.38586 -4.31453 -1.5708 -1.37301
1.76858 -2.15546 -1.38832 -4.31021 -1.5708 -1.37301
1.76858 -2.15734 -1.39075 -4.30589 -1.5708 -1.37301
1.76858 -2.15924 -1.39316 -4.30158 -1.5708 -1.37301
1.76858 -2.16116 -1.39555 -4.29728 -1.5708 -1.37301
1.76858 -2.16309 -1.39791 -4.29298 -1.5708 -1.37301
1.76858 -2.16505 -1.40024 -4.28869 -1.5708 -1.37301
1.76858 -2.16702 -1.40255 -4.28441 -1.5708 -1.37301
1.76858 -2.16901 -1.40484 -4.28014 -1.5708 -1.37301
1.76858 -2.17102 -1.40709 -4.27587 -1.5708 -1.37301
1.76858 -2.17304 -1.40933 -4.27161 -1.5708 -1.37301
1.76858 -2.17304 -1.40933 -4.27161 -1.5708 -1.37301
1.76858 -2.17102 -1.40709 -4.27587 -1.5708 -1.37301
1.76858 -2.16901 -1.40484 -4.28014 -1.5708 -1.37301
1.76858 -2.16702 -1.40255 -4.28441 -1.5708 -1.37301
1.76858 -2.16505 -1.40024 -4.28869 -1.5708 -1.37301
1.76858 -2.16309 -1.39791 -4.29298 -1.5708 -1.37301
1.76858 -2.16116 -1.39555 -4.29728 -1.5708 -1.37301
1.76858 -2.15924 -1.39316 -4.30158 -1.5708 -1.37301
1.76858 -2.15734 -1.39075 -4.30589 -1.5708 -1.37301
1.76858 -2.15546 -1.38832 -4.31021 -1.5708 -1.37301
1.76858 -2.15359 -1.38586 -4.31453 -1.5708 -1.37301
1.76858 -2.15175 -1.38337 -4.31887 -1.5708 -1.37301
1.76858 -2.14992 -1.38086 -4.32321 -1.5708 -1.37301
1.76858 -2.14811 -1.37832 -4.32755 -1.5708 -1.37301
1.76858 -2.14632 -1.37576 -4.33191 -1.5708 -1.37301
1.76858 -2.14455 -1.37317 -4.33627 -1.5708 -1.37301
1.76858 -2.14279 -1.37055 -4.34064 -1.5708 -1.37301
1.76858 -2.14106 -1.36791 -4.34501 -1.5708 -1.37301
1.76858 -2.13934 -1.36524 -4.3494 -1.5708 -1.37301
1.76858 -2.13764 -1.36255 -4.35379 -1.5708 -1.37301
1.76858 -2.13597 -1.35983 -4.35819 -1.5708 -1.37301
1.76858 -2.13431 -1.35708 -4.36259 -1.5708 -1.37301
1.76858 -2.13267 -1.35431 -4.367 -1.5708 -1.37301
1.76858 -2.13104 -1.35151 -4.37142 -1.5708 -1.37301
1.76858 -2.12944 -1.34869 -4.37585 -1.5708 -1.37301
1.76858 -2.12786 -1.34584 -4.38028 -1.5708 -1.37301
1.76858 -2.12629 -1.34296 -4.38473 -1.5708 -1.37301
1.76858 -2.12475 -1.34006 -4.38917 -1.5708 -1.37301
1.76858 -2.12322 -1.33713 -4.39363 -1.5708 -1.37301
1.76858 -2.12172 -1.33417 -4.39809 -1.5708 -1.37301
1.76858 -2.12023 -1.33119 -4.40256 -1.5708 -1.37301
1.76858 -2.11876 -1.32818 -4.40704 -1.5708 -1.37301
1.76858 -2.11731 -1.32514 -4.41153 -1.5708 -1.37301
1.76858 -2.11589 -1.32208 -4.41602 -1.5708 -1.37301
1.76858 -2.11448 -1.31898 -4.42052 -1.5708 -1.37301
1.76858 -2.11309 -1.31586 -4.42503 -1.5708 -1.37301
1.76858 -2.11172 -1.31272 -4.42954 -1.5708 -1.37301
1.76858 -2.11037 -1.30954 -4.43406 -1.5708 -1.37301
1.76858 -2.10905 -1.30634 -4.43859 -1.5708 -1.37301
1.76858 -2.10774 -1.30311 -4.44313 -1.5708 -1.37301
1.76858 -2.10645 -1.29986 -4.44768 -1.5708 -1.37301
1.76858 -2.10518 -1.29657 -4.45223 -1.5708 -1.37301
1.76858 -2.10393 -1.29326 -4.45679 -1.5708 -1.37301
1.76858 -2.10271 -1.28992 -4.46136 -1.5708 -1.37301
1.76858 -2.1015 -1.28655 -4.46593 -1.5708 -1.37301
1.76858 -2.10032 -1.28315 -4.47051 -1.5708 -1.37301
1.76858 -2.09915 -1.27973 -4.4751 -1.5708 -1.37301
1.76858 -2.09801 -1.27627 -4.4797 -1.5708 -1.37301
1.76858 -2.09688 -1.27279 -4.48431 -1.5708 -1.37301
1.76858 -2.09578 -1.26928 -4.48892 -1.5708 -1.37301
1.76858 -2.0947 -1.26574 -4.49355 -1.5708 -1.37301
1.76858 -2.09364 -1.26217 -4.49818 -1.5708 -1.37301
1.76858 -2.0926 -1.25857 -4.50282 -1.5708 -1.37301
1.76858 -2.09158 -1.25494 -4.50746 -1.5708 -1.37301
1.76858 -2.09058 -1.25128 -4.51212 -1.5708 -1.37301
1.76858 -2.08961 -1.24759 -4.51678 -1.5708 -1.37301
1.76858 -2.08865 -1.24387 -4.52145 -1.5708 -1.37301
1.76858 -2.08772 -1.24013 -4.52613 -1.5708 -1.37301
1.76858 -2.08681 -1.23635 -4.53082 -1.5708 -1.37301
1.76858 -2.08592 -1.23254 -4.53552 -1.5708 -1.37301
1.76858 -2.08506 -1.2287 -4.54022 -1.5708 -1.37301
1.76858 -2.08421 -1.22483 -4.54494 -1.5708 -1.37301
1.76858 -2.08339 -1.22093 -4.54966 -1.5708 -1.37301
1.76858 -2.08259 -1.217 -4.55439 -1.5708 -1.37301
1.76858 -2.08181 -1.21304 -4.55914 -1.5708 -1.37301
1.76858 -2.08105 -1.20904 -4.56389 -1.5708 -1.37301
1.76858 -2.08032 -1.20501 -4.56865 -1.5708 -1.37301
1.76858 -2.07961 -1.20096 -4.57341 -1.5708 -1.37301
1.76858 -2.07892 -1.19687 -4.57819 -1.5708 -1.37301
1.76858 -2.07826 -1.19274 -4.58298 -1.5708 -1.37301
1.76858 -2.07762 -1.18859 -4.58778 -1.5708 -1.37301
1.76858 -2.077 -1.1844 -4.59259 -1.5708 -1.37301
1.76858 -2.0764 -1.18018 -4.5974 -1.5708 -1.37301
1.76858 -2.07583 -1.17592 -4.60223 -1.5708 -1.37301
1.76858 -2.07528 -1.17163 -4.60707 -1.5708 -1.37301
1.76858 -2.07476 -1.16731 -4.61191 -1.5708 -1.37301
1.76858 -2.07425 -1.16296 -4.61677 -1.5708 -1.37301
1.76858 -2.07378 -1.15856 -4.62164 -1.5708 -1.37301
1.76858 -2.07332 -1.15414 -4.62652 -1.5708 -1.37301
1.76858 -2.07289 -1.14968 -4.63141 -1.5708 -1.37301
1.76858 -2.07249 -1.14518 -4.63631 -1.5708 -1.37301
1.76858 -2.07211 -1.14065 -4.64122 -1.5708 -1.37301
1.76858 -2.07175 -1.13608 -4.64614 -1.5708 -1.37301
1.76858 -2.07142 -1.13148 -4.65108 -1.5708 -1.37301
1.76858 -2.07112 -1.12684 -4.65602 -1.5708 -1.37301
1.76858 -2.07084 -1.12216 -4.66098 -1.5708 -1.37301
1.76858 -2.07058 -1.11745 -4.66595 -1.5708 -1.37301
1.76858 -2.07035 -1.1127 -4.67093 -1.5708 -1.37301
1.76858 -2.07014 -1.10791 -4.67593 -1.5708 -1.37301
1.76858 -2.06997 -1.10308 -4.68093 -1.5708 -1.37301
1.76858 -2.06981 -1.09822 -4.68595 -1.5708 -1.37301
1.76858 -2.06969 -1.09331 -4.69099 -1.5708 -1.37301
1.76858 -2.06959 -1.08836 -4.69603 -1.5708 -1.37301
1.76858 -2.06951 -1.08338 -4.70109 -1.5708 -1.37301
1.76858 -2.06947 -1.07835 -4.70616 -1.5708 -1.37301
1.76858 -2.06945 -1.07329 -4.71125 -1.5708 -1.37301
1.76858 -2.06945 -1.06818 1.56684 -1.5708 -1.37301
1.76858 -2.06949 -1.06303 1.56172 -1.5708 -1.37301
1.76858 -2.06955 -1.05784 1.55659 -1.5708 -1.37301
1.76858 -2.06964 -1.0526 1.55145 -1.5708 -1.37301
1.76858 -2.06976 -1.04732 1.54629 -1.5708 -1.37301
1.76913 -2.06975 -1.0474 1.54611 -1.5696 -1.37246
1.76586 -2.07021 -1.0445 1.54414 -1.57199 -1.39144
1.76479 -2.07059 -1.04193 1.54152 -1.5696 -1.40822
1.76152 -2.07112 -1.03894 1.53946 -1.57199 -1.4272
1.76045 -3.06244 1.03638 0.455097 -1.56961 -1.44398
1.75719 -3.06012 1.0333 0.456184 -1.57199 -1.46296
1.75611 -3.05806 1.03076 0.456374 -1.56962 -1.47974
1.75285 -3.05572 1.02759 0.457464 -1.57199 -1.49871
1.75177 -3.05365 1.02506 0.457705 -1.56963 -1.5155
1.74852 -3.0513 1.0218 0.458796 -1.57198 -1.53446
1.74743 -3.04921 1.01928 0.459089 -1.56964 -1.55126
1.74419 -3.04685 1.01594 0.460183 -1.57198 -1.57021
1.7431 -3.04475 1.01342 0.460527 -1.56965 -1.58702
1.73987 -3.04237 1.00999 0.461624 -1.57197 -1.60596
1.73876 -3.04027 1.00747 0.46202 -1.56967 -1.62277
1.73554 -3.03787 1.00396 0.46312 -1.57196 -1.6417
1.73442 -3.03575 1.00145 0.463568 -1.56968 -1.65853
1.73122 -3.03334 0.997847 0.464671 -1.57195 -1.67745
1.73009 -3.03121 0.995339 0.465172 -1.5697 -1.69428
1.7269 -3.02878 0.991652 0.466278 -1.57194 -1.71319
1.72576 -3.02664 0.989145 0.466832 -1.56972 -1.73004
1.72258 -3.02419 0.985373 0.467943 -1.57193 -1.74893
1.72142 -3.02205 0.982864 0.468548 -1.56974 -1.76579
1.71826 -3.01958 0.979007 0.469664 -1.57192 -1.78466
1.71709 -3.01742 0.976496 0.470323 -1.56976 -1.80154
1.71395 -3.01493 0.972554 0.471444 -1.57191 -1.82039
1.71277 -3.01276 0.970039 0.472155 -1.56978 -1.83729
1.70964 -3.01026 0.966013 0.473283 -1.5719 -1.85612
1.70844 -3.00807 0.963492 0.474047 -1.5698 -1.87303
1.70533 -3.00555 0.959381 0.475181 -1.57188 -1.89185
1.70412 -3.00336 0.956852 0.475998 -1.56982 -1.90877
1.70103 -3.00081 0.952658 0.477139 -1.57187 -1.92757
1.6998 -2.9986 0.95012 0.47801 -1.56985 -1.94452
1.69673 -2.99604 0.945842 0.479159 -1.57185 -1.96329
1.69548 -2.99382 0.943291 0.480082 -1.56987 -1.98025
1.69243 -2.99124 0.93893 0.481241 -1.57183 -1.99901
1.69116 -2.989 0.936366 0.482217 -1.5699 -2.01599
1.68814 -2.9864 0.931922 0.483385 -1.57181 -2.03472
1.68685 -2.09475 -0.929342 1.4537 -1.56993 -2.05172
1.68385 -2.09643 -0.924816 1.45013 -1.5718 -2.07043
1.68254 -2.09663 -0.922218 1.44848 -1.56995 -2.08745
1.67957 -2.09837 -0.917609 1.44483 -1.57178 -2.10614
1.67824 -2.09857 -0.914991 1.44322 -1.56998 -2.12318
1.67529 -2.10037 -0.9103 1.4395 -1.57176 -2.14184
1.67393 -2.10058 -0.907659 1.43792 -1.57001 -2.1589
1.67101 -2.10243 -0.902887 1.43413 -1.57173 -2.17753
1.66963 -2.10265 -0.90022 1.43257 -1.57005 -2.19462
1.66674 -2.10455 -0.895366 1.42871 -1.57171 -2.21322
1.66534 -2.10479 -0.892671 1.42718 -1.57008 -2.23033
1.66247 -2.10674 -0.887737 1.42326 -1.57169 -2.24891
1.66105 -2.10699 -0.885012 1.42174 -1.57011 -2.26604
1.65821 -2.109 -0.879996 1.41775 -1.57167 -2.28459
1.65676 -2.10926 -0.877238 1.41626 -1.57014 -2.30175
1.65395 -2.11132 -0.872141 1.4122 -1.57164 -2.32027
1.65248 -2.1116 -0.869347 1.41072 -1.57018 -2.33745
1.6497 -2.11371 -0.86417 1.4066 -1.57162 -2.35595
1.6482 -2.114 -0.861336 1.40514 -1.57021 -2.37315
1.64545 -2.11617 -0.856078 1.40095 -1.57159 -2.39161
1.64393 -2.11648 -0.853202 1.3995 -1.57024 -2.40884
1.64121 -2.1187 -0.847864 1.39525 -1.57157 -2.42728
1.63966 -2.11904 -0.844943 1.39381 -1.57028 -2.44453
1.63697 -2.12131 -0.839524 1.3895 -1.57154 -2.46293
1.6354 -2.12166 -0.836555 1.38806 -1.57032 -2.48021
1.63274 -2.12398 -0.831055 1.3837 -1.57152 -2.49859
1.63114 -2.12437 -0.828034 1.38225 -1.57035 -2.51589
1.62851 -2.12674 -0.822453 1.37783 -1.57149 -2.53423
1.62689 -2.12715 -0.819376 1.37638 -1.57039 -2.55157
1.62429 -2.12957 -0.813714 1.37191 -1.57146 -2.56987
1.62264 -2.13001 -0.810578 1.37046 -1.57042 -2.58723
1.62007 -2.13248 -0.804834 1.36593 -1.57143 -2.60551
1.6184 -2.13295 -0.801636 1.36446 -1.57046 -2.6229
1.61586 -2.13547 -0.79581 1.35989 -1.57141 -2.64114
1.61416 -2.13598 -0.792544 1.3584 -1.5705 -2.65855
1.61166 -2.13854 -0.786635 1.35378 -1.57138 -2.67676
1.60993 -2.13909 -0.783299 1.35228 -1.57054 -2.6942
1.60746 -2.1417 -0.777306 1.3476 -1.57135 -2.71238
1.60571 -2.1423 -0.773895 1.34608 -1.57057 -2.72985
1.60327 -2.14495 -0.767817 1.34135 -1.57132 -2.74799
1.60149 -2.14559 -0.764326 1.3398 -1.57061 -2.76548
1.59909 -2.14829 -0.758163 1.33503 -1.57129 -2.7836
1.59728 -2.14898 -0.754588 1.33345 -1.57065 -2.80111
1.59491 -2.15172 -0.748337 1.32864 -1.57126 -2.81919
1.59307 -2.15246 -0.744673 1.32702 -1.57068 -2.83674
1.59073 -2.15525 -0.738334 1.32216 -1.57123 -2.85479
1.58887 -2.15604 -0.734575 1.3205 -1.57072 -2.87236
1.58657 -2.15888 -0.728146 1.3156 -1.57121 -2.89037
1.58468 -2.15973 -0.724287 1.3139 -1.57076 -2.90797
1.58241 -2.16261 -0.717766 1.30895 -1.57118 -2.92595
1.5805 -2.16352 -0.713802 1.3072 -1.5708 -2.94357
1.57826 -2.16645 -0.707186 1.30221 -1.57115 -2.96152
1.57632 -2.16743 -0.703109 1.3004 -1.57083 -2.97917
1.57411 -2.1704 -0.696396 1.29537 -1.57112 -2.99709
1.57215 -2.17145 -0.692202 1.29351 -1.57087 -3.01476
1.56998 -2.17447 -0.685389 1.28844 -1.57109 -3.03265
1.56799 -2.17559 -0.681069 1.28651 -1.5709 -3.05035
1.56585 -2.17866 -0.674153 1.28139 -1.57106 -3.0682
1.56383 -2.17985 -0.669701 1.27939 -1.57094 -3.08592
1.56172 -2.18298 -0.662677 1.27424 -1.57103 -3.10374
1.55968 -2.18425 -0.658085 1.27216 -1.57097 -3.12149
1.55761 -2.18742 -0.65095 1.26696 -1.571 -3.13928
1.55554 -2.18878 -0.646208 1.2648 -1.57101 3.12614
1.55554 -2.18878 -0.646208 1.2648 -1.57101 3.12613
1.55156 -2.15409 -0.705266 1.28917 -1.57101 3.13787
1.54744 -2.12158 -0.759576 1.31096 -1.571 -3.13374
1.54315 -2.09079 -0.810082 1.33067 -1.571 -3.12231
1.53869 -2.06141 -0.857442 1.34865 -1.57099 -3.11106
1.53406 -2.03319 -0.902138 1.36512 -1.57099 -3.09998
1.52924 -2.00597 -0.944536 1.3803 -1.57099 -3.08909
1.52423 -1.97961 -0.984919 1.39431 -1.57098 -3.07839
1.519 -1.954 -1.02351 1.40729 -1.57098 -3.06791
1.51355 -1.92904 -1.0605 1.41931 -1.57098 -3.05765
1.50787 -1.90468 -1.09602 1.43047 -1.57097 -3.04762
1.50193 -1.88084 -1.13021 1.44082 -1.57097 -3.03785
1.49573 -1.85749 -1.16317 1.45042 -1.57097 -3.02834
1.48924 -1.83457 -1.19498 1.45931 -1.57097 -3.01912
1.48244 -2.98176 1.22573 0.185783 -1.57096 -3.0102
1.47533 -2.98757 1.25546 0.161854 -1.57096 -3.00161
1.46787 -2.9928 1.28424 0.138298 -1.57096 -2.99336
1.46004 -2.99748 1.31211 0.115095 -1.57096 -2.98547
1.45182 -3.00162 1.33912 0.0922286 -1.57096 -2.97799
1.44318 -3.00526 1.36529 0.069687 -1.57096 -2.97092
1.43408 -3.00841 1.39066 0.0474618 -1.57096 -2.96431
1.4245 -3.01109 1.41525 0.0255477 -1.57095 -2.95818
1.4144 -3.01332 1.43908 0.00394317 -1.57095 -2.95257
1.40374 -3.01513 1.46217 -0.0173503 -1.57095 -2.94751
1.39248 -3.01652 1.48454 -0.0383278 -1.57095 -2.94306
1.38058 -3.01752 1.50619 -0.0589813 -1.57095 -2.93926
1.36798 -3.01815 1.52713 -0.0792992 -1.57095 -2.93614
1.35464 -3.01843 1.54737 -0.0992667 -1.57095 -2.93377
1.34049 -3.01838 1.56692 -0.118865 -1.57096 -2.93221
1.32548 -3.01803 1.58576 -0.138072 -1.57096 -2.93151
1.30954 -3.0174 1.60392 -0.156862 -1.57096 -2.93174
1.2926 -3.01652 1.62137 -0.175204 -1.57096 -2.93297
1.27458 -3.01542 1.63812 -0.193065 -1.57096 -2.93528
1.25542 -3.01413 1.65416 -0.210404 -1.57097 -2.93874
1.23501 -3.01268 1.66948 -0.22718 -1.57097 -2.94343
1.21329 -3.01111 1.68407 -0.243344 -1.57097 -2.94944
1.19015 -3.00947 1.69792 -0.258845 -1.57098 -2.95687
1.16552 -3.00779 1.71101 -0.273627 -1.57098 -2.96579
1.13931 -3.00612 1.72334 -0.287629 -1.57098 -2.97629
1.11143 -3.00451 1.73488 -0.300788 -1.57099 -2.98846
1.08181 -3.00301 1.74562 -0.313038 -1.57099 -3.00237
1.05038 -3.00167 1.75554 -0.324311 -1.571 -3.01809
1.01708 -3.00053 1.76462 -0.334538 -1.571 -3.03567
0.981894 -2.99966 1.77285 -0.343652 -1.57101 -3.05515
0.944796 -2.99909 1.7802 -0.351587 -1.57102 -3.07654
0.905806 -2.99887 1.78667 -0.358284 -1.57102 -3.09982
0.86497 -2.99905 1.79223 -0.363688 -1.57103 -3.12495
0.822367 -2.99965 1.79688 -0.367752 -1.57103 3.13135
0.778112 -3.0007 1.80061 -0.370441 -1.57104 3.1028
0.732354 -3.00222 1.8034 -0.37173 -1.57104 3.07275
0.685278 -3.00421 1.80526 -0.371607 -1.57105 3.04139
0.637092 -3.00669 1.80619 -0.370073 -1.57105 3.00891
0.588033 -3.00963 1.80618 -0.36714 -1.57106 2.97556
0.538351 -3.01301 1.80525 -0.362835 -1.57106 2.94159
0.488304 -3.01682 1.8034 -0.357195 -1.57106 2.90726
0.43815 -3.021 1.80064 -0.350267 -1.57107 2.87281
0.38814 -3.02553 1.79699 -0.342105 -1.57107 2.83851
0.33851 -3.03035 1.79246 -0.332769 -1.57107 2.80459
0.289478 -3.03542 1.78707 -0.322326 -1.57107 2.77127
0.241236 -3.04069 1.78084 -0.310841 -1.57106 2.73874
0.193951 -3.0461 1.77378 -0.298384 -1.57106 2.70717
0.147764 -3.05161 1.76592 -0.285023 -1.57106 2.67669
0.102787 -3.05716 1.75726 -0.270823 -1.57105 2.64742
0.059109 -3.06271 1.74783 -0.25585 -1.57105 2.61945
0.0167932 -3.06822 1.73764 -0.240163 -1.57105 2.59285
-0.0241174 -3.07364 1.7267 -0.223821 -1.57104 2.56765
-0.0635991 -3.07893 1.71504 -0.206876 -1.57103 2.54388
-0.101644 -3.08405 1.70265 -0.189379 -1.57103 2.52154
-0.138259 -3.08897 1.68956 -0.171376 -1.57102 2.50064
-0.173461 -3.09366 1.67578 -0.152906 -1.57102 2.48115
-0.207275 -3.09809 1.66131 -0.134009 -1.57101 2.46304
-0.239736 -3.10223 1.64615 -0.114718 -1.571 2.44629
-0.270883 -3.10607 1.63033 -0.0950631 -1.57099 2.43086
-0.300758 -3.10957 1.61383 -0.0750707 -1.57099 2.41669
-0.329406 -3.11272 1.59667 -0.0547641 -1.57098 2.40375
-0.356875 -3.11549 1.57884 -0.0341634 -1.57097 2.392
-0.383212 -3.11788 1.56035 -0.0132855 -1.57097 2.38137
-0.408466 -3.11986 1.54119 0.00785544 -1.57096 2.37182
-0.432684 -3.12142 1.52136 0.0292483 -1.57095 2.36332
-0.455912 -3.12255 1.50085 0.0508843 -1.57094 2.3558
-0.478198 -3.12323 1.47966 0.0727577 -1.57094 2.34922
-0.499585 -3.12345 1.45777 0.0948648 -1.57093 2.34355
-0.520115 -3.1232 1.43517 0.117205 -1.57092 2.33873
-0.539831 -3.12246 1.41186 0.139779 -1.57091 2.33472
-0.558771 -3.12121 1.3878 0.162592 -1.57091 2.33149
-0.576973 -3.11945 1.36298 0.18565 -1.5709 2.329
-0.594473 -3.11716 1.33738 0.208963 -1.57089 2.32721
-0.611306 -3.11432 1.31096 0.232542 -1.57089 2.32609
-0.627504 -3.11092 1.28369 0.256403 -1.57088 2.3256
-0.643097 -3.10692 1.25554 0.280564 -1.57087 2.32572
-0.658115 -3.10232 1.22646 0.305049 -1.57087 2.32641
-0.672586 -3.09709 1.19639 0.329882 -1.57086 2.32765
-0.686536 -3.09119 1.16529 0.355096 -1.57085 2.32941
-0.69999 -3.0846 1.13306 0.380728 -1.57084 2.33167
-0.712972 -3.07727 1.09965 0.40682 -1.57084 2.33439
-0.725503 -3.06916 1.06493 0.433424 -1.57083 2.33757
-0.737605 -3.06022 1.02881 0.460602 -1.57082 2.34118
-0.749297 -3.05037 0.991144 0.488427 -1.57082 2.3452
-0.760599 -3.03955 0.951757 0.516989 -1.57081 2.34961
-0.771528 -2.1562 -0.910445 1.49585 -1.5708 2.35439
-0.782077 -2.1844 -0.86705 1.48065 -1.5708 2.35952
-0.782077 -2.18386 -0.873041 1.4861 -1.5708 2.35952
-0.782077 -2.18336 -0.878969 1.49153 -1.5708 2.35952
-0.782077 -2.18289 -0.884838 1.49693 -1.5708 2.35952
-0.782077 -2.18246 -0.890648 1.50231 -1.5708 2.35952
-0.782077 -2.18206 -0.896401 1.50767 -1.5708 2.35952
-0.782077 -2.1817 -0.902096 1.513 -1.5708 2.35952
-0.782077 -2.18137 -0.907735 1.51831 -1.5708 2.35952
-0.782077 -2.18107 -0.91332 1.5236 -1.5708 2.35952
-0.782077 -2.18081 -0.91885 1.52886 -1.5708 2.35952
-0.782077 -2.18058 -0.924327 1.53411 -1.5708 2.35952
-0.782077 -2.18037 -0.929751 1.53933 -1.5708 2.35952
-0.782077 -2.18021 -0.935124 1.54453 -1.5708 2.35952
-0.782077 -2.18007 -0.940445 1.54972 -1.5708 2.35952
-0.782077 -2.17996 -0.945717 1.55488 -1.5708 2.35952
-0.782077 -2.17988 -0.950939 1.56003 -1.5708 2.35952
-0.782077 -2.17984 -0.956113 1.56515 -1.5708 2.35952
-0.782077 -2.17982 -0.961238 1.57026 -1.5708 2.35952
-0.782077 -2.17983 -0.966316 -4.70784 -1.5708 2.35952
-0.782077 -2.17987 -0.971347 -4.70276 -1.5708 2.35952
-0.782077 -2.17994 -0.976332 -4.69771 -1.5708 2.35952
-0.782077 -2.18004 -0.981272 -4.69267 -1.5708 2.35952
-0.782077 -2.18016 -0.986166 -4.68765 -1.5708 2.35952
-0.782077 -2.18032 -0.991016 -4.68265 -1.5708 2.35952
-0.782077 -2.1805 -0.995822 -4.67766 -1.5708 2.35952
-0.782077 -2.1807 -1.00058 -4.67269 -1.5708 2.35952
-0.782077 -2.18094 -1.0053 -4.66774 -1.5708 2.35952
-0.782077 -2.1812 -1.00998 -4.6628 -1.5708 2.35952
-0.782077 -2.18149 -1.01462 -4.65787 -1.5708 2.35952
-0.782077 -2.18181 -1.01921 -4.65297 -1.5708 2.35952
-0.782077 -2.18215 -1.02376 -4.64807 -1.5708 2.35952
-0.782077 -2.18251 -1.02828 -4.64319 -1.5708 2.35952
-0.782077 -2.18291 -1.03275 -4.63833 -1.5708 2.35952
-0.782077 -2.18333 -1.03718 -4.63348 -1.5708 2.35952
-0.782077 -2.18377 -1.04157 -4.62864 -1.5708 2.35952
-0.782077 -2.18424 -1.04593 -4.62382 -1.5708 2.35952
-0.782077 -2.18473 -1.05024 -4.61901 -1.5708 2.35952
-0.782077 -2.18525 -1.05452 -4.61421 -1.5708 2.35952
-0.782077 -2.18579 -1.05876 -4.60943 -1.5708 2.35952
-0.782077 -2.18636 -1.06296 -4.60466 -1.5708 2.35952
-0.782077 -2.18695 -1.06712 -4.59991 -1.5708 2.35952
-0.782077 -2.18756 -1.07125 -4.59517 -1.5708 2.35952
-0.782077 -2.1882 -1.07534 -4.59044 -1.5708 2.35952
-0.782077 -2.18887 -1.0794 -4.58572 -1.5708 2.35952
-0.782077 -2.18955 -1.08342 -4.58101 -1.5708 2.35952
-0.782077 -2.19026 -1.0874 -4.57632 -1.5708 2.35952
-0.782077 -2.19099 -1.09135 -4.57164 -1.5708 2.35952
-0.782077 -2.19175 -1.09526 -4.56697 -1.5708 2.35952
-0.782077 -2.19253 -1.09914 -4.56232 -1.5708 2.35952
-0.782077 -2.19333 -1.10298 -4.55767 -1.5708 2.35952
-0.782077 -2.19415 -1.10679 -4.55304 -1.5708 2.35952
-0.782077 -2.195 -1.11057 -4.54842 -1.5708 2.35952
-0.782077 -2.19587 -1.11431 -4.54381 -1.5708 2.35952
-0.782077 -2.19676 -1.11802 -4.53921 -1.5708 2.35952
-0.782077 -2.19767 -1.12169 -4.53462 -1.5708 2.35952
-0.782077 -2.19861 -1.12533 -4.53004 -1.5708 2.35952
-0.782077 -2.19956 -1.12894 -4.52548 -1.5708 2.35952
-0.782077 -2.20054 -1.13252 -4.52092 -1.5708 2.35952
-0.782077 -2.20154 -1.13606 -4.51638 -1.5708 2.35952
-0.782077 -2.20256 -1.13957 -4.51185 -1.5708 2.35952
-0.782077 -2.2036 -1.14305 -4.50733 -1.5708 2.35952
-0.782077 -2.20467 -1.1465 -4.50281 -1.5708 2.35952
-0.782077 -2.20575 -1.14992 -4.49831 -1.5708 2.35952
-0.782077 -2.20686 -1.1533 -4.49382 -1.5708 2.35952
-0.782077 -2.20799 -1.15665 -4.48934 -1.5708 2.35952
-0.782077 -2.20913 -1.15998 -4.48487 -1.5708 2.35952
-0.782077 -2.2103 -1.16327 -4.48041 -1.5708 2.35952
-0.782077 -2.21149 -1.16653 -4.47597 -1.5708 2.35952
-0.782077 -2.2127 -1.16976 -4.47153 -1.5708 2.35952
-0.782077 -2.21393 -1.17296 -4.4671 -1.5708 2.35952
-0.782077 -2.21518 -1.17613 -4.46268 -1.5708 2.35952
-0.782077 -2.21645 -1.17926 -4.45827 -1.5708 2.35952
-0.782077 -2.21774 -1.18237 -4.45387 -1.5708 2.35952
-0.782077 -2.21905 -1.18545 -4.44948 -1.5708 2.35952
-0.782077 -2.22038 -1.1885 -4.4451 -1.5708 2.35952
-0.782077 -2.22173 -1.19152 -4.44073 -1.5708 2.35952
-0.782077 -2.2231 -1.19451 -4.43637 -1.5708 2.35952
-0.782077 -2.22448 -1.19747 -4.43202 -1.5708 2.35952
-0.782077 -2.22589 -1.20041 -4.42768 -1.5708 2.35952
-0.782077 -2.22732 -1.20331 -4.42335 -1.5708 2.35952
-0.782077 -2.22877 -1.20618 -4.41903 -1.5708 2.35952
-0.782077 -2.23023 -1.20903 -4.41472 -1.5708 2.35952
-0.782077 -2.23172 -1.21185 -4.41042 -1.5708 2.35952
-0.782077 -2.23322 -1.21463 -4.40612 -1.5708 2.35952
-0.782077 -2.23475 -1.21739 -4.40184 -1.5708 2.35952
-0.782077 -2.23629 -1.22012 -4.39757 -1.5708 2.35952
-0.782077 -2.23785 -1.22283 -4.3933 -1.5708 2.35952
-0.782077 -2.23943 -1.2255 -4.38905 -1.5708 2.35952
-0.782077 -2.24103 -1.22815 -4.3848 -1.5708 2.35952
-0.782077 -2.24264 -1.23077 -4.38057 -1.5708 2.35952
-0.782077 -2.24428 -1.23336 -4.37634 -1.5708 2.35952
-0.782077 -2.24593 -1.23592 -4.37212 -1.5708 2.35952
-0.782077 -2.24761 -1.23846 -4.36792 -1.5708 2.35952
-0.782077 -2.2493 -1.24097 -4.36372 -1.5708 2.35952
-0.782077 -2.251 -1.24345 -4.35953 -1.5708 2.35952
-0.782077 -2.25273 -1.2459 -4.35535 -1.5708 2.35952
-0.782077 -2.25448 -1.24833 -4.35118 -1.5708 2.35952
-0.782077 -2.25624 -1.25073 -4.34702 -1.5708 2.35952
-0.782077 -2.25802 -1.2531 -4.34287 -1.5708 2.35952
-0.782077 -2.25982 -1.25544 -4.33872 -1.5708 2.35952
-0.782077 -2.26163 -1.25775 -4.3346 -1.5708 2.35952
-0.782077 -2.25981 -1.25544 -4.33873 -1.5708 2.35952
-0.782077 -2.25801 -1.25309 -4.34288 -1.5708 2.35952
-0.782077 -2.25623 -1.25072 -4.34703 -1.5708 2.35952
-0.782077 -2.25447 -1.24832 -4.35119 -1.5708 2.35952
-0.782077 -2.25273 -1.2459 -4.35536 -1.5708 2.35952
-0.782077 -2.251 -1.24344 -4.35954 -1.5708 2.35952
-0.782077 -2.24929 -1.24096 -4.36373 -1.5708 2.35952
-0.782077 -2.2476 -1.23845 -4.36793 -1.5708 2.35952
-0.782077 -2.24593 -1.23592 -4.37213 -1.5708 2.35952
-0.782077 -2.24428 -1.23335 -4.37635 -1.5708 2.35952
-0.782077 -2.24264 -1.23076 -4.38058 -1.5708 2.35952
-0.782077 -2.24102 -1.22814 -4.38481 -1.5708 2.35952
-0.782077 -2.23943 -1.2255 -4.38906 -1.5708 2.35952
-0.782077 -2.23785 -1.22282 -4.39331 -1.5708 2.35952
-0.782077 -2.23629 -1.22012 -4.39758 -1.5708 2.35952
-0.782077 -2.23474 -1.21739 -4.40185 -1.5708 2.35952
-0.782077 -2.23322 -1.21463 -4.40613 -1.5708 2.35952
-0.782077 -2.23172 -1.21184 -4.41043 -1.5708 2.35952
-0.782077 -2.23023 -1.20902 -4.41473 -1.5708 2.35952
-0.782077 -2.22876 -1.20618 -4.41904 -1.5708 2.35952
-0.782077 -2.22732 -1.2033 -4.42336 -1.5708 2.35952
-0.782077 -2.22589 -1.2004 -4.42769 -1.5708 2.35952
-0.782077 -2.22448 -1.19747 -4.43203 -1.5708 2.35952
-0.782077 -2.22309 -1.19451 -4.43638 -1.5708 2.35952
-0.782077 -2.22172 -1.19152 -4.44074 -1.5708 2.35952
-0.782077 -2.22037 -1.1885 -4.44511 -1.5708 2.35952
-0.782077 -2.21904 -1.18545 -4.44949 -1.5708 2.35952
-0.782077 -2.21773 -1.18237 -4.45388 -1.5708 2.35952
-0.782077 -2.21644 -1.17926 -4.45828 -1.5708 2.35952
-0.782077 -2.21517 -1.17612 -4.46269 -1.5708 2.35952
-0.782077 -2.21393 -1.17295 -4.46711 -1.5708 2.35952
-0.782077 -2.2127 -1.16975 -4.47154 -1.5708 2.35952
-0.782077 -2.21149 -1.16652 -4.47598 -1.5708 2.35952
-0.782077 -2.2103 -1.16326 -4.48042 -1.5708 2.35952
-0.782077 -2.20913 -1.15997 -4.48488 -1.5708 2.35952
-0.782077 -2.20798 -1.15665 -4.48935 -1.5708 2.35952
-0.782077 -2.20686 -1.15329 -4.49383 -1.5708 2.35952
-0.782077 -2.20575 -1.14991 -4.49832 -1.5708 2.35952
-0.782077 -2.20467 -1.14649 -4.50282 -1.5708 2.35952
-0.782077 -2.2036 -1.14304 -4.50734 -1.5708 2.35952
-0.782077 -2.20256 -1.13956 -4.51186 -1.5708 2.35952
-0.782077 -2.20154 -1.13605 -4.51639 -1.5708 2.35952
-0.782077 -2.20054 -1.13251 -4.52093 -1.5708 2.35952
-0.782077 -2.19956 -1.12893 -4.52549 -1.5708 2.35952
-0.782077 -2.1986 -1.12532 -4.53005 -1.5708 2.35952
-0.782077 -2.19767 -1.12168 -4.53463 -1.5708 2.35952
-0.782077 -2.19676 -1.11801 -4.53922 -1.5708 2.35952
-0.782077 -2.19587 -1.1143 -4.54382 -1.5708 2.35952
-0.782077 -2.195 -1.11056 -4.54843 -1.5708 2.35952
-0.782077 -2.19415 -1.10678 -4.55305 -1.5708 2.35952
-0.782077 -2.19333 -1.10297 -4.55768 -1.5708 2.35952
-0.782077 -2.19253 -1.09913 -4.56233 -1.5708 2.35952
-0.782077 -2.19175 -1.09525 -4.56698 -1.5708 2.35952
-0.782077 -2.19099 -1.09134 -4.57165 -1.5708 2.35952
-0.782077 -2.19026 -1.08739 -4.57633 -1.5708 2.35952
-0.782077 -2.18955 -1.08341 -4.58102 -1.5708 2.35952
-0.782077 -2.18886 -1.07939 -4.58573 -1.5708 2.35952
-0.782077 -2.1882 -1.07533 -4.59045 -1.5708 2.35952
-0.782077 -2.18756 -1.07124 -4.59518 -1.5708 2.35952
-0.782077 -2.18695 -1.06711 -4.59992 -1.5708 2.35952
-0.782077 -2.18636 -1.06295 -4.60468 -1.5708 2.35952
-0.782077 -2.18579 -1.05875 -4.60944 -1.5708 2.35952
-0.782077 -2.18525 -1.05451 -4.61423 -1.5708 2.35952
-0.782077 -2.18473 -1.05023 -4.61902 -1.5708 2.35952
-0.782077 -2.18424 -1.04592 -4.62383 -1.5708 2.35952
-0.782077 -2.18377 -1.04156 -4.62865 -1.5708 2.35952
-0.782077 -2.18332 -1.03717 -4.63349 -1.5708 2.35952
-0.782077 -2.18291 -1.03274 -4.63834 -1.5708 2.35952
-0.782077 -2.18251 -1.02826 -4.6432 -1.5708 2.35952
-0.782077 -2.18215 -1.02375 -4.64808 -1.5708 2.35952
-0.782077 -2.18181 -1.0192 -4.65298 -1.5708 2.35952
-0.782077 -2.18149 -1.01461 -4.65789 -1.5708 2.35952
-0.782077 -2.1812 -1.00997 -4.66281 -1.5708 2.35952
-0.782077 -2.18094 -1.00529 -4.66775 -1.5708 2.35952
-0.782077 -2.1807 -1.00057 -4.6727 -1.5708 2.35952
-0.782077 -2.1805 -0.995811 -4.67767 -1.5708 2.35952
-0.782077 -2.18031 -0.991005 -4.68266 -1.5708 2.35952
-0.782077 -2.18016 -0.986155 -4.68767 -1.5708 2.35952
-0.782077 -2.18004 -0.98126 -4.69269 -1.5708 2.35952
-0.782077 -2.17994 -0.976321 -4.69772 -1.5708 2.35952
-0.782077 -2.17987 -0.971336 -4.70278 -1.5708 2.35952
-0.782077 -2.17983 -0.966305 -4.70785 -1.5708 2.35952
-0.782077 -2.17982 -0.961227 1.57025 -1.5708 2.35952
-0.782077 -2.17984 -0.956101 1.56514 -1.5708 2.35952
-0.782077 -2.17988 -0.950927 1.56001 -1.5708 2.35952
-0.782077 -2.17996 -0.945705 1.55487 -1.5708 2.35952
-0.782077 -2.18007 -0.940433 1.5497 -1.5708 2.35952
-0.782077 -2.18021 -0.935111 1.54452 -1.5708 2.35952
-0.782077 -2.18038 -0.929739 1.53932 -1.5708 2.35952
-0.782077 -2.18058 -0.924314 1.53409 -1.5708 2.35952
-0.782077 -2.18081 -0.918837 1.52885 -1.5708 2.35952
-0.782077 -2.18107 -0.913307 1.52358 -1.5708 2.35952
-0.782077 -2.18137 -0.907722 1.5183 -1.5708 2.35952
-0.782077 -2.1817 -0.902083 1.51299 -1.5708 2.35952
-0.782077 -2.18206 -0.896388 1.50765 -1.5708 2.35952
-0.782077 -2.18246 -0.890635 1.5023 -1.5708 2.35952
-0.782077 -2.18289 -0.884825 1.49692 -1.5708 2.35952
-0.782077 -2.18336 -0.878956 1.49152 -1.5708 2.35952
-0.782077 -2.18386 -0.873027 1.48609 -1.5708 2.35952
-0.782445 -2.18392 -0.867613 1.48161 -1.57166 2.35915
-0.771127 -2.15659 -0.91002 1.49495 -1.56994 2.35476
-0.760947 -3.0396 0.952343 0.517313 -1.57165 2.34923
-0.748877 -3.05039 0.990775 0.487957 -1.56994 2.34559
-0.737955 -3.06024 1.02934 0.460946 -1.57165 2.3408
-0.725063 -3.06921 1.06461 0.432939 -1.56995 2.33798
-0.713325 -3.07726 1.10012 0.407177 -1.57164 2.33401
-0.69953 -3.08466 1.13278 0.38023 -1.56996 2.33209
-0.686891 -3.09116 1.16572 0.355464 -1.57163 2.32902
-0.672105 -3.09717 1.19614 0.329375 -1.56997 2.3281
-0.658471 -3.10226 1.22686 0.305425 -1.57162 2.32602
-0.642593 -3.10702 1.25532 0.280047 -1.56998 2.32619
-0.627859 -3.11083 1.28406 0.256785 -1.57161 2.32521
-0.61078 -3.11443 1.31076 0.232016 -1.57 2.32658
-0.594827 -3.11706 1.33771 0.209349 -1.57159 2.32682
-0.576423 -3.11958 1.3628 0.185115 -1.57001 2.32951
-0.559121 -3.12109 1.38811 0.162982 -1.57158 2.33111
-0.539257 -3.1226 1.4117 0.139235 -1.57003 2.33526
-0.520461 -3.12306 1.43546 0.117597 -1.57156 2.33835
-0.498987 -3.12361 1.45763 0.0943106 -1.57006 2.34411
-0.478536 -3.12308 1.47993 0.0731512 -1.57154 2.34885
-0.455291 -3.12272 1.50072 0.0503197 -1.57008 2.35638
-0.433012 -3.12125 1.52161 0.0296425 -1.57152 2.36295
-0.40782 -3.12005 1.54107 0.00727967 -1.57011 2.37243
-0.383526 -3.11769 1.56058 -0.0128915 -1.57149 2.38102
-0.356207 -3.11569 1.57874 -0.034751 -1.57014 2.39263
-0.329703 -3.11251 1.59689 -0.0543713 -1.57146 2.40342
-0.300069 -3.10979 1.61374 -0.0756705 -1.57018 2.41734
-0.271157 -3.10585 1.63053 -0.0946728 -1.57143 2.43055
-0.239031 -3.10247 1.64606 -0.11533 -1.57022 2.44696
-0.207521 -3.09785 1.6615 -0.133623 -1.5714 2.46276
-0.172742 -3.09391 1.67569 -0.153531 -1.57027 2.48183
-0.13847 -3.08872 1.68975 -0.170995 -1.57136 2.50039
-0.100919 -3.08432 1.70257 -0.190015 -1.57032 2.52223
-0.0637679 -3.07866 1.71521 -0.206505 -1.57131 2.54367
-0.0233949 -3.07394 1.72662 -0.224466 -1.57038 2.56834
0.0166747 -3.06794 1.7378 -0.239803 -1.57126 2.59269
0.0598179 -3.06304 1.74774 -0.256502 -1.57044 2.62013
0.102727 -3.05687 1.75742 -0.270477 -1.57121 2.64733
0.148445 -3.05196 1.76583 -0.285678 -1.57051 2.67733
0.193957 -3.0458 1.77394 -0.298056 -1.57116 2.70713
0.241874 -3.04107 1.78075 -0.311494 -1.57059 2.73934
0.289555 -3.03512 1.78722 -0.322019 -1.5711 2.77131
0.339089 -3.03076 1.79236 -0.333414 -1.57066 2.80514
0.388291 -3.02522 1.79713 -0.341823 -1.57103 2.83863
0.438651 -3.02143 1.80052 -0.350897 -1.57074 2.87328
0.488528 -3.01651 1.80354 -0.356939 -1.57097 2.90744
0.538763 -3.01347 1.80511 -0.363444 -1.57082 2.94197
0.588325 -3.00933 1.80632 -0.366911 -1.57091 2.97582
0.637405 -3.00716 1.80604 -0.370656 -1.57089 3.00919
0.685626 -3.00392 1.8054 -0.371404 -1.57086 3.0417
0.732566 -3.00271 1.80323 -0.372285 -1.57096 3.07293
0.778502 -3.00042 1.80075 -0.370261 -1.57081 3.10316
0.822482 -3.00015 1.79669 -0.368279 -1.57102 3.13143
0.865388 -2.99879 1.79237 -0.363527 -1.57077 -3.12456
0.905835 -2.99937 1.78645 -0.358784 -1.57107 -3.09983
0.945225 -2.99885 1.78033 -0.351443 -1.57073 -3.07615
0.981851 -3.00016 1.7726 -0.344129 -1.57112 -3.05523
1.01751 -3.00032 1.76475 -0.334406 -1.57071 -3.03528
1.05028 -3.00216 1.75527 -0.324769 -1.57115 -3.01823
1.08222 -3.00282 1.74574 -0.312915 -1.57069 -3.00199
1.11129 -3.00499 1.73459 -0.301233 -1.57117 -2.98863
1.1397 -3.00595 1.72346 -0.287513 -1.57067 -2.97593
1.16536 -3.00825 1.7107 -0.274062 -1.57119 -2.96599
1.19052 -3.00932 1.69803 -0.258733 -1.57067 -2.95654
1.21311 -3.01155 1.68373 -0.243773 -1.5712 -2.94966
1.23535 -3.01255 1.66958 -0.227071 -1.57067 -2.94313
1.25523 -3.01454 1.6538 -0.21083 -1.57121 -2.93896
1.27489 -3.01531 1.63822 -0.192958 -1.57067 -2.93501
1.29241 -3.01691 1.62098 -0.17563 -1.57121 -2.93319
1.30982 -3.01731 1.60401 -0.156757 -1.57068 -2.9315
1.3253 -3.01839 1.58535 -0.138499 -1.57121 -2.93173
1.34074 -3.0183 1.567 -0.118762 -1.57069 -2.932
1.35447 -3.01876 1.54693 -0.0996947 -1.57121 -2.93398
1.3682 -3.01808 1.5272 -0.0791972 -1.57071 -2.93595
1.38042 -3.01782 1.50572 -0.0594115 -1.5712 -2.93945
1.39268 -3.01646 1.48461 -0.0382276 -1.57072 -2.9429
1.4036 -3.0154 1.46168 -0.0177826 -1.57119 -2.9477
1.41457 -3.01327 1.43914 0.00404122 -1.57074 -2.95243
1.42437 -3.01133 1.41473 0.0251139 -1.57118 -2.95834
1.43423 -3.00837 1.39071 0.0475574 -1.57076 -2.96419
1.44306 -3.00547 1.36473 0.069253 -1.57116 -2.97107
1.45195 -3.00159 1.33916 0.0923216 -1.57078 -2.97789
1.45994 -2.99766 1.31152 0.114662 -1.57115 -2.98561
1.46798 -2.99277 1.28427 0.138388 -1.5708 -2.99328
1.47525 -2.98772 1.25482 0.161425 -1.57113 -3.00173
1.48254 -2.98174 1.22574 0.18587 -1.57083 -3.01014
1.48917 -1.83532 -1.1943 1.45816 -1.57112 -3.01923
1.4958 -1.85746 -1.16318 1.45051 -1.57085 -3.0283
1.50187 -1.88161 -1.12948 1.43963 -1.5711 -3.03794
1.50793 -1.90467 -1.09601 1.43054 -1.57088 -3.04759
1.51351 -1.92982 -1.05971 1.41808 -1.57108 -3.05772
1.51905 -1.954 -1.02349 1.40734 -1.5709 -3.06789
1.5242 -1.98041 -0.984056 1.39303 -1.57106 -3.07846
1.52928 -2.00599 -0.944492 1.38033 -1.57093 -3.08908
1.53405 -2.03403 -0.901184 1.36378 -1.57104 -3.10003
1.53872 -2.06144 -0.857374 1.34865 -1.57096 -3.11106
1.54315 -2.09167 -0.809009 1.32926 -1.57102 -3.12235
1.54745 -2.12164 -0.759478 1.31094 -1.57098 -3.13375
1.55158 -2.15504 -0.704022 1.28765 -1.571 3.13784
