1 0.000203673 -0.000203549 0.108884
0.000203549 -1 -0.000611061 0.485489
-0.000203673 0.00061102 -1 0.331983
0 0 0 1
0.99988 -0.0155057 -0.0002067 0.107796
-0.0155058 -0.99988 -0.000604638 0.485374
-0.000197299 0.000607771 -1 0.331163
0 0 0 1
0.999513 -0.0312112 -0.000209749 0.106707
-0.0312113 -0.999513 -0.000598167 0.485259
-0.000190978 0.000604422 -1 0.330344
0 0 0 1
0.998899 -0.0469091 -0.000212697 0.105618
-0.0469092 -0.998899 -0.000591649 0.485144
-0.000184709 0.000600975 -1 0.329524
0 0 0 1
0.998039 -0.0625954 -0.000215542 0.104529
-0.0625955 -0.998039 -0.000585085 0.485029
-0.000178496 0.000597429 -1 0.328704
0 0 0 1
0.996932 -0.0782662 -0.000218283 0.10344
-0.0782663 -0.996932 -0.000578477 0.484914
-0.000172338 0.000593786 -1 0.327884
0 0 0 1
0.99558 -0.0939177 -0.000220921 0.102351
-0.0939178 -0.99558 -0.000571827 0.484799
-0.000166239 0.000590047 -1 0.327064
0 0 0 1
0.993982 -0.109546 -0.000223453 0.101263
-0.109546 -0.993982 -0.000565136 0.484684
-0.0001602 0.000586213 -1 0.326244
0 0 0 1
0.992138 -0.125147 -0.00022588 0.100174
-0.125147 -0.992138 -0.000558406 0.48457
-0.000154221 0.000582284 -1 0.325425
0 0 0 1
0.99005 -0.140718 -0.000228201 0.0990848
-0.140718 -0.99005 -0.000551639 0.484455
-0.000148305 0.000578262 -1 0.324605
0 0 0 1
0.987717 -0.156253 -0.000230415 0.097996
-0.156253 -0.987717 -0.000544837 0.48434
-0.000142453 0.000574148 -1 0.323785
0 0 0 1
0.98514 -0.171751 -0.000232523 0.0969071
-0.171751 -0.98514 -0.000538 0.484225
-0.000136666 0.000569942 -1 0.322965
0 0 0 1
0.982321 -0.187205 -0.000234522 0.0958183
-0.187205 -0.982321 -0.000531131 0.48411
-0.000130946 0.000565645 -1 0.322145
0 0 0 1
0.979259 -0.202614 -0.000236414 0.0947294
-0.202614 -0.979259 -0.000524232 0.483995
-0.000125294 0.000561259 -1 0.321325
0 0 0 1
0.975955 -0.217972 -0.000238197 0.0936406
-0.217972 -0.975955 -0.000517304 0.48388
-0.000119711 0.000556785 -1 0.320506
0 0 0 1
0.97241 -0.233277 -0.000239871 0.0925518
-0.233277 -0.97241 -0.000510348 0.483765
-0.0001142 0.000552224 -1 0.319686
0 0 0 1
0.968626 -0.248524 -0.000241435 0.0914629
-0.248524 -0.968626 -0.000503367 0.48365
-0.000108761 0.000547577 -1 0.318866
0 0 0 1
0.964602 -0.26371 -0.000242889 0.0903741
-0.26371 -0.964602 -0.000496363 0.483536
-0.000103396 0.000542845 -1 0.318046
0 0 0 1
0.96034 -0.278831 -0.000244234 0.0892852
-0.278831 -0.96034 -0.000489336 0.483421
-9.81053e-05 0.000538029 -1 0.317226
0 0 0 1
0.955841 -0.293883 -0.000245467 0.0881964
-0.293883 -0.955841 -0.00048229 0.483306
-9.28913e-05 0.000533131 -1 0.316406
0 0 0 1
0.951107 -0.308862 -0.00024659 0.0871075
-0.308862 -0.951107 -0.000475224 0.483191
-8.77548e-05 0.000528151 -1 0.315587
0 0 0 1
0.946137 -0.323765 -0.000247602 0.0860187
-0.323765 -0.946137 -0.000468142 0.483076
-8.26972e-05 0.000523092 -1 0.314767
0 0 0 1
0.940935 -0.338588 -0.000248502 0.0849298
-0.338589 -0.940934 -0.000461045 0.482961
-7.77198e-05 0.000517953 -1 0.313947
0 0 0 1
0.935499 -0.353328 -0.000249291 0.083841
-0.353328 -0.935499 -0.000453935 0.482846
-7.28236e-05 0.000512737 -1 0.313127
0 0 0 1
0.929833 -0.367981 -0.000249968 0.0827522
-0.367981 -0.929833 -0.000446813 0.482731
-6.801e-05 0.000507445 -1 0.312307
0 0 0 1
0.923938 -0.382542 -0.000250533 0.0816633
-0.382542 -0.923938 -0.000439681 0.482616
-6.32802e-05 0.000502078 -1 0.311487
0 0 0 1
0.917814 -0.39701 -0.000250986 0.0805745
-0.39701 -0.917814 -0.000432542 0.482502
-5.86352e-05 0.000496637 -1 0.310668
0 0 0 1
0.911464 -0.411379 -0.000251326 0.0794856
-0.411379 -0.911464 -0.000425396 0.482387
-5.40763e-05 0.000491124 -1 0.309848
0 0 0 1
0.904889 -0.425647 -0.000251555 0.0783968
-0.425647 -0.904889 -0.000418246 0.482272
-4.96045e-05 0.000485539 -1 0.309028
0 0 0 1
0.898091 -0.439809 -0.000251671 0.0773079
-0.439809 -0.898091 -0.000411093 0.482157
-4.52211e-05 0.000479886 -1 0.308208
0 0 0 1
0.891071 -0.453863 -0.000251675 0.0762191
-0.453863 -0.891071 -0.000403939 0.482042
-4.0927e-05 0.000474164 -1 0.307388
0 0 0 1
0.883831 -0.467806 -0.000251566 0.0751303
-0.467806 -0.883831 -0.000396785 0.481927
-3.67233e-05 0.000468375 -1 0.306568
0 0 0 1
0.876373 -0.481632 -0.000251345 0.0740414
-0.481632 -0.876373 -0.000389635 0.481812
-3.2611e-05 0.000462521 -1 0.305749
0 0 0 1
0.868699 -0.49534 -0.000251011 0.0729526
-0.49534 -0.868699 -0.000382489 0.481697
-2.85912e-05 0.000456604 -1 0.304929
0 0 0 1
0.86081 -0.508926 -0.000250566 0.0718637
-0.508926 -0.86081 -0.000375349 0.481582
-2.46649e-05 0.000450623 -1 0.304109
0 0 0 1
0.852709 -0.522386 -0.000250008 0.0707749
-0.522386 -0.852709 -0.000368217 0.481468
-2.08331e-05 0.000444582 -1 0.303289
0 0 0 1
0.844398 -0.535717 -0.000249338 0.069686
-0.535717 -0.844398 -0.000361094 0.481353
-1.70965e-05 0.000438482 -1 0.302469
0 0 0 1
0.835878 -0.548915 -0.000248557 0.0685972
-0.548915 -0.835878 -0.000353983 0.481238
-1.34563e-05 0.000432323 -1 0.30165
0 0 0 1
0.827152 -0.561979 -0.000247664 0.0675084
-0.561979 -0.827152 -0.000346885 0.481123
-9.91332e-06 0.000426108 -1 0.30083
0 0 0 1
0.818221 -0.574903 -0.000246659 0.0664195
-0.574903 -0.818221 -0.000339802 0.481008
-6.46838e-06 0.000419838 -1 0.30001
0 0 0 1
0.809089 -0.587686 -0.000245543 0.0653307
-0.587686 -0.809089 -0.000332735 0.480893
-3.12236e-06 0.000413515 -1 0.29919
0 0 0 1
0.799757 -0.600324 -0.000244317 0.0642418
-0.600324 -0.799757 -0.000325687 0.480778
1.23918e-07 0.00040714 -1 0.29837
0 0 0 1
0.790228 -0.612814 -0.00024298 0.063153
-0.612814 -0.790227 -0.000318659 0.480663
3.26965e-06 0.000400715 -1 0.29755
0 0 0 1
0.780503 -0.625152 -0.000241532 0.0620641
-0.625152 -0.780503 -0.000311653 0.480549
6.31405e-06 0.000394241 -1 0.296731
0 0 0 1
0.770586 -0.637336 -0.000239975 0.0609753
-0.637336 -0.770586 -0.000304671 0.480434
9.25638e-06 0.00038772 -1 0.295911
0 0 0 1
0.760479 -0.649363 -0.000238308 0.0598864
-0.649363 -0.760479 -0.000297714 0.480319
1.20959e-05 0.000381154 -1 0.295091
0 0 0 1
0.750184 -0.661229 -0.000236533 0.0587976
-0.661229 -0.750184 -0.000290784 0.480204
1.48319e-05 0.000374544 -1 0.294271
0 0 0 1
0.739704 -0.672932 -0.000234648 0.0577088
-0.672932 -0.739704 -0.000283883 0.480089
1.74638e-05 0.000367891 -1 0.293451
0 0 0 1
0.729041 -0.68447 -0.000232655 0.0566199
-0.68447 -0.729041 -0.000277012 0.479974
1.99908e-05 0.000361199 -1 0.292631
0 0 0 1
0.718199 -0.695838 -0.000230555 0.0555311
-0.695838 -0.718199 -0.000270173 0.479859
2.24124e-05 0.000354467 -1 0.291812
0 0 0 1
0.707179 -0.707035 -0.000228348 0.0544422
-0.707035 -0.707179 -0.000263368 0.479744
2.47279e-05 0.000347698 -1 0.290992
0 0 0 1
0.695985 -0.718057 -0.000226033 0.0533534
-0.718057 -0.695985 -0.000256599 0.479629
2.69368e-05 0.000340894 -1 0.290172
0 0 0 1
0.684619 -0.728901 -0.000223613 0.0522645
-0.728902 -0.684619 -0.000249867 0.479515
2.90385e-05 0.000334055 -1 0.289352
0 0 0 1
0.673084 -0.739566 -0.000221088 0.0511757
-0.739566 -0.673083 -0.000243174 0.4794
3.10326e-05 0.000327185 -1 0.288532
0 0 0 1
0.661382 -0.750049 -0.000218457 0.0500869
-0.750049 -0.661382 -0.000236521 0.479285
3.29185e-05 0.000320284 -1 0.287712
0 0 0 1
0.649518 -0.760346 -0.000215722 0.048998
-0.760346 -0.649518 -0.00022991 0.47917
3.46957e-05 0.000313354 -1 0.286893
0 0 0 1
0.637493 -0.770456 -0.000212884 0.0479092
-0.770456 -0.637493 -0.000223343 0.479055
3.63638e-05 0.000306398 -1 0.286073
0 0 0 1
0.625311 -0.780375 -0.000209943 0.0468203
-0.780375 -0.625311 -0.000216822 0.47894
3.79225e-05 0.000299416 -1 0.285253
0 0 0 1
0.612975 -0.790102 -0.0002069 0.0457315
-0.790102 -0.612975 -0.000210347 0.478825
3.93713e-05 0.00029241 -1 0.284433
0 0 0 1
0.600487 -0.799634 -0.000203756 0.0446426
-0.799634 -0.600487 -0.000203921 0.47871
4.07098e-05 0.000285382 -1 0.283613
0 0 0 1
0.587851 -0.808969 -0.000200511 0.0435538
-0.808969 -0.587851 -0.000197546 0.478595
4.19378e-05 0.000278335 -1 0.282793
0 0 0 1
0.575071 -0.818104 -0.000197166 0.042465
-0.818104 -0.575071 -0.000191222 0.478481
4.3055e-05 0.000271268 -1 0.281974
0 0 0 1
0.562148 -0.827037 -0.000193722 0.0413761
-0.827037 -0.562148 -0.000184951 0.478366
4.40609e-05 0.000264185 -1 0.281154
0 0 0 1
0.549086 -0.835766 -0.000190181 0.0402873
-0.835766 -0.549086 -0.000178736 0.478251
4.49555e-05 0.000257088 -1 0.280334
0 0 0 1
0.535889 -0.844288 -0.000186542 0.0391984
-0.844288 -0.535889 -0.000172576 0.478136
4.57385e-05 0.000249977 -1 0.279514
0 0 0 1
0.52256 -0.852603 -0.000182806 0.0381096
-0.852603 -0.52256 -0.000166475 0.478021
4.64097e-05 0.000242854 -1 0.278694
0 0 0 1
0.509101 -0.860707 -0.000178976 0.0370207
-0.860707 -0.509101 -0.000160433 0.477906
4.69689e-05 0.000235722 -1 0.277874
0 0 0 1
0.495517 -0.868598 -0.000175051 0.0359319
-0.868598 -0.495517 -0.000154452 0.477791
4.74159e-05 0.000228582 -1 0.277055
0 0 0 1
0.481811 -0.876275 -0.000171032 0.0348431
-0.876275 -0.481811 -0.000148533 0.477676
4.77508e-05 0.000221436 -1 0.276235
0 0 0 1
0.467986 -0.883736 -0.000166921 0.0337542
-0.883736 -0.467986 -0.000142678 0.477561
4.79734e-05 0.000214286 -1 0.275415
0 0 0 1
0.454045 -0.890979 -0.000162719 0.0326654
-0.890979 -0.454045 -0.000136889 0.477447
4.80836e-05 0.000207133 -1 0.274595
0 0 0 1
0.439993 -0.898001 -0.000158426 0.0315765
-0.898001 -0.439993 -0.000131166 0.477332
4.80814e-05 0.000199979 -1 0.273775
0 0 0 1
0.425831 -0.904803 -0.000154043 0.0304877
-0.904803 -0.425831 -0.000125512 0.477217
4.79669e-05 0.000192826 -1 0.272955
0 0 0 1
0.411565 -0.91138 -0.000149573 0.0293988
-0.91138 -0.411565 -0.000119927 0.477102
4.77399e-05 0.000185675 -1 0.272136
0 0 0 1
0.397197 -0.917733 -0.000145015 0.02831
-0.917733 -0.397197 -0.000114413 0.476987
4.74007e-05 0.000178529 -1 0.271316
0 0 0 1
0.382731 -0.92386 -0.000140371 0.0272212
-0.92386 -0.382731 -0.000108971 0.476872
4.69493e-05 0.00017139 -1 0.270496
0 0 0 1
0.368171 -0.929758 -0.000135642 0.0261323
-0.929758 -0.368171 -0.000103602 0.476757
4.63858e-05 0.000164258 -1 0.269676
0 0 0 1
0.353519 -0.935427 -0.00013083 0.0250435
-0.935427 -0.353519 -9.83092e-05 0.476642
4.57103e-05 0.000157136 -1 0.268856
0 0 0 1
0.338781 -0.940865 -0.000125935 0.0239546
-0.940865 -0.338781 -9.30922e-05 0.476527
4.4923e-05 0.000150025 -1 0.268036
0 0 0 1
0.323959 -0.946071 -0.000120958 0.0228658
-0.946071 -0.323959 -8.79527e-05 0.476413
4.40241e-05 0.000142928 -1 0.267217
0 0 0 1
0.309056 -0.951044 -0.000115902 0.0217769
-0.951044 -0.309056 -8.2892e-05 0.476298
4.30138e-05 0.000135846 -1 0.266397
0 0 0 1
0.294078 -0.955781 -0.000110766 0.0206881
-0.955781 -0.294078 -7.79114e-05 0.476183
4.18924e-05 0.00012878 -1 0.265577
0 0 0 1
0.279027 -0.960283 -0.000105553 0.0195992
-0.960283 -0.279027 -7.30121e-05 0.476068
4.06601e-05 0.000121733 -1 0.264757
0 0 0 1
0.263907 -0.964548 -0.000100264 0.0185104
-0.964548 -0.263907 -6.81953e-05 0.475953
3.93173e-05 0.000114707 -1 0.263937
0 0 0 1
0.248722 -0.968575 -9.48995e-05 0.0174216
-0.968575 -0.248722 -6.34622e-05 0.475838
3.78642e-05 0.000107702 -1 0.263117
0 0 0 1
0.233476 -0.972363 -8.94615e-05 0.0163327
-0.972363 -0.233476 -5.88139e-05 0.475723
3.63013e-05 0.000100721 -1 0.262298
0 0 0 1
0.218172 -0.97591 -8.3951e-05 0.0152439
-0.97591 -0.218172 -5.42516e-05 0.475608
3.4629e-05 9.37649e-05 -1 0.261478
0 0 0 1
0.202814 -0.979217 -7.83696e-05 0.014155
-0.979217 -0.202814 -4.97765e-05 0.475494
3.28475e-05 8.68363e-05 -1 0.260658
0 0 0 1
0.187406 -0.982283 -7.27186e-05 0.0130662
-0.982283 -0.187406 -4.53896e-05 0.475379
3.09574e-05 7.99365e-05 -1 0.259838
0 0 0 1
0.171952 -0.985105 -6.69994e-05 0.0119773
-0.985105 -0.171952 -4.1092e-05 0.475264
2.89592e-05 7.30673e-05 -1 0.259018
0 0 0 1
0.156455 -0.987685 -6.12133e-05 0.0108885
-0.987685 -0.156455 -3.68847e-05 0.475149
2.68533e-05 6.62303e-05 -1 0.258198
0 0 0 1
0.14092 -0.990021 -5.53619e-05 0.00979966
-0.990021 -0.14092 -3.27689e-05 0.475034
2.46403e-05 5.94273e-05 -1 0.257379
0 0 0 1
0.12535 -0.992113 -4.94466e-05 0.00871082
-0.992113 -0.12535 -2.87455e-05 0.474919
2.23207e-05 5.26598e-05 -1 0.256559
0 0 0 1
0.109749 -0.993959 -4.34687e-05 0.00762197
-0.993959 -0.109749 -2.48156e-05 0.474804
1.9895e-05 4.59297e-05 -1 0.255739
0 0 0 1
0.0941214 -0.995561 -3.74299e-05 0.00653313
-0.995561 -0.0941214 -2.098e-05 0.474689
1.73639e-05 3.92384e-05 -1 0.254919
0 0 0 1
0.0784702 -0.996916 -3.13316e-05 0.00544429
-0.996916 -0.0784702 -1.72398e-05 0.474574
1.4728e-05 3.25878e-05 -1 0.254099
0 0 0 1
0.0627996 -0.998026 -2.51752e-05 0.00435544
-0.998026 -0.0627996 -1.35958e-05 0.47446
1.1988e-05 2.59794e-05 -1 0.253279
0 0 0 1
0.0471135 -0.99889 -1.89624e-05 0.0032666
-0.99889 -0.0471135 -1.0049e-05 0.474345
9.14447e-06 1.94148e-05 -1 0.25246
0 0 0 1
0.0314158 -0.999506 -1.26946e-05 0.00217776
-0.999506 -0.0314158 -6.60025e-06 0.47423
6.19818e-06 1.28957e-05 -1 0.25164
0 0 0 1
0.0157104 -0.999877 -6.37345e-06 0.00108891
-0.999877 -0.0157104 -3.25037e-06 0.474115
3.14984e-06 6.42372e-06 -1 0.25082
0 0 0 1
1.03003e-06 -1 -4.19514e-10 7.13902e-08
-1 -1.03003e-06 -2.09811e-10 0.474
2.0981e-10 4.19514e-10 -1 0.25
0 0 0 1
6.12323e-17 -1 0 2.44929e-17
-1 -6.12323e-17 1.22465e-16 0.474
-1.22465e-16 -7.4988e-33 -1 0.25
0 0 0 1
6.12323e-17 -1 -1.22465e-16 2.4248e-17
-1 -6.12323e-17 -7.4988e-33 0.474
0 1.22465e-16 -1 0.248
0 0 0 1
6.12323e-17 -1 0 2.40031e-17
-1 -6.12323e-17 1.22465e-16 0.474
-1.22465e-16 -7.4988e-33 -1 0.246
0 0 0 1
6.12323e-17 -1 -1.22465e-16 2.37581e-17
-1 -6.12323e-17 -7.4988e-33 0.474
0 1.22465e-16 -1 0.244
0 0 0 1
6.12323e-17 -1 0 2.35132e-17
-1 -6.12323e-17 1.22465e-16 0.474
-1.22465e-16 -7.4988e-33 -1 0.242
0 0 0 1
6.12323e-17 -1 -1.22465e-16 2.32683e-17
-1 -6.12323e-17 -7.4988e-33 0.474
0 1.22465e-16 -1 0.24
0 0 0 1
6.12323e-17 -1 0 2.30234e-17
-1 -6.12323e-17 1.22465e-16 0.474
-1.22465e-16 -7.4988e-33 -1 0.238
0 0 0 1
6.12323e-17 -1 -1.22465e-16 2.27784e-17
-1 -6.12323e-17 -7.4988e-33 0.474
0 1.22465e-16 -1 0.236
0 0 0 1
6.12323e-17 -1 0 2.25335e-17
-1 -6.12323e-17 1.22465e-16 0.474
-1.22465e-16 -7.4988e-33 -1 0.234
0 0 0 1
6.12323e-17 -1 -1.22465e-16 2.22886e-17
-1 -6.12323e-17 -7.4988e-33 0.474
0 1.22465e-16 -1 0.232
0 0 0 1
6.12323e-17 -1 0 2.20436e-17
-1 -6.12323e-17 1.22465e-16 0.474
-1.22465e-16 -7.4988e-33 -1 0.23
0 0 0 1
6.12323e-17 -1 -1.22465e-16 2.17987e-17
-1 -6.12323e-17 -7.4988e-33 0.474
0 1.22465e-16 -1 0.228
0 0 0 1
6.12323e-17 -1 0 2.15538e-17
-1 -6.12323e-17 1.22465e-16 0.474
-1.22465e-16 -7.4988e-33 -1 0.226
0 0 0 1
6.12323e-17 -1 -1.22465e-16 2.13089e-17
-1 -6.12323e-17 -7.4988e-33 0.474
0 1.22465e-16 -1 0.224
0 0 0 1
6.12323e-17 -1 0 2.10639e-17
-1 -6.12323e-17 1.22465e-16 0.474
-1.22465e-16 -7.4988e-33 -1 0.222
0 0 0 1
6.12323e-17 -1 -1.22465e-16 2.0819e-17
-1 -6.12323e-17 -7.4988e-33 0.474
0 1.22465e-16 -1 0.22
0 0 0 1
6.12323e-17 -1 0 2.05741e-17
-1 -6.12323e-17 1.22465e-16 0.474
-1.22465e-16 -7.4988e-33 -1 0.218
0 0 0 1
6.12323e-17 -1 -1.22465e-16 2.03291e-17
-1 -6.12323e-17 -7.4988e-33 0.474
0 1.22465e-16 -1 0.216
0 0 0 1
6.12323e-17 -1 0 2.00842e-17
-1 -6.12323e-17 1.22465e-16 0.474
-1.22465e-16 -7.4988e-33 -1 0.214
0 0 0 1
6.12323e-17 -1 -1.22465e-16 1.98393e-17
-1 -6.12323e-17 -7.4988e-33 0.474
0 1.22465e-16 -1 0.212
0 0 0 1
6.12323e-17 -1 0 1.95944e-17
-1 -6.12323e-17 1.22465e-16 0.474
-1.22465e-16 -7.4988e-33 -1 0.21
0 0 0 1
6.12323e-17 -1 -1.22465e-16 1.93494e-17
-1 -6.12323e-17 -7.4988e-33 0.474
0 1.22465e-16 -1 0.208
0 0 0 1
6.12323e-17 -1 0 1.91045e-17
-1 -6.12323e-17 1.22465e-16 0.474
-1.22465e-16 -7.4988e-33 -1 0.206
0 0 0 1
6.12323e-17 -1 -1.22465e-16 1.88596e-17
-1 -6.12323e-17 -7.4988e-33 0.474
0 1.22465e-16 -1 0.204
0 0 0 1
6.12323e-17 -1 0 1.86146e-17
-1 -6.12323e-17 1.22465e-16 0.474
-1.22465e-16 -7.4988e-33 -1 0.202
0 0 0 1
6.12323e-17 -1 -1.22465e-16 1.83697e-17
-1 -6.12323e-17 -7.4988e-33 0.474
0 1.22465e-16 -1 0.2
0 0 0 1
6.12323e-17 -1 0 1.81248e-17
-1 -6.12323e-17 1.22465e-16 0.474
-1.22465e-16 -7.4988e-33 -1 0.198
0 0 0 1
6.12323e-17 -1 -1.22465e-16 1.78798e-17
-1 -6.12323e-17 -7.4988e-33 0.474
0 1.22465e-16 -1 0.196
0 0 0 1
6.12323e-17 -1 0 1.76349e-17
-1 -6.12323e-17 1.22465e-16 0.474
-1.22465e-16 -7.4988e-33 -1 0.194
0 0 0 1
6.12323e-17 -1 -1.22465e-16 1.739e-17
-1 -6.12323e-17 -7.4988e-33 0.474
0 1.22465e-16 -1 0.192
0 0 0 1
6.12323e-17 -1 0 1.71451e-17
-1 -6.12323e-17 1.22465e-16 0.474
-1.22465e-16 -7.4988e-33 -1 0.19
0 0 0 1
6.12323e-17 -1 -1.22465e-16 1.69001e-17
-1 -6.12323e-17 -7.4988e-33 0.474
0 1.22465e-16 -1 0.188
0 0 0 1
6.12323e-17 -1 0 1.66552e-17
-1 -6.12323e-17 1.22465e-16 0.474
-1.22465e-16 -7.4988e-33 -1 0.186
0 0 0 1
6.12323e-17 -1 -1.22465e-16 1.64103e-17
-1 -6.12323e-17 -7.4988e-33 0.474
0 1.22465e-16 -1 0.184
0 0 0 1
6.12323e-17 -1 0 1.61653e-17
-1 -6.12323e-17 1.22465e-16 0.474
-1.22465e-16 -7.4988e-33 -1 0.182
0 0 0 1
6.12323e-17 -1 -1.22465e-16 1.59204e-17
-1 -6.12323e-17 -7.4988e-33 0.474
0 1.22465e-16 -1 0.18
0 0 0 1
6.12323e-17 -1 0 1.56755e-17
-1 -6.12323e-17 1.22465e-16 0.474
-1.22465e-16 -7.4988e-33 -1 0.178
0 0 0 1
6.12323e-17 -1 -1.22465e-16 1.54306e-17
-1 -6.12323e-17 -7.4988e-33 0.474
0 1.22465e-16 -1 0.176
0 0 0 1
6.12323e-17 -1 0 1.51856e-17
-1 -6.12323e-17 1.22465e-16 0.474
-1.22465e-16 -7.4988e-33 -1 0.174
0 0 0 1
6.12323e-17 -1 -1.22465e-16 1.49407e-17
-1 -6.12323e-17 -7.4988e-33 0.474
0 1.22465e-16 -1 0.172
0 0 0 1
6.12323e-17 -1 0 1.46958e-17
-1 -6.12323e-17 1.22465e-16 0.474
-1.22465e-16 -7.4988e-33 -1 0.17
0 0 0 1
6.12323e-17 -1 -1.22465e-16 1.44508e-17
-1 -6.12323e-17 -7.4988e-33 0.474
0 1.22465e-16 -1 0.168
0 0 0 1
6.12323e-17 -1 0 1.42059e-17
-1 -6.12323e-17 1.22465e-16 0.474
-1.22465e-16 -7.4988e-33 -1 0.166
0 0 0 1
6.12323e-17 -1 -1.22465e-16 1.3961e-17
-1 -6.12323e-17 -7.4988e-33 0.474
0 1.22465e-16 -1 0.164
0 0 0 1
6.12323e-17 -1 0 1.37161e-17
-1 -6.12323e-17 1.22465e-16 0.474
-1.22465e-16 -7.4988e-33 -1 0.162
0 0 0 1
6.12323e-17 -1 -1.22465e-16 1.34711e-17
-1 -6.12323e-17 -7.4988e-33 0.474
0 1.22465e-16 -1 0.16
0 0 0 1
6.12323e-17 -1 0 1.32262e-17
-1 -6.12323e-17 1.22465e-16 0.474
-1.22465e-16 -7.4988e-33 -1 0.158
0 0 0 1
6.12323e-17 -1 -1.22465e-16 1.29813e-17
-1 -6.12323e-17 -7.4988e-33 0.474
0 1.22465e-16 -1 0.156
0 0 0 1
6.12323e-17 -1 0 1.27363e-17
-1 -6.12323e-17 1.22465e-16 0.474
-1.22465e-16 -7.4988e-33 -1 0.154
0 0 0 1
6.12323e-17 -1 -1.22465e-16 1.24914e-17
-1 -6.12323e-17 -7.4988e-33 0.474
0 1.22465e-16 -1 0.152
0 0 0 1
6.12323e-17 -1 0 1.22465e-17
-1 -6.12323e-17 1.22465e-16 0.474
-1.22465e-16 -7.4988e-33 -1 0.15
0 0 0 1
6.12323e-17 -1 -1.22465e-16 1.20016e-17
-1 -6.12323e-17 -7.4988e-33 0.474
0 1.22465e-16 -1 0.148
0 0 0 1
6.12323e-17 -1 0 1.17566e-17
-1 -6.12323e-17 1.22465e-16 0.474
-1.22465e-16 -7.4988e-33 -1 0.146
0 0 0 1
6.12323e-17 -1 -1.22465e-16 1.15117e-17
-1 -6.12323e-17 -7.4988e-33 0.474
0 1.22465e-16 -1 0.144
0 0 0 1
6.12323e-17 -1 0 1.12668e-17
-1 -6.12323e-17 1.22465e-16 0.474
-1.22465e-16 -7.4988e-33 -1 0.142
0 0 0 1
6.12323e-17 -1 -1.22465e-16 1.10218e-17
-1 -6.12323e-17 -7.4988e-33 0.474
0 1.22465e-16 -1 0.14
0 0 0 1
6.12323e-17 -1 0 1.07769e-17
-1 -6.12323e-17 1.22465e-16 0.474
-1.22465e-16 -7.4988e-33 -1 0.138
0 0 0 1
6.12323e-17 -1 -1.22465e-16 1.0532e-17
-1 -6.12323e-17 -7.4988e-33 0.474
0 1.22465e-16 -1 0.136
0 0 0 1
6.12323e-17 -1 0 1.0287e-17
-1 -6.12323e-17 1.22465e-16 0.474
-1.22465e-16 -7.4988e-33 -1 0.134
0 0 0 1
6.12323e-17 -1 -1.22465e-16 1.00421e-17
-1 -6.12323e-17 -7.4988e-33 0.474
0 1.22465e-16 -1 0.132
0 0 0 1
6.12323e-17 -1 0 9.79719e-18
-1 -6.12323e-17 1.22465e-16 0.474
-1.22465e-16 -7.4988e-33 -1 0.13
0 0 0 1
6.12323e-17 -1 -1.22465e-16 9.55226e-18
-1 -6.12323e-17 -7.4988e-33 0.474
0 1.22465e-16 -1 0.128
0 0 0 1
6.12323e-17 -1 0 9.30733e-18
-1 -6.12323e-17 1.22465e-16 0.474
-1.22465e-16 -7.4988e-33 -1 0.126
0 0 0 1
6.12323e-17 -1 -1.22465e-16 9.0624e-18
-1 -6.12323e-17 -7.4988e-33 0.474
0 1.22465e-16 -1 0.124
0 0 0 1
6.12323e-17 -1 0 8.81747e-18
-1 -6.12323e-17 1.22465e-16 0.474
-1.22465e-16 -7.4988e-33 -1 0.122
0 0 0 1
6.12323e-17 -1 -1.22465e-16 8.57254e-18
-1 -6.12323e-17 -7.4988e-33 0.474
0 1.22465e-16 -1 0.12
0 0 0 1
6.12323e-17 -1 0 8.32761e-18
-1 -6.12323e-17 1.22465e-16 0.474
-1.22465e-16 -7.4988e-33 -1 0.118
0 0 0 1
6.12323e-17 -1 -1.22465e-16 8.08268e-18
-1 -6.12323e-17 -7.4988e-33 0.474
0 1.22465e-16 -1 0.116
0 0 0 1
6.12323e-17 -1 0 7.83776e-18
-1 -6.12323e-17 1.22465e-16 0.474
-1.22465e-16 -7.4988e-33 -1 0.114
0 0 0 1
6.12323e-17 -1 -1.22465e-16 7.59283e-18
-1 -6.12323e-17 -7.4988e-33 0.474
0 1.22465e-16 -1 0.112
0 0 0 1
6.12323e-17 -1 0 7.3479e-18
-1 -6.12323e-17 1.22465e-16 0.474
-1.22465e-16 -7.4988e-33 -1 0.11
0 0 0 1
6.12323e-17 -1 -1.22465e-16 7.10297e-18
-1 -6.12323e-17 -7.4988e-33 0.474
0 1.22465e-16 -1 0.108
0 0 0 1
6.12323e-17 -1 0 6.85804e-18
-1 -6.12323e-17 1.22465e-16 0.474
-1.22465e-16 -7.4988e-33 -1 0.106
0 0 0 1
6.12323e-17 -1 -1.22465e-16 6.61311e-18
-1 -6.12323e-17 -7.4988e-33 0.474
0 1.22465e-16 -1 0.104
0 0 0 1
6.12323e-17 -1 0 6.36818e-18
-1 -6.12323e-17 1.22465e-16 0.474
-1.22465e-16 -7.4988e-33 -1 0.102
0 0 0 1
6.12323e-17 -1 -1.22465e-16 6.12325e-18
-1 -6.12323e-17 -7.4988e-33 0.474
0 1.22465e-16 -1 0.1
0 0 0 1
6.12323e-17 -1 0 5.87832e-18
-1 -6.12323e-17 1.22465e-16 0.474
-1.22465e-16 -7.4988e-33 -1 0.0980001
0 0 0 1
6.12323e-17 -1 -1.22465e-16 5.63339e-18
-1 -6.12323e-17 -7.4988e-33 0.474
0 1.22465e-16 -1 0.0960001
0 0 0 1
6.12323e-17 -1 0 5.38846e-18
-1 -6.12323e-17 1.22465e-16 0.474
-1.22465e-16 -7.4988e-33 -1 0.0940001
0 0 0 1
6.12323e-17 -1 -1.22465e-16 5.14354e-18
-1 -6.12323e-17 -7.4988e-33 0.474
0 1.22465e-16 -1 0.0920002
0 0 0 1
6.12323e-17 -1 0 4.89861e-18
-1 -6.12323e-17 1.22465e-16 0.474
-1.22465e-16 -7.4988e-33 -1 0.0900002
0 0 0 1
6.12323e-17 -1 -1.22465e-16 4.65368e-18
-1 -6.12323e-17 -7.4988e-33 0.474
0 1.22465e-16 -1 0.0880002
0 0 0 1
6.12323e-17 -1 0 4.40875e-18
-1 -6.12323e-17 1.22465e-16 0.474
-1.22465e-16 -7.4988e-33 -1 0.0860002
0 0 0 1
6.12323e-17 -1 -1.22465e-16 4.16382e-18
-1 -6.12323e-17 -7.4988e-33 0.474
0 1.22465e-16 -1 0.0840002
0 0 0 1
6.12323e-17 -1 0 3.91889e-18
-1 -6.12323e-17 1.22465e-16 0.474
-1.22465e-16 -7.4988e-33 -1 0.0820002
0 0 0 1
6.12323e-17 -1 -1.22465e-16 3.67396e-18
-1 -6.12323e-17 -7.4988e-33 0.474
0 1.22465e-16 -1 0.0800002
0 0 0 1
6.12323e-17 -1 0 3.42903e-18
-1 -6.12323e-17 1.22465e-16 0.474
-1.22465e-16 -7.4988e-33 -1 0.0780002
0 0 0 1
6.12323e-17 -1 -1.22465e-16 3.1841e-18
-1 -6.12323e-17 -7.4988e-33 0.474
0 1.22465e-16 -1 0.0760002
0 0 0 1
6.12323e-17 -1 0 2.93917e-18
-1 -6.12323e-17 1.22465e-16 0.474
-1.22465e-16 -7.4988e-33 -1 0.0740002
0 0 0 1
6.12323e-17 -1 -1.22465e-16 2.69424e-18
-1 -6.12323e-17 -7.4988e-33 0.474
0 1.22465e-16 -1 0.0720002
0 0 0 1
6.12323e-17 -1 0 2.44931e-18
-1 -6.12323e-17 1.22465e-16 0.474
-1.22465e-16 -7.4988e-33 -1 0.0700002
0 0 0 1
6.12323e-17 -1 -1.22465e-16 2.20439e-18
-1 -6.12323e-17 -7.4988e-33 0.474
0 1.22465e-16 -1 0.0680002
0 0 0 1
6.12323e-17 -1 0 1.95946e-18
-1 -6.12323e-17 1.22465e-16 0.474
-1.22465e-16 -7.4988e-33 -1 0.0660002
0 0 0 1
6.12323e-17 -1 -1.22465e-16 1.71453e-18
-1 -6.12323e-17 -7.4988e-33 0.474
0 1.22465e-16 -1 0.0640002
0 0 0 1
6.12323e-17 -1 0 1.4696e-18
-1 -6.12323e-17 1.22465e-16 0.474
-1.22465e-16 -7.4988e-33 -1 0.0620002
0 0 0 1
6.12323e-17 -1 -1.22465e-16 1.22467e-18
-1 -6.12323e-17 -7.4988e-33 0.474
0 1.22465e-16 -1 0.0600002
0 0 0 1
6.12323e-17 -1 0 9.7974e-19
-1 -6.12323e-17 1.22465e-16 0.474
-1.22465e-16 -7.4988e-33 -1 0.0580002
0 0 0 1
6.12323e-17 -1 -1.22465e-16 7.34811e-19
-1 -6.12323e-17 -7.4988e-33 0.474
0 1.22465e-16 -1 0.0560002
0 0 0 1
6.12323e-17 -1 0 4.89882e-19
-1 -6.12323e-17 1.22465e-16 0.474
-1.22465e-16 -7.4988e-33 -1 0.0540002
0 0 0 1
6.12323e-17 -1 -1.22465e-16 2.44952e-19
-1 -6.12323e-17 -7.4988e-33 0.474
0 1.22465e-16 -1 0.0520002
0 0 0 1
6.12323e-17 -1 0 2.33583e-23
-1 -6.12323e-17 1.22465e-16 0.474
-1.22465e-16 -7.4988e-33 -1 0.0500002
0 0 0 1
6.12323e-17 -1 0 0
-1 -6.12323e-17 1.22465e-16 0.474
-1.22465e-16 -7.4988e-33 -1 0.05
0 0 0 1
6.12323e-17 -1 -1.22465e-16 2.44929e-19
-1 -6.12323e-17 -7.4988e-33 0.474
0 1.22465e-16 -1 0.052
0 0 0 1
6.12323e-17 -1 0 4.89858e-19
-1 -6.12323e-17 1.22465e-16 0.474
-1.22465e-16 -7.4988e-33 -1 0.054
0 0 0 1
6.12323e-17 -1 -1.22465e-16 7.34787e-19
-1 -6.12323e-17 -7.4988e-33 0.474
0 1.22465e-16 -1 0.056
0 0 0 1
6.12323e-17 -1 0 9.79717e-19
-1 -6.12323e-17 1.22465e-16 0.474
-1.22465e-16 -7.4988e-33 -1 0.058
0 0 0 1
6.12323e-17 -1 -1.22465e-16 1.22465e-18
-1 -6.12323e-17 -7.4988e-33 0.474
0 1.22465e-16 -1 0.06
0 0 0 1
6.12323e-17 -1 0 1.46957e-18
-1 -6.12323e-17 1.22465e-16 0.474
-1.22465e-16 -7.4988e-33 -1 0.062
0 0 0 1
6.12323e-17 -1 -1.22465e-16 1.7145e-18
-1 -6.12323e-17 -7.4988e-33 0.474
0 1.22465e-16 -1 0.064
0 0 0 1
6.12323e-17 -1 0 1.95943e-18
-1 -6.12323e-17 1.22465e-16 0.474
-1.22465e-16 -7.4988e-33 -1 0.066
0 0 0 1
6.12323e-17 -1 -1.22465e-16 2.20436e-18
-1 -6.12323e-17 -7.4988e-33 0.474
0 1.22465e-16 -1 0.068
0 0 0 1
6.12323e-17 -1 0 2.44929e-18
-1 -6.12323e-17 1.22465e-16 0.474
-1.22465e-16 -7.4988e-33 -1 0.07
0 0 0 1
6.12323e-17 -1 -1.22465e-16 2.69422e-18
-1 -6.12323e-17 -7.4988e-33 0.474
0 1.22465e-16 -1 0.072
0 0 0 1
6.12323e-17 -1 0 2.93915e-18
-1 -6.12323e-17 1.22465e-16 0.474
-1.22465e-16 -7.4988e-33 -1 0.074
0 0 0 1
6.12323e-17 -1 -1.22465e-16 3.18408e-18
-1 -6.12323e-17 -7.4988e-33 0.474
0 1.22465e-16 -1 0.076
0 0 0 1
6.12323e-17 -1 0 3.42901e-18
-1 -6.12323e-17 1.22465e-16 0.474
-1.22465e-16 -7.4988e-33 -1 0.078
0 0 0 1
6.12323e-17 -1 -1.22465e-16 3.67394e-18
-1 -6.12323e-17 -7.4988e-33 0.474
0 1.22465e-16 -1 0.08
0 0 0 1
6.12323e-17 -1 0 3.91887e-18
-1 -6.12323e-17 1.22465e-16 0.474
-1.22465e-16 -7.4988e-33 -1 0.082
0 0 0 1
6.12323e-17 -1 -1.22465e-16 4.1638e-18
-1 -6.12323e-17 -7.4988e-33 0.474
0 1.22465e-16 -1 0.084
0 0 0 1
6.12323e-17 -1 0 4.40872e-18
-1 -6.12323e-17 1.22465e-16 0.474
-1.22465e-16 -7.4988e-33 -1 0.086
0 0 0 1
6.12323e-17 -1 -1.22465e-16 4.65365e-18
-1 -6.12323e-17 -7.4988e-33 0.474
0 1.22465e-16 -1 0.088
0 0 0 1
6.12323e-17 -1 0 4.89858e-18
-1 -6.12323e-17 1.22465e-16 0.474
-1.22465e-16 -7.4988e-33 -1 0.09
0 0 0 1
6.12323e-17 -1 -1.22465e-16 5.14351e-18
-1 -6.12323e-17 -7.4988e-33 0.474
0 1.22465e-16 -1 0.092
0 0 0 1
6.12323e-17 -1 0 5.38844e-18
-1 -6.12323e-17 1.22465e-16 0.474
-1.22465e-16 -7.4988e-33 -1 0.094
0 0 0 1
6.12323e-17 -1 -1.22465e-16 5.63337e-18
-1 -6.12323e-17 -7.4988e-33 0.474
0 1.22465e-16 -1 0.096
0 0 0 1
6.12323e-17 -1 0 5.8783e-18
-1 -6.12323e-17 1.22465e-16 0.474
-1.22465e-16 -7.4988e-33 -1 0.098
0 0 0 1
6.12323e-17 -1 -1.22465e-16 6.12323e-18
-1 -6.12323e-17 -7.4988e-33 0.474
0 1.22465e-16 -1 0.1
0 0 0 1
6.12323e-17 -1 0 6.36816e-18
-1 -6.12323e-17 1.22465e-16 0.474
-1.22465e-16 -7.4988e-33 -1 0.102
0 0 0 1
6.12323e-17 -1 -1.22465e-16 6.61309e-18
-1 -6.12323e-17 -7.4988e-33 0.474
0 1.22465e-16 -1 0.104
0 0 0 1
6.12323e-17 -1 0 6.85802e-18
-1 -6.12323e-17 1.22465e-16 0.474
-1.22465e-16 -7.4988e-33 -1 0.106
0 0 0 1
6.12323e-17 -1 -1.22465e-16 7.10294e-18
-1 -6.12323e-17 -7.4988e-33 0.474
0 1.22465e-16 -1 0.108
0 0 0 1
6.12323e-17 -1 0 7.34787e-18
-1 -6.12323e-17 1.22465e-16 0.474
-1.22465e-16 -7.4988e-33 -1 0.11
0 0 0 1
6.12323e-17 -1 -1.22465e-16 7.5928e-18
-1 -6.12323e-17 -7.4988e-33 0.474
0 1.22465e-16 -1 0.112
0 0 0 1
6.12323e-17 -1 0 7.83773e-18
-1 -6.12323e-17 1.22465e-16 0.474
-1.22465e-16 -7.4988e-33 -1 0.114
0 0 0 1
6.12323e-17 -1 -1.22465e-16 8.08266e-18
-1 -6.12323e-17 -7.4988e-33 0.474
0 1.22465e-16 -1 0.116
0 0 0 1
6.12323e-17 -1 0 8.32759e-18
-1 -6.12323e-17 1.22465e-16 0.474
-1.22465e-16 -7.4988e-33 -1 0.118
0 0 0 1
6.12323e-17 -1 -1.22465e-16 8.57252e-18
-1 -6.12323e-17 -7.4988e-33 0.474
0 1.22465e-16 -1 0.12
0 0 0 1
6.12323e-17 -1 0 8.81745e-18
-1 -6.12323e-17 1.22465e-16 0.474
-1.22465e-16 -7.4988e-33 -1 0.122
0 0 0 1
6.12323e-17 -1 -1.22465e-16 9.06238e-18
-1 -6.12323e-17 -7.4988e-33 0.474
0 1.22465e-16 -1 0.124
0 0 0 1
6.12323e-17 -1 0 9.30731e-18
-1 -6.12323e-17 1.22465e-16 0.474
-1.22465e-16 -7.4988e-33 -1 0.126
0 0 0 1
6.12323e-17 -1 -1.22465e-16 9.55224e-18
-1 -6.12323e-17 -7.4988e-33 0.474
0 1.22465e-16 -1 0.128
0 0 0 1
6.12323e-17 -1 0 9.79717e-18
-1 -6.12323e-17 1.22465e-16 0.474
-1.22465e-16 -7.4988e-33 -1 0.13
0 0 0 1
6.12323e-17 -1 -1.22465e-16 1.00421e-17
-1 -6.12323e-17 -7.4988e-33 0.474
0 1.22465e-16 -1 0.132
0 0 0 1
6.12323e-17 -1 0 1.0287e-17
-1 -6.12323e-17 1.22465e-16 0.474
-1.22465e-16 -7.4988e-33 -1 0.134
0 0 0 1
6.12323e-17 -1 -1.22465e-16 1.0532e-17
-1 -6.12323e-17 -7.4988e-33 0.474
0 1.22465e-16 -1 0.136
0 0 0 1
6.12323e-17 -1 0 1.07769e-17
-1 -6.12323e-17 1.22465e-16 0.474
-1.22465e-16 -7.4988e-33 -1 0.138
0 0 0 1
6.12323e-17 -1 -1.22465e-16 1.10218e-17
-1 -6.12323e-17 -7.4988e-33 0.474
0 1.22465e-16 -1 0.14
0 0 0 1
6.12323e-17 -1 0 1.12667e-17
-1 -6.12323e-17 1.22465e-16 0.474
-1.22465e-16 -7.4988e-33 -1 0.142
0 0 0 1
6.12323e-17 -1 -1.22465e-16 1.15117e-17
-1 -6.12323e-17 -7.4988e-33 0.474
0 1.22465e-16 -1 0.144
0 0 0 1
6.12323e-17 -1 0 1.17566e-17
-1 -6.12323e-17 1.22465e-16 0.474
-1.22465e-16 -7.4988e-33 -1 0.146
0 0 0 1
6.12323e-17 -1 -1.22465e-16 1.20015e-17
-1 -6.12323e-17 -7.4988e-33 0.474
0 1.22465e-16 -1 0.148
0 0 0 1
6.12323e-17 -1 0 1.22465e-17
-1 -6.12323e-17 1.22465e-16 0.474
-1.22465e-16 -7.4988e-33 -1 0.15
0 0 0 1
6.12323e-17 -1 -1.22465e-16 1.24914e-17
-1 -6.12323e-17 -7.4988e-33 0.474
0 1.22465e-16 -1 0.152
0 0 0 1
6.12323e-17 -1 0 1.27363e-17
-1 -6.12323e-17 1.22465e-16 0.474
-1.22465e-16 -7.4988e-33 -1 0.154
0 0 0 1
6.12323e-17 -1 -1.22465e-16 1.29812e-17
-1 -6.12323e-17 -7.4988e-33 0.474
0 1.22465e-16 -1 0.156
0 0 0 1
6.12323e-17 -1 0 1.32262e-17
-1 -6.12323e-17 1.22465e-16 0.474
-1.22465e-16 -7.4988e-33 -1 0.158
0 0 0 1
6.12323e-17 -1 -1.22465e-16 1.34711e-17
-1 -6.12323e-17 -7.4988e-33 0.474
0 1.22465e-16 -1 0.16
0 0 0 1
6.12323e-17 -1 0 1.3716e-17
-1 -6.12323e-17 1.22465e-16 0.474
-1.22465e-16 -7.4988e-33 -1 0.162
0 0 0 1
6.12323e-17 -1 -1.22465e-16 1.3961e-17
-1 -6.12323e-17 -7.4988e-33 0.474
0 1.22465e-16 -1 0.164
0 0 0 1
6.12323e-17 -1 0 1.42059e-17
-1 -6.12323e-17 1.22465e-16 0.474
-1.22465e-16 -7.4988e-33 -1 0.166
0 0 0 1
6.12323e-17 -1 -1.22465e-16 1.44508e-17
-1 -6.12323e-17 -7.4988e-33 0.474
0 1.22465e-16 -1 0.168
0 0 0 1
6.12323e-17 -1 0 1.46957e-17
-1 -6.12323e-17 1.22465e-16 0.474
-1.22465e-16 -7.4988e-33 -1 0.17
0 0 0 1
6.12323e-17 -1 -1.22465e-16 1.49407e-17
-1 -6.12323e-17 -7.4988e-33 0.474
0 1.22465e-16 -1 0.172
0 0 0 1
6.12323e-17 -1 0 1.51856e-17
-1 -6.12323e-17 1.22465e-16 0.474
-1.22465e-16 -7.4988e-33 -1 0.174
0 0 0 1
6.12323e-17 -1 -1.22465e-16 1.54305e-17
-1 -6.12323e-17 -7.4988e-33 0.474
0 1.22465e-16 -1 0.176
0 0 0 1
6.12323e-17 -1 0 1.56755e-17
-1 -6.12323e-17 1.22465e-16 0.474
-1.22465e-16 -7.4988e-33 -1 0.178
0 0 0 1
6.12323e-17 -1 -1.22465e-16 1.59204e-17
-1 -6.12323e-17 -7.4988e-33 0.474
0 1.22465e-16 -1 0.18
0 0 0 1
6.12323e-17 -1 0 1.61653e-17
-1 -6.12323e-17 1.22465e-16 0.474
-1.22465e-16 -7.4988e-33 -1 0.182
0 0 0 1
6.12323e-17 -1 -1.22465e-16 1.64103e-17
-1 -6.12323e-17 -7.4988e-33 0.474
0 1.22465e-16 -1 0.184
0 0 0 1
6.12323e-17 -1 0 1.66552e-17
-1 -6.12323e-17 1.22465e-16 0.474
-1.22465e-16 -7.4988e-33 -1 0.186
0 0 0 1
6.12323e-17 -1 -1.22465e-16 1.69001e-17
-1 -6.12323e-17 -7.4988e-33 0.474
0 1.22465e-16 -1 0.188
0 0 0 1
6.12323e-17 -1 0 1.7145e-17
-1 -6.12323e-17 1.22465e-16 0.474
-1.22465e-16 -7.4988e-33 -1 0.19
0 0 0 1
6.12323e-17 -1 -1.22465e-16 1.739e-17
-1 -6.12323e-17 -7.4988e-33 0.474
0 1.22465e-16 -1 0.192
0 0 0 1
6.12323e-17 -1 0 1.76349e-17
-1 -6.12323e-17 1.22465e-16 0.474
-1.22465e-16 -7.4988e-33 -1 0.194
0 0 0 1
6.12323e-17 -1 -1.22465e-16 1.78798e-17
-1 -6.12323e-17 -7.4988e-33 0.474
0 1.22465e-16 -1 0.196
0 0 0 1
6.12323e-17 -1 0 1.81248e-17
-1 -6.12323e-17 1.22465e-16 0.474
-1.22465e-16 -7.4988e-33 -1 0.198
0 0 0 1
6.12323e-17 -1 -1.22465e-16 1.83697e-17
-1 -6.12323e-17 -7.4988e-33 0.474
0 1.22465e-16 -1 0.2
0 0 0 1
6.12323e-17 -1 0 1.86146e-17
-1 -6.12323e-17 1.22465e-16 0.474
-1.22465e-16 -7.4988e-33 -1 0.202
0 0 0 1
6.12323e-17 -1 -1.22465e-16 1.88595e-17
-1 -6.12323e-17 -7.4988e-33 0.474
0 1.22465e-16 -1 0.204
0 0 0 1
6.12323e-17 -1 0 1.91045e-17
-1 -6.12323e-17 1.22465e-16 0.474
-1.22465e-16 -7.4988e-33 -1 0.206
0 0 0 1
6.12323e-17 -1 -1.22465e-16 1.93494e-17
-1 -6.12323e-17 -7.4988e-33 0.474
0 1.22465e-16 -1 0.208
0 0 0 1
6.12323e-17 -1 0 1.95943e-17
-1 -6.12323e-17 1.22465e-16 0.474
-1.22465e-16 -7.4988e-33 -1 0.21
0 0 0 1
6.12323e-17 -1 -1.22465e-16 1.98393e-17
-1 -6.12323e-17 -7.4988e-33 0.474
0 1.22465e-16 -1 0.212
0 0 0 1
6.12323e-17 -1 0 2.00842e-17
-1 -6.12323e-17 1.22465e-16 0.474
-1.22465e-16 -7.4988e-33 -1 0.214
0 0 0 1
6.12323e-17 -1 -1.22465e-16 2.03291e-17
-1 -6.12323e-17 -7.4988e-33 0.474
0 1.22465e-16 -1 0.216
0 0 0 1
6.12323e-17 -1 0 2.0574e-17
-1 -6.12323e-17 1.22465e-16 0.474
-1.22465e-16 -7.4988e-33 -1 0.218
0 0 0 1
6.12323e-17 -1 -1.22465e-16 2.0819e-17
-1 -6.12323e-17 -7.4988e-33 0.474
0 1.22465e-16 -1 0.22
0 0 0 1
6.12323e-17 -1 0 2.10639e-17
-1 -6.12323e-17 1.22465e-16 0.474
-1.22465e-16 -7.4988e-33 -1 0.222
0 0 0 1
6.12323e-17 -1 -1.22465e-16 2.13088e-17
-1 -6.12323e-17 -7.4988e-33 0.474
0 1.22465e-16 -1 0.224
0 0 0 1
6.12323e-17 -1 0 2.15538e-17
-1 -6.12323e-17 1.22465e-16 0.474
-1.22465e-16 -7.4988e-33 -1 0.226
0 0 0 1
6.12323e-17 -1 -1.22465e-16 2.17987e-17
-1 -6.12323e-17 -7.4988e-33 0.474
0 1.22465e-16 -1 0.228
0 0 0 1
6.12323e-17 -1 0 2.20436e-17
-1 -6.12323e-17 1.22465e-16 0.474
-1.22465e-16 -7.4988e-33 -1 0.23
0 0 0 1
6.12323e-17 -1 -1.22465e-16 2.22886e-17
-1 -6.12323e-17 -7.4988e-33 0.474
0 1.22465e-16 -1 0.232
0 0 0 1
6.12323e-17 -1 0 2.25335e-17
-1 -6.12323e-17 1.22465e-16 0.474
-1.22465e-16 -7.4988e-33 -1 0.234
0 0 0 1
6.12323e-17 -1 -1.22465e-16 2.27784e-17
-1 -6.12323e-17 -7.4988e-33 0.474
0 1.22465e-16 -1 0.236
0 0 0 1
6.12323e-17 -1 0 2.30233e-17
-1 -6.12323e-17 1.22465e-16 0.474
-1.22465e-16 -7.4988e-33 -1 0.238
0 0 0 1
6.12323e-17 -1 -1.22465e-16 2.32683e-17
-1 -6.12323e-17 -7.4988e-33 0.474
0 1.22465e-16 -1 0.24
0 0 0 1
6.12323e-17 -1 0 2.35132e-17
-1 -6.12323e-17 1.22465e-16 0.474
-1.22465e-16 -7.4988e-33 -1 0.242
0 0 0 1
6.12323e-17 -1 -1.22465e-16 2.37581e-17
-1 -6.12323e-17 -7.4988e-33 0.474
0 1.22465e-16 -1 0.244
0 0 0 1
6.12323e-17 -1 0 2.40031e-17
-1 -6.12323e-17 1.22465e-16 0.474
-1.22465e-16 -7.4988e-33 -1 0.246
0 0 0 1
6.12323e-17 -1 -1.22465e-16 2.4248e-17
-1 -6.12323e-17 -7.4988e-33 0.474
0 1.22465e-16 -1 0.248
0 0 0 1
6.12323e-17 -1 0 2.44929e-17
-1 -6.12323e-17 1.22465e-16 0.474
-1.22465e-16 -7.4988e-33 -1 0.25
0 0 0 1
1.24338e-07 -0.999999 0.00122208 2.44929e-17
-1 -1.24491e-07 -1.24338e-07 0.474
1.24491e-07 -0.00122208 -0.999999 0.25
0 0 0 1
0.0157092 -0.999876 -0.00121878 0.00108884
-0.999877 -0.0157092 -1.26503e-05 0.474115
-6.49737e-06 0.00121883 -0.999999 0.25082
0 0 0 1
0.0314149 -0.999506 0.00120879 0.00217769
-0.999506 -0.0314149 3.16671e-05 0.47423
6.32247e-06 -0.00120919 -0.999999 0.25164
0 0 0 1
0.0471124 -0.998889 -0.00121158 0.00326653
-0.99889 -0.0471124 -3.80366e-05 0.474345
-1.90863e-05 0.00121203 -0.999999 0.252459
0 0 0 1
0.0627987 -0.998025 0.0011945 0.00435537
-0.998026 -0.0627987 6.30253e-05 0.47446
1.21123e-05 -0.0011961 -0.999999 0.253279
0 0 0 1
0.078469 -0.996916 -0.00120359 0.00544422
-0.996917 -0.078469 -6.31842e-05 0.474574
-3.14555e-05 0.00120484 -0.999999 0.254099
0 0 0 1
0.0941205 -0.99556 0.00117924 0.00653306
-0.995561 -0.0941205 9.39191e-05 0.474689
1.74882e-05 -0.00118284 -0.999999 0.254919
0 0 0 1
0.109748 -0.993959 -0.00119482 0.0076219
-0.993959 -0.109748 -8.80684e-05 0.474804
-4.35927e-05 0.00119727 -0.999999 0.255739
0 0 0 1
0.125349 -0.992112 0.00116301 0.00871075
-0.992113 -0.125349 0.000124318 0.474919
2.2445e-05 -0.00116942 -0.999999 0.256559
0 0 0 1
0.140919 -0.99002 -0.00118526 0.00979959
-0.990021 -0.140919 -0.000112665 0.475034
-5.54859e-05 0.00118931 -0.999999 0.257378
0 0 0 1
0.156455 -0.987684 0.00114584 0.0108884
-0.987685 -0.156454 0.000154193 0.475149
2.69777e-05 -0.00115585 -0.999999 0.258198
0 0 0 1
0.171951 -0.985105 -0.00117494 0.0119773
-0.985106 -0.171951 -0.000136949 0.475264
-6.71234e-05 0.00118099 -0.999999 0.259018
0 0 0 1
0.187405 -0.982282 0.00112773 0.0130661
-0.982283 -0.187405 0.000183513 0.475379
3.10818e-05 -0.00114214 -0.999999 0.259838
0 0 0 1
0.202813 -0.979217 -0.00116386 0.014155
-0.979218 -0.202813 -0.000160896 0.475494
-7.84936e-05 0.0011723 -0.999999 0.260658
0 0 0 1
0.218171 -0.97591 0.00110872 0.0152438
-0.975911 -0.218171 0.00021225 0.475608
3.47533e-05 -0.00112832 -0.999999 0.261478
0 0 0 1
0.233475 -0.972362 -0.00115203 0.0163326
-0.972363 -0.233475 -0.000184484 0.475723
-8.95854e-05 0.00116327 -0.999999 0.262297
0 0 0 1
0.248721 -0.968574 0.00108881 0.0174215
-0.968575 -0.248721 0.000240375 0.475838
3.79886e-05 -0.00111438 -0.999999 0.263117
0 0 0 1
0.263906 -0.964548 -0.00113947 0.0185103
-0.964548 -0.263906 -0.000207688 0.475953
-0.000100388 0.00115389 -0.999999 0.263937
0 0 0 1
0.279026 -0.960283 0.00106803 0.0195992
-0.960284 -0.279026 0.000267861 0.476068
4.07845e-05 -0.00110035 -0.999999 0.264757
0 0 0 1
0.294077 -0.955781 -0.00112619 0.020688
-0.955782 -0.294077 -0.000230487 0.476183
-0.00011089 0.00114417 -0.999999 0.265577
0 0 0 1
0.309056 -0.951043 0.00104639 0.0217769
-0.951044 -0.309055 0.000294681 0.476298
4.31382e-05 -0.00108624 -0.999999 0.266397
0 0 0 1
0.323957 -0.946071 -0.00111219 0.0228657
-0.946072 -0.323957 -0.000252857 0.476413
-0.000121082 0.00113413 -0.999999 0.267216
0 0 0 1
0.33878 -0.940865 0.00102392 0.0239545
-0.940866 -0.33878 0.000320807 0.476527
4.50474e-05 -0.00107206 -0.999999 0.268036
0 0 0 1
0.353518 -0.935427 -0.0010975 0.0250434
-0.935428 -0.353518 -0.000274776 0.476642
-0.000130954 0.00112377 -0.999999 0.268856
0 0 0 1
0.36817 -0.929758 0.00100064 0.0261322
-0.929759 -0.36817 0.000346215 0.476757
4.65102e-05 -0.00105782 -0.999999 0.269676
0 0 0 1
0.38273 -0.92386 -0.00108213 0.0272211
-0.92386 -0.38273 -0.000296223 0.476872
-0.000140495 0.00111311 -0.999999 0.270496
0 0 0 1
0.397196 -0.917733 0.000976579 0.0283099
-0.917734 -0.397196 0.000370879 0.476987
4.75252e-05 -0.00104355 -0.999999 0.271316
0 0 0 1
0.411564 -0.91138 -0.00106609 0.0293988
-0.911381 -0.411564 -0.000317176 0.477102
-0.000149697 0.00110215 -0.999999 0.272135
0 0 0 1
0.425831 -0.904802 0.000951752 0.0304876
-0.904803 -0.42583 0.000394775 0.477217
4.80913e-05 -0.00102926 -0.999999 0.272955
0 0 0 1
0.439992 -0.898001 -0.0010494 0.0315765
-0.898002 -0.439992 -0.000337616 0.477332
-0.00015855 0.00109091 -0.999999 0.273775
0 0 0 1
0.454045 -0.890978 0.000926186 0.0326653
-0.890979 -0.454044 0.00041788 0.477447
4.82081e-05 -0.00101495 -0.999999 0.274595
0 0 0 1
0.467985 -0.883736 -0.00103208 0.0337541
-0.883736 -0.467985 -0.00035752 0.477561
-0.000167045 0.0010794 -0.999999 0.275415
0 0 0 1
0.48181 -0.876275 0.000899907 0.034843
-0.876275 -0.48181 0.000440169 0.477676
4.78753e-05 -0.00100064 -0.999999 0.276235
0 0 0 1
0.495516 -0.868598 -0.00101414 0.0359318
-0.868599 -0.495516 -0.000376871 0.477791
-0.000175175 0.00106763 -0.999999 0.277054
0 0 0 1
0.509101 -0.860707 0.000872941 0.0370207
-0.860707 -0.5091 0.000461622 0.477906
4.70933e-05 -0.000986359 -1 0.277874
0 0 0 1
0.522559 -0.852603 -0.000995605 0.0381095
-0.852603 -0.522559 -0.000395649 0.478021
-0.00018293 0.00105561 -0.999999 0.278694
0 0 0 1
0.535888 -0.844288 0.000845314 0.0391984
-0.844289 -0.535888 0.000482218 0.478136
4.5863e-05 -0.000972104 -1 0.279514
0 0 0 1
0.549085 -0.835766 -0.000976486 0.0402872
-0.835766 -0.549085 -0.000413835 0.478251
-0.000190305 0.00104335 -0.999999 0.280334
0 0 0 1
0.562147 -0.827037 0.000817054 0.041376
-0.827037 -0.562147 0.000501935 0.478366
4.41854e-05 -0.000957896 -1 0.281154
0 0 0 1
0.57507 -0.818104 -0.000956806 0.0424649
-0.818104 -0.575069 -0.000431412 0.478481
-0.00019729 0.00103086 -0.999999 0.281973
0 0 0 1
0.587851 -0.808969 0.000788188 0.0435537
-0.808969 -0.587851 0.000520755 0.478595
4.20624e-05 -0.000943746 -1 0.282793
0 0 0 1
0.600486 -0.799634 -0.000936583 0.0446426
-0.799635 -0.600486 -0.000448362 0.47871
-0.00020388 0.00101816 -0.999999 0.283613
0 0 0 1
0.612974 -0.790103 0.000758746 0.0457314
-0.790103 -0.612974 0.000538659 0.478825
3.94958e-05 -0.000929671 -1 0.284433
0 0 0 1
0.62531 -0.780376 -0.000915838 0.0468203
-0.780376 -0.62531 -0.000464668 0.47894
-0.000210067 0.00100526 -0.999999 0.285253
0 0 0 1
0.637493 -0.770456 0.000728755 0.0479091
-0.770456 -0.637492 0.000555629 0.479055
3.64884e-05 -0.000915683 -1 0.286073
0 0 0 1
0.649517 -0.760346 -0.00089459 0.0489979
-0.760347 -0.649517 -0.000480314 0.47917
-0.000215847 0.000992171 -0.999999 0.286892
0 0 0 1
0.661382 -0.750049 0.000698246 0.0500868
-0.75005 -0.661381 0.000571648 0.479285
3.3043e-05 -0.000901797 -1 0.287712
0 0 0 1
0.673083 -0.739567 -0.000872862 0.0511756
-0.739567 -0.673083 -0.000495285 0.4794
-0.000221212 0.000978907 -0.999999 0.288532
0 0 0 1
0.684618 -0.728902 0.000667249 0.0522645
-0.728902 -0.684618 0.000586701 0.479515
2.91631e-05 -0.000888026 -1 0.289352
0 0 0 1
0.695984 -0.718057 -0.000850674 0.0533533
-0.718057 -0.695984 -0.000509566 0.479629
-0.000226158 0.000965482 -1 0.290172
0 0 0 1
0.707178 -0.707035 0.000635795 0.0544422
-0.707035 -0.707178 0.000600773 0.479744
2.48525e-05 -0.000874383 -1 0.290992
0 0 0 1
0.718198 -0.695838 -0.000828048 0.055531
-0.695839 -0.718198 -0.000523143 0.479859
-0.000230679 0.000951908 -1 0.291811
0 0 0 1
0.729041 -0.68447 0.000603913 0.0566198
-0.68447 -0.72904 0.00061385 0.479974
2.01154e-05 -0.000860882 -1 0.292631
0 0 0 1
0.739703 -0.672933 -0.000805007 0.0577087
-0.672933 -0.739703 -0.000536002 0.480089
-0.000234772 0.000938198 -1 0.293451
0 0 0 1
0.750183 -0.66123 0.000571637 0.0587975
-0.66123 -0.750183 0.000625919 0.480204
1.49566e-05 -0.000847537 -1 0.294271
0 0 0 1
0.760478 -0.649363 -0.000781573 0.0598864
-0.649364 -0.760478 -0.000548132 0.480319
-0.000238433 0.000924367 -1 0.295091
0 0 0 1
0.770585 -0.637336 0.000538998 0.0609752
-0.637337 -0.770585 0.000636968 0.480434
9.38103e-06 -0.000834361 -1 0.295911
0 0 0 1
0.780502 -0.625152 -0.00075777 0.0620641
-0.625153 -0.780502 -0.000559519 0.480548
-0.000241657 0.000910428 -1 0.29673
0 0 0 1
0.790227 -0.612814 0.000506027 0.0631529
-0.612814 -0.790227 0.000646986 0.480663
3.39431e-06 -0.000821366 -1 0.29755
0 0 0 1
0.799756 -0.600325 -0.000733621 0.0642417
-0.600325 -0.799756 -0.000570152 0.480778
-0.000244441 0.000896394 -1 0.29837
0 0 0 1
0.809088 -0.587687 0.000472758 0.0653306
-0.587687 -0.809088 0.000655963 0.480893
-2.99768e-06 -0.000808566 -1 0.29919
0 0 0 1
0.818221 -0.574904 -0.000709149 0.0664194
-0.574904 -0.81822 -0.000580022 0.481008
-0.000246783 0.000882279 -1 0.30001
0 0 0 1
0.827151 -0.561979 0.000439224 0.0675083
-0.56198 -0.827151 0.000663891 0.481123
-9.78864e-06 -0.000795973 -1 0.30083
0 0 0 1
0.835877 -0.548916 -0.00068438 0.0685971
-0.548916 -0.835877 -0.000589118 0.481238
-0.000248681 0.000868098 -1 0.301649
0 0 0 1
0.844397 -0.535717 0.000405457 0.069686
-0.535717 -0.844397 0.000670761 0.481353
-1.69718e-05 -0.000783599 -1 0.302469
0 0 0 1
0.852709 -0.522386 -0.000659337 0.0707748
-0.522387 -0.852709 -0.000597432 0.481468
-0.000250132 0.000853865 -1 0.303289
0 0 0 1
0.86081 -0.508926 0.000371491 0.0718636
-0.508927 -0.86081 0.000676568 0.481582
-2.45402e-05 -0.000771458 -1 0.304109
0 0 0 1
0.868699 -0.495341 -0.000634046 0.0729525
-0.495341 -0.868698 -0.000604955 0.481697
-0.000251136 0.000839592 -1 0.304929
0 0 0 1
0.876373 -0.481633 0.000337359 0.0740413
-0.481633 -0.876373 0.000681304 0.481812
-3.24863e-05 -0.00075956 -1 0.305749
0 0 0 1
0.883831 -0.467806 -0.00060853 0.0751302
-0.467807 -0.883831 -0.000611679 0.481927
-0.00025169 0.000825296 -1 0.306568
0 0 0 1
0.891071 -0.453864 0.000303095 0.076219
-0.453864 -0.891071 0.000684966 0.482042
-4.08022e-05 -0.000747917 -1 0.307388
0 0 0 1
0.898091 -0.43981 -0.000582816 0.0773079
-0.43981 -0.89809 -0.000617599 0.482157
-0.000251795 0.000810989 -1 0.308208
0 0 0 1
0.904889 -0.425647 0.000268733 0.0783967
-0.425648 -0.904889 0.000687549 0.482272
-4.94798e-05 -0.000736542 -1 0.309028
0 0 0 1
0.911464 -0.41138 -0.000556929 0.0794856
-0.41138 -0.911464 -0.000622708 0.482387
-0.000251451 0.000796685 -1 0.309848
0 0 0 1
0.917814 -0.39701 0.000234307 0.0805744
-0.397011 -0.917814 0.000689052 0.482502
-5.85104e-05 -0.000725444 -1 0.310668
0 0 0 1
0.923937 -0.382543 -0.000530894 0.0816632
-0.382543 -0.923937 -0.000627001 0.482616
-0.000250657 0.0007824 -1 0.311487
0 0 0 1
0.929833 -0.367982 0.000199851 0.0827521
-0.367982 -0.929833 0.000689473 0.482731
-6.78853e-05 -0.000714636 -1 0.312307
0 0 0 1
0.935499 -0.353329 -0.000504736 0.0838409
-0.353329 -0.935499 -0.000630474 0.482846
-0.000249415 0.000768146 -1 0.313127
0 0 0 1
0.940934 -0.338589 0.000165399 0.0849298
-0.33859 -0.940934 0.000688811 0.482961
-7.7595e-05 -0.000704128 -1 0.313947
0 0 0 1
0.946137 -0.323766 -0.000478483 0.0860186
-0.323766 -0.946137 -0.000633124 0.483076
-0.000247726 0.000753939 -1 0.314767
0 0 0 1
0.951106 -0.308863 0.000130984 0.0871075
-0.308863 -0.951106 0.000687067 0.483191
-8.763e-05 -0.00069393 -1 0.315587
0 0 0 1
0.955841 -0.293884 -0.00045216 0.0881963
-0.293884 -0.955841 -0.000634948 0.483306
-0.000245592 0.000739792 -1 0.316406
0 0 0 1
0.96034 -0.278832 9.66409e-05 0.0892851
-0.278832 -0.96034 0.000684242 0.483421
-9.79805e-05 -0.000684052 -1 0.317226
0 0 0 1
0.964602 -0.263711 -0.000425792 0.090374
-0.263711 -0.964601 -0.000635944 0.483536
-0.000243014 0.000725718 -1 0.318046
0 0 0 1
0.968625 -0.248525 6.24036e-05 0.0914628
-0.248525 -0.968625 0.000680341 0.48365
-0.000108636 -0.000674504 -1 0.318866
0 0 0 1
0.97241 -0.233278 -0.000399405 0.0925517
-0.233278 -0.97241 -0.000636111 0.483765
-0.000239995 0.000711733 -1 0.319686
0 0 0 1
0.975955 -0.217974 2.83059e-05 0.0936405
-0.217974 -0.975954 0.000675365 0.48388
-0.000119587 -0.000665296 -1 0.320506
0 0 0 1
0.979258 -0.202615 -0.000373027 0.0947294
-0.202615 -0.979258 -0.000635449 0.483995
-0.000236538 0.000697849 -1 0.321325
0 0 0 1
0.982321 -0.187207 -5.61877e-06 0.0958182
-0.187207 -0.98232 0.000669321 0.48411
-0.000130821 -0.000656436 -1 0.322145
0 0 0 1
0.98514 -0.171752 -0.000346682 0.096907
-0.171752 -0.98514 -0.000633958 0.484225
-0.000232647 0.000684081 -1 0.322965
0 0 0 1
0.987717 -0.156255 -3.93368e-05 0.0979959
-0.156255 -0.987717 0.000662214 0.48434
-0.000142328 -0.000647933 -1 0.323785
0 0 0 1
0.99005 -0.140719 -0.000320398 0.0990847
-0.140719 -0.990049 -0.000631641 0.484455
-0.000228326 0.000670442 -1 0.324605
0 0 0 1
0.992138 -0.125149 -7.28149e-05 0.100174
-0.125149 -0.992138 0.000654051 0.484569
-0.000154096 -0.000639797 -1 0.325425
0 0 0 1
0.993982 -0.109547 -0.000294199 0.101262
-0.109548 -0.993981 -0.000628499 0.484684
-0.000223578 0.000656945 -1 0.326244
0 0 0 1
0.99558 -0.0939192 -0.00010602 0.102351
-0.0939191 -0.99558 0.000644841 0.484799
-0.000166114 -0.000632034 -1 0.327064
0 0 0 1
0.996932 -0.0782676 -0.000268111 0.10344
-0.0782677 -0.996932 -0.000624536 0.484914
-0.000218408 0.000643605 -1 0.327884
0 0 0 1
0.998039 -0.0625969 -0.00013892 0.104529
-0.0625968 -0.998039 0.000634592 0.485029
-0.000178371 -0.000624652 -1 0.328704
0 0 0 1
0.998899 -0.0469105 -0.000242161 0.105618
-0.0469107 -0.998899 -0.000619755 0.485144
-0.000212822 0.000630433 -1 0.329524
0 0 0 1
0.999513 -0.0312128 -0.000171481 0.106707
-0.0312127 -0.999513 0.000623315 0.485259
-0.000190853 -0.000617659 -1 0.330344
0 0 0 1
0.99988 -0.0155072 -0.000216374 0.107795
-0.0155073 -0.99988 -0.000614161 0.485374
-0.000206824 0.000617443 -1 0.331163
0 0 0 1
1 0.000202051 -0.000203672 0.108884
0.000202175 -1 0.00061102 0.485489
-0.000203548 -0.000611061 -1 0.331983
0 0 0 1
1 0.000203549 -0.000203673 0.108884
0.000203673 -1 0.00061102 0.485489
-0.000203549 -0.000611061 -1 0.331983
0 0 0 1
0.99988 -0.0155062 -0.000197299 0.110796
-0.0155061 -0.99988 0.000607771 0.475633
-0.0002067 -0.000604638 -1 0.331163
0 0 0 1
0.999513 -0.0312121 -0.000190977 0.112707
-0.031212 -0.999513 0.000604422 0.465778
-0.00020975 -0.000598167 -1 0.330344
0 0 0 1
0.998899 -0.0469103 -0.000184709 0.114618
-0.0469102 -0.998899 0.000600974 0.455923
-0.000212697 -0.000591648 -1 0.329524
0 0 0 1
0.998039 -0.0625969 -0.000178495 0.116529
-0.0625968 -0.998039 0.000597429 0.446068
-0.000215542 -0.000585084 -1 0.328704
0 0 0 1
0.996932 -0.0782681 -0.000172338 0.11844
-0.078268 -0.996932 0.000593786 0.436213
-0.000218284 -0.000578476 -1 0.327884
0 0 0 1
0.99558 -0.09392 -0.000166239 0.120352
-0.0939199 -0.99558 0.000590047 0.426358
-0.000220921 -0.000571826 -1 0.327064
0 0 0 1
0.993981 -0.109549 -0.000160199 0.122263
-0.109549 -0.993981 0.000586212 0.416503
-0.000223453 -0.000565135 -1 0.326244
0 0 0 1
0.992138 -0.12515 -0.00015422 0.124174
-0.12515 -0.992138 0.000582284 0.406648
-0.00022588 -0.000558405 -1 0.325425
0 0 0 1
0.990049 -0.140721 -0.000148304 0.126085
-0.140721 -0.990049 0.000578261 0.396793
-0.000228201 -0.000551638 -1 0.324605
0 0 0 1
0.987716 -0.156257 -0.000142451 0.127996
-0.156257 -0.987716 0.000574147 0.386937
-0.000230416 -0.000544835 -1 0.323785
0 0 0 1
0.98514 -0.171755 -0.000136664 0.129908
-0.171754 -0.98514 0.00056994 0.377082
-0.000232523 -0.000537998 -1 0.322965
0 0 0 1
0.98232 -0.18721 -0.000130944 0.131819
-0.187209 -0.98232 0.000565644 0.367227
-0.000234523 -0.000531129 -1 0.322145
0 0 0 1
0.979258 -0.202618 -0.000125292 0.13373
-0.202618 -0.979258 0.000561258 0.357372
-0.000236414 -0.00052423 -1 0.321325
0 0 0 1
0.975954 -0.217977 -0.00011971 0.135641
-0.217977 -0.975954 0.000556784 0.347517
-0.000238197 -0.000517301 -1 0.320505
0 0 0 1
0.972409 -0.233282 -0.000114198 0.137552
-0.233282 -0.972409 0.000552223 0.337662
-0.000239871 -0.000510346 -1 0.319686
0 0 0 1
0.968624 -0.24853 -0.000108759 0.139464
-0.24853 -0.968624 0.000547575 0.327807
-0.000241435 -0.000503365 -1 0.318866
0 0 0 1
0.9646 -0.263716 -0.000103394 0.141375
-0.263716 -0.9646 0.000542843 0.317952
-0.00024289 -0.00049636 -1 0.318046
0 0 0 1
0.960338 -0.278837 -9.81032e-05 0.143286
-0.278837 -0.960338 0.000538027 0.308097
-0.000244234 -0.000489333 -1 0.317226
0 0 0 1
0.955839 -0.293889 -9.2889e-05 0.145197
-0.293889 -0.955839 0.000533129 0.298241
-0.000245468 -0.000482286 -1 0.316406
0 0 0 1
0.951105 -0.308869 -8.77525e-05 0.147108
-0.308869 -0.951104 0.000528149 0.288386
-0.000246591 -0.000475221 -1 0.315586
0 0 0 1
0.946135 -0.323772 -8.26948e-05 0.14902
-0.323772 -0.946135 0.000523089 0.278531
-0.000247602 -0.000468139 -1 0.314766
0 0 0 1
0.940932 -0.338596 -7.77173e-05 0.150931
-0.338596 -0.940932 0.000517951 0.268676
-0.000248503 -0.000461042 -1 0.313947
0 0 0 1
0.935497 -0.353336 -7.28211e-05 0.152842
-0.353336 -0.935496 0.000512734 0.258821
-0.000249291 -0.000453931 -1 0.313127
0 0 0 1
0.92983 -0.367989 -6.80074e-05 0.154753
-0.367989 -0.92983 0.000507442 0.248966
-0.000249968 -0.000446809 -1 0.312307
0 0 0 1
0.923935 -0.382551 -6.32775e-05 0.156664
-0.382551 -0.923934 0.000502075 0.239111
-0.000250533 -0.000439677 -1 0.311487
0 0 0 1
0.917811 -0.397018 -5.86325e-05 0.158576
-0.397018 -0.917811 0.000496634 0.229256
-0.000250986 -0.000432537 -1 0.310667
0 0 0 1
0.91146 -0.411388 -5.40735e-05 0.160487
-0.411388 -0.91146 0.00049112 0.219401
-0.000251327 -0.000425391 -1 0.309847
0 0 0 1
0.904885 -0.425656 -4.96017e-05 0.162398
-0.425656 -0.904885 0.000485536 0.209545
-0.000251555 -0.000418241 -1 0.309027
0 0 0 1
0.898087 -0.439819 -4.52182e-05 0.164309
-0.439819 -0.898086 0.000479882 0.19969
-0.000251671 -0.000411088 -1 0.308208
0 0 0 1
0.891066 -0.453873 -4.0924e-05 0.16622
-0.453873 -0.891066 0.00047416 0.189835
-0.000251674 -0.000403934 -1 0.307388
0 0 0 1
0.883826 -0.467816 -3.67203e-05 0.168132
-0.467815 -0.883826 0.000468371 0.17998
-0.000251566 -0.00039678 -1 0.306568
0 0 0 1
0.876368 -0.481642 -3.2608e-05 0.170043
-0.481642 -0.876368 0.000462517 0.170125
-0.000251344 -0.00038963 -1 0.305748
0 0 0 1
0.868693 -0.49535 -2.85882e-05 0.171954
-0.49535 -0.868693 0.000456599 0.16027
-0.000251011 -0.000382483 -1 0.304928
0 0 0 1
0.860804 -0.508936 -2.46619e-05 0.173865
-0.508936 -0.860804 0.000450619 0.150415
-0.000250565 -0.000375343 -1 0.304108
0 0 0 1
0.852703 -0.522396 -2.083e-05 0.175776
-0.522396 -0.852703 0.000444577 0.14056
-0.000250007 -0.000368211 -1 0.303289
0 0 0 1
0.844391 -0.535728 -1.70935e-05 0.177688
-0.535728 -0.844391 0.000438476 0.130705
-0.000249338 -0.000361088 -1 0.302469
0 0 0 1
0.83587 -0.548927 -1.34533e-05 0.179599
-0.548927 -0.83587 0.000432318 0.120849
-0.000248556 -0.000353977 -1 0.301649
0 0 0 1
0.827144 -0.56199 -9.91024e-06 0.18151
-0.56199 -0.827144 0.000426103 0.110994
-0.000247663 -0.000346879 -1 0.300829
0 0 0 1
0.818213 -0.574915 -6.4653e-06 0.183421
-0.574915 -0.818213 0.000419832 0.101139
-0.000246658 -0.000339795 -1 0.300009
0 0 0 1
0.80908 -0.587698 -3.11929e-06 0.185332
-0.587698 -0.80908 0.000413509 0.0912841
-0.000245542 -0.000332729 -1 0.299189
0 0 0 1
0.799748 -0.600336 1.26966e-07 0.187244
-0.600336 -0.799748 0.000407134 0.081429
-0.000244316 -0.000325681 -1 0.298369
0 0 0 1
0.790218 -0.612826 3.27267e-06 0.189155
-0.612826 -0.790218 0.000400708 0.0715739
-0.000242978 -0.000318653 -1 0.29755
0 0 0 1
0.780493 -0.625164 6.31705e-06 0.191066
-0.625164 -0.780493 0.000394234 0.0617188
-0.000241531 -0.000311646 -1 0.29673
0 0 0 1
0.770576 -0.637348 9.25934e-06 0.192977
-0.637348 -0.770576 0.000387713 0.0518637
-0.000239973 -0.000304664 -1 0.29591
0 0 0 1
0.760468 -0.649375 1.20988e-05 0.194888
-0.649375 -0.760468 0.000381147 0.0420086
-0.000238307 -0.000297707 -1 0.29509
0 0 0 1
0.750173 -0.661242 1.48348e-05 0.1968
-0.661242 -0.750173 0.000374537 0.0321535
-0.000236531 -0.000290777 -1 0.29427
0 0 0 1
0.739692 -0.672945 1.74666e-05 0.198711
-0.672945 -0.739692 0.000367884 0.0222984
-0.000234646 -0.000283875 -1 0.29345
0 0 0 1
0.729029 -0.684483 1.99936e-05 0.200622
-0.684482 -0.729029 0.000361191 0.0124432
-0.000232653 -0.000277004 -1 0.29263
0 0 0 1
0.718186 -0.695851 2.24151e-05 0.202533
-0.695851 -0.718186 0.000354459 0.00258813
-0.000230553 -0.000270165 -1 0.291811
0 0 0 1
0.707166 -0.707048 2.47305e-05 0.204444
-0.707047 -0.707166 0.00034769 -0.00726698
-0.000228345 -0.00026336 -1 0.290991
0 0 0 1
0.695971 -0.71807 2.69394e-05 0.206356
-0.71807 -0.695971 0.000340886 -0.0171221
-0.000226031 -0.000256591 -1 0.290171
0 0 0 1
0.684605 -0.728915 2.9041e-05 0.208267
-0.728914 -0.684605 0.000334047 -0.0269772
-0.00022361 -0.000249859 -1 0.289351
0 0 0 1
0.673069 -0.73958 3.1035e-05 0.210178
-0.739579 -0.673069 0.000327177 -0.0368323
-0.000221084 -0.000243165 -1 0.288531
0 0 0 1
0.661368 -0.750062 3.29208e-05 0.212089
-0.750062 -0.661368 0.000320275 -0.0466874
-0.000218454 -0.000236512 -1 0.287711
0 0 0 1
0.649503 -0.760359 3.46979e-05 0.214
-0.760359 -0.649503 0.000313346 -0.0565425
-0.000215719 -0.000229902 -1 0.286891
0 0 0 1
0.637477 -0.770469 3.6366e-05 0.215912
-0.770469 -0.637477 0.000306389 -0.0663976
-0.00021288 -0.000223335 -1 0.286072
0 0 0 1
0.625295 -0.780388 3.79245e-05 0.217823
-0.780388 -0.625295 0.000299406 -0.0762528
-0.000209939 -0.000216813 -1 0.285252
0 0 0 1
0.612958 -0.790115 3.93732e-05 0.219734
-0.790115 -0.612958 0.0002924 -0.0861079
-0.000206896 -0.000210339 -1 0.284432
0 0 0 1
0.60047 -0.799647 4.07116e-05 0.221645
-0.799647 -0.60047 0.000285373 -0.095963
-0.000203751 -0.000203913 -1 0.283612
0 0 0 1
0.587834 -0.808982 4.19395e-05 0.223556
-0.808982 -0.587834 0.000278325 -0.105818
-0.000200506 -0.000197537 -1 0.282792
0 0 0 1
0.575052 -0.818117 4.30565e-05 0.225468
-0.818117 -0.575052 0.000271258 -0.115673
-0.000197161 -0.000191213 -1 0.281972
0 0 0 1
0.562129 -0.82705 4.40623e-05 0.227379
-0.82705 -0.562129 0.000264175 -0.125528
-0.000193717 -0.000184942 -1 0.281153
0 0 0 1
0.549067 -0.835778 4.49568e-05 0.22929
-0.835778 -0.549067 0.000257077 -0.135383
-0.000190175 -0.000178726 -1 0.280333
0 0 0 1
0.535869 -0.844301 4.57396e-05 0.231201
-0.844301 -0.535869 0.000249966 -0.145239
-0.000186536 -0.000172567 -1 0.279513
0 0 0 1
0.522539 -0.852615 4.64106e-05 0.233112
-0.852615 -0.522539 0.000242843 -0.155094
-0.000182801 -0.000166466 -1 0.278693
0 0 0 1
0.509081 -0.860719 4.69696e-05 0.235024
-0.860719 -0.509081 0.000235711 -0.164949
-0.00017897 -0.000160424 -1 0.277873
0 0 0 1
0.495496 -0.86861 4.74166e-05 0.236935
-0.86861 -0.495496 0.000228571 -0.174804
-0.000175044 -0.000154443 -1 0.277053
0 0 0 1
0.481789 -0.876287 4.77513e-05 0.238846
-0.876287 -0.481789 0.000221425 -0.184659
-0.000171026 -0.000148524 -1 0.276233
0 0 0 1
0.467964 -0.883748 4.79736e-05 0.240757
-0.883748 -0.467964 0.000214274 -0.194514
-0.000166914 -0.000142669 -1 0.275414
0 0 0 1
0.454022 -0.89099 4.80837e-05 0.242668
-0.89099 -0.454022 0.000207121 -0.204369
-0.000162712 -0.00013688 -1 0.274594
0 0 0 1
0.439969 -0.898013 4.80813e-05 0.24458
-0.898013 -0.439969 0.000199967 -0.214224
-0.000158418 -0.000131157 -1 0.273774
0 0 0 1
0.425807 -0.904814 4.79666e-05 0.246491
-0.904814 -0.425807 0.000192813 -0.224079
-0.000154036 -0.000125502 -1 0.272954
0 0 0 1
0.411541 -0.911391 4.77395e-05 0.248402
-0.911391 -0.411541 0.000185663 -0.233935
-0.000149565 -0.000119917 -1 0.272134
0 0 0 1
0.397172 -0.917744 4.74e-05 0.250313
-0.917744 -0.397172 0.000178517 -0.24379
-0.000145007 -0.000114403 -1 0.271314
0 0 0 1
0.382706 -0.92387 4.69484e-05 0.252224
-0.92387 -0.382706 0.000171377 -0.253645
-0.000140363 -0.000108961 -1 0.270494
0 0 0 1
0.368145 -0.929769 4.63847e-05 0.254136
-0.929769 -0.368145 0.000164245 -0.2635
-0.000135634 -0.000103593 -1 0.269675
0 0 0 1
0.353493 -0.935437 4.5709e-05 0.256047
-0.935437 -0.353493 0.000157123 -0.273355
-0.000130821 -9.82997e-05 -1 0.268855
0 0 0 1
0.338754 -0.940875 4.49214e-05 0.257958
-0.940875 -0.338754 0.000150012 -0.28321
-0.000125926 -9.30827e-05 -1 0.268035
0 0 0 1
0.323931 -0.946081 4.40223e-05 0.259869
-0.946081 -0.323931 0.000142915 -0.293065
-0.000120949 -8.79433e-05 -1 0.267215
0 0 0 1
0.309028 -0.951053 4.30118e-05 0.26178
-0.951053 -0.309028 0.000135833 -0.30292
-0.000115892 -8.28826e-05 -1 0.266395
0 0 0 1
0.294049 -0.95579 4.18901e-05 0.263692
-0.95579 -0.294049 0.000128767 -0.312775
-0.000110756 -7.7902e-05 -1 0.265575
0 0 0 1
0.278998 -0.960292 4.06576e-05 0.265603
-0.960292 -0.278998 0.00012172 -0.322631
-0.000105543 -7.30028e-05 -1 0.264755
0 0 0 1
0.263878 -0.964556 3.93146e-05 0.267514
-0.964556 -0.263878 0.000114693 -0.332486
-0.000100254 -6.8186e-05 -1 0.263936
0 0 0 1
0.248692 -0.968583 3.78613e-05 0.269425
-0.968583 -0.248692 0.000107688 -0.342341
-9.48889e-05 -6.34529e-05 -1 0.263116
0 0 0 1
0.233445 -0.97237 3.62981e-05 0.271336
-0.97237 -0.233445 0.000100707 -0.352196
-8.94505e-05 -5.88047e-05 -1 0.262296
0 0 0 1
0.218141 -0.975917 3.46255e-05 0.273248
-0.975917 -0.218141 9.37508e-05 -0.362051
-8.39398e-05 -5.42425e-05 -1 0.261476
0 0 0 1
0.202783 -0.979224 3.28438e-05 0.275159
-0.979224 -0.202783 8.68221e-05 -0.371906
-7.83582e-05 -4.97674e-05 -1 0.260656
0 0 0 1
0.187374 -0.982289 3.09534e-05 0.27707
-0.982289 -0.187374 7.99223e-05 -0.381761
-7.27069e-05 -4.53806e-05 -1 0.259836
0 0 0 1
0.17192 -0.985111 2.89549e-05 0.278981
-0.985111 -0.17192 7.3053e-05 -0.391616
-6.69873e-05 -4.10831e-05 -1 0.259016
0 0 0 1
0.156423 -0.98769 2.68488e-05 0.280892
-0.98769 -0.156423 6.62159e-05 -0.401471
-6.1201e-05 -3.68759e-05 -1 0.258197
0 0 0 1
0.140887 -0.990026 2.46354e-05 0.282804
-0.990026 -0.140887 5.94127e-05 -0.411327
-5.53493e-05 -3.27602e-05 -1 0.257377
0 0 0 1
0.125317 -0.992117 2.23155e-05 0.284715
-0.992117 -0.125317 5.26452e-05 -0.421182
-4.94337e-05 -2.87369e-05 -1 0.256557
0 0 0 1
0.109715 -0.993963 1.98896e-05 0.286626
-0.993963 -0.109715 4.5915e-05 -0.431037
-4.34556e-05 -2.48071e-05 -1 0.255737
0 0 0 1
0.0940868 -0.995564 1.73582e-05 0.288537
-0.995564 -0.0940868 3.92237e-05 -0.440892
-3.74165e-05 -2.09716e-05 -1 0.254917
0 0 0 1
0.0784352 -0.996919 1.4722e-05 0.290448
-0.996919 -0.0784352 3.2573e-05 -0.450747
-3.13179e-05 -1.72315e-05 -1 0.254097
0 0 0 1
0.0627642 -0.998028 1.19817e-05 0.29236
-0.998028 -0.0627642 2.59645e-05 -0.460602
-2.51613e-05 -1.35877e-05 -1 0.253278
0 0 0 1
0.0470777 -0.998891 9.13786e-06 0.294271
-0.998891 -0.0470777 1.93999e-05 -0.470457
-1.89482e-05 -1.0041e-05 -1 0.252458
0 0 0 1
0.0313796 -0.999508 6.19126e-06 0.296182
-0.999508 -0.0313796 1.28807e-05 -0.480312
-1.26801e-05 -6.59241e-06 -1 0.251638
0 0 0 1
0.0156738 -0.999877 3.14262e-06 0.298093
-0.999877 -0.0156738 6.4087e-06 -0.490167
-6.35865e-06 -3.24268e-06 -1 0.250818
0 0 0 1
6.12323e-17 -1 0 0.3
-1 -6.12323e-17 1.22465e-16 -0.5
-1.22465e-16 -7.4988e-33 -1 0.25
0 0 0 1
6.12323e-17 -1 -1.22465e-16 0.3
-1 -6.12323e-17 -7.4988e-33 -0.5
0 1.22465e-16 -1 0.248
0 0 0 1
6.12323e-17 -1 0 0.3
-1 -6.12323e-17 1.22465e-16 -0.5
-1.22465e-16 -7.4988e-33 -1 0.246
0 0 0 1
6.12323e-17 -1 -1.22465e-16 0.3
-1 -6.12323e-17 -7.4988e-33 -0.5
0 1.22465e-16 -1 0.244
0 0 0 1
6.12323e-17 -1 0 0.3
-1 -6.12323e-17 1.22465e-16 -0.5
-1.22465e-16 -7.4988e-33 -1 0.242
0 0 0 1
6.12323e-17 -1 -1.22465e-16 0.3
-1 -6.12323e-17 -7.4988e-33 -0.5
0 1.22465e-16 -1 0.24
0 0 0 1
6.12323e-17 -1 0 0.3
-1 -6.12323e-17 1.22465e-16 -0.5
-1.22465e-16 -7.4988e-33 -1 0.238
0 0 0 1
6.12323e-17 -1 -1.22465e-16 0.3
-1 -6.12323e-17 -7.4988e-33 -0.5
0 1.22465e-16 -1 0.236
0 0 0 1
6.12323e-17 -1 0 0.3
-1 -6.12323e-17 1.22465e-16 -0.5
-1.22465e-16 -7.4988e-33 -1 0.234
0 0 0 1
6.12323e-17 -1 -1.22465e-16 0.3
-1 -6.12323e-17 -7.4988e-33 -0.5
0 1.22465e-16 -1 0.232
0 0 0 1
6.12323e-17 -1 0 0.3
-1 -6.12323e-17 1.22465e-16 -0.5
-1.22465e-16 -7.4988e-33 -1 0.23
0 0 0 1
6.12323e-17 -1 -1.22465e-16 0.3
-1 -6.12323e-17 -7.4988e-33 -0.5
0 1.22465e-16 -1 0.227999
0 0 0 1
6.12323e-17 -1 0 0.3
-1 -6.12323e-17 1.22465e-16 -0.5
-1.22465e-16 -7.4988e-33 -1 0.225999
0 0 0 1
6.12323e-17 -1 -1.22465e-16 0.3
-1 -6.12323e-17 -7.4988e-33 -0.5
0 1.22465e-16 -1 0.223999
0 0 0 1
6.12323e-17 -1 0 0.3
-1 -6.12323e-17 1.22465e-16 -0.5
-1.22465e-16 -7.4988e-33 -1 0.221999
0 0 0 1
6.12323e-17 -1 -1.22465e-16 0.3
-1 -6.12323e-17 -7.4988e-33 -0.5
0 1.22465e-16 -1 0.219999
0 0 0 1
6.12323e-17 -1 0 0.3
-1 -6.12323e-17 1.22465e-16 -0.5
-1.22465e-16 -7.4988e-33 -1 0.217999
0 0 0 1
6.12323e-17 -1 -1.22465e-16 0.3
-1 -6.12323e-17 -7.4988e-33 -0.5
0 1.22465e-16 -1 0.215999
0 0 0 1
6.12323e-17 -1 0 0.3
-1 -6.12323e-17 1.22465e-16 -0.5
-1.22465e-16 -7.4988e-33 -1 0.213999
0 0 0 1
6.12323e-17 -1 -1.22465e-16 0.3
-1 -6.12323e-17 -7.4988e-33 -0.5
0 1.22465e-16 -1 0.211999
0 0 0 1
6.12323e-17 -1 0 0.3
-1 -6.12323e-17 1.22465e-16 -0.5
-1.22465e-16 -7.4988e-33 -1 0.209999
0 0 0 1
6.12323e-17 -1 -1.22465e-16 0.3
-1 -6.12323e-17 -7.4988e-33 -0.5
0 1.22465e-16 -1 0.207999
0 0 0 1
6.12323e-17 -1 0 0.3
-1 -6.12323e-17 1.22465e-16 -0.5
-1.22465e-16 -7.4988e-33 -1 0.205999
0 0 0 1
6.12323e-17 -1 -1.22465e-16 0.3
-1 -6.12323e-17 -7.4988e-33 -0.5
0 1.22465e-16 -1 0.203999
0 0 0 1
6.12323e-17 -1 0 0.3
-1 -6.12323e-17 1.22465e-16 -0.5
-1.22465e-16 -7.4988e-33 -1 0.201999
0 0 0 1
6.12323e-17 -1 -1.22465e-16 0.3
-1 -6.12323e-17 -7.4988e-33 -0.5
0 1.22465e-16 -1 0.199999
0 0 0 1
6.12323e-17 -1 0 0.3
-1 -6.12323e-17 1.22465e-16 -0.5
-1.22465e-16 -7.4988e-33 -1 0.197999
0 0 0 1
6.12323e-17 -1 -1.22465e-16 0.3
-1 -6.12323e-17 -7.4988e-33 -0.5
0 1.22465e-16 -1 0.195999
0 0 0 1
6.12323e-17 -1 0 0.3
-1 -6.12323e-17 1.22465e-16 -0.5
-1.22465e-16 -7.4988e-33 -1 0.193999
0 0 0 1
6.12323e-17 -1 -1.22465e-16 0.3
-1 -6.12323e-17 -7.4988e-33 -0.5
0 1.22465e-16 -1 0.191999
0 0 0 1
6.12323e-17 -1 0 0.3
-1 -6.12323e-17 1.22465e-16 -0.5
-1.22465e-16 -7.4988e-33 -1 0.189999
0 0 0 1
6.12323e-17 -1 -1.22465e-16 0.3
-1 -6.12323e-17 -7.4988e-33 -0.5
0 1.22465e-16 -1 0.187999
0 0 0 1
6.12323e-17 -1 0 0.3
-1 -6.12323e-17 1.22465e-16 -0.5
-1.22465e-16 -7.4988e-33 -1 0.185999
0 0 0 1
6.12323e-17 -1 -1.22465e-16 0.3
-1 -6.12323e-17 -7.4988e-33 -0.5
0 1.22465e-16 -1 0.183998
0 0 0 1
6.12323e-17 -1 0 0.3
-1 -6.12323e-17 1.22465e-16 -0.5
-1.22465e-16 -7.4988e-33 -1 0.181998
0 0 0 1
6.12323e-17 -1 -1.22465e-16 0.3
-1 -6.12323e-17 -7.4988e-33 -0.5
0 1.22465e-16 -1 0.179998
0 0 0 1
6.12323e-17 -1 0 0.3
-1 -6.12323e-17 1.22465e-16 -0.5
-1.22465e-16 -7.4988e-33 -1 0.177998
0 0 0 1
6.12323e-17 -1 -1.22465e-16 0.3
-1 -6.12323e-17 -7.4988e-33 -0.5
0 1.22465e-16 -1 0.175998
0 0 0 1
6.12323e-17 -1 0 0.3
-1 -6.12323e-17 1.22465e-16 -0.5
-1.22465e-16 -7.4988e-33 -1 0.173998
0 0 0 1
6.12323e-17 -1 -1.22465e-16 0.3
-1 -6.12323e-17 -7.4988e-33 -0.5
0 1.22465e-16 -1 0.171998
0 0 0 1
6.12323e-17 -1 0 0.3
-1 -6.12323e-17 1.22465e-16 -0.5
-1.22465e-16 -7.4988e-33 -1 0.169998
0 0 0 1
6.12323e-17 -1 -1.22465e-16 0.3
-1 -6.12323e-17 -7.4988e-33 -0.5
0 1.22465e-16 -1 0.167998
0 0 0 1
6.12323e-17 -1 0 0.3
-1 -6.12323e-17 1.22465e-16 -0.5
-1.22465e-16 -7.4988e-33 -1 0.165998
0 0 0 1
6.12323e-17 -1 -1.22465e-16 0.3
-1 -6.12323e-17 -7.4988e-33 -0.5
0 1.22465e-16 -1 0.163998
0 0 0 1
6.12323e-17 -1 0 0.3
-1 -6.12323e-17 1.22465e-16 -0.5
-1.22465e-16 -7.4988e-33 -1 0.161998
0 0 0 1
6.12323e-17 -1 -1.22465e-16 0.3
-1 -6.12323e-17 -7.4988e-33 -0.5
0 1.22465e-16 -1 0.159998
0 0 0 1
6.12323e-17 -1 0 0.3
-1 -6.12323e-17 1.22465e-16 -0.5
-1.22465e-16 -7.4988e-33 -1 0.157998
0 0 0 1
6.12323e-17 -1 -1.22465e-16 0.3
-1 -6.12323e-17 -7.4988e-33 -0.5
0 1.22465e-16 -1 0.155998
0 0 0 1
6.12323e-17 -1 0 0.3
-1 -6.12323e-17 1.22465e-16 -0.5
-1.22465e-16 -7.4988e-33 -1 0.153998
0 0 0 1
6.12323e-17 -1 -1.22465e-16 0.3
-1 -6.12323e-17 -7.4988e-33 -0.5
0 1.22465e-16 -1 0.151998
0 0 0 1
6.12323e-17 -1 0 0.3
-1 -6.12323e-17 1.22465e-16 -0.5
-1.22465e-16 -7.4988e-33 -1 0.149998
0 0 0 1
6.12323e-17 -1 -1.22465e-16 0.3
-1 -6.12323e-17 -7.4988e-33 -0.5
0 1.22465e-16 -1 0.147998
0 0 0 1
6.12323e-17 -1 0 0.3
-1 -6.12323e-17 1.22465e-16 -0.5
-1.22465e-16 -7.4988e-33 -1 0.145998
0 0 0 1
6.12323e-17 -1 -1.22465e-16 0.3
-1 -6.12323e-17 -7.4988e-33 -0.5
0 1.22465e-16 -1 0.143998
0 0 0 1
6.12323e-17 -1 0 0.3
-1 -6.12323e-17 1.22465e-16 -0.5
-1.22465e-16 -7.4988e-33 -1 0.141998
0 0 0 1
6.12323e-17 -1 -1.22465e-16 0.3
-1 -6.12323e-17 -7.4988e-33 -0.5
0 1.22465e-16 -1 0.139997
0 0 0 1
6.12323e-17 -1 0 0.3
-1 -6.12323e-17 1.22465e-16 -0.5
-1.22465e-16 -7.4988e-33 -1 0.137997
0 0 0 1
6.12323e-17 -1 -1.22465e-16 0.3
-1 -6.12323e-17 -7.4988e-33 -0.5
0 1.22465e-16 -1 0.135997
0 0 0 1
6.12323e-17 -1 0 0.3
-1 -6.12323e-17 1.22465e-16 -0.5
-1.22465e-16 -7.4988e-33 -1 0.133997
0 0 0 1
6.12323e-17 -1 -1.22465e-16 0.3
-1 -6.12323e-17 -7.4988e-33 -0.5
0 1.22465e-16 -1 0.131997
0 0 0 1
6.12323e-17 -1 0 0.3
-1 -6.12323e-17 1.22465e-16 -0.5
-1.22465e-16 -7.4988e-33 -1 0.129997
0 0 0 1
6.12323e-17 -1 -1.22465e-16 0.3
-1 -6.12323e-17 -7.4988e-33 -0.5
0 1.22465e-16 -1 0.127997
0 0 0 1
6.12323e-17 -1 0 0.3
-1 -6.12323e-17 1.22465e-16 -0.5
-1.22465e-16 -7.4988e-33 -1 0.125997
0 0 0 1
6.12323e-17 -1 -1.22465e-16 0.3
-1 -6.12323e-17 -7.4988e-33 -0.5
0 1.22465e-16 -1 0.123997
0 0 0 1
6.12323e-17 -1 0 0.3
-1 -6.12323e-17 1.22465e-16 -0.5
-1.22465e-16 -7.4988e-33 -1 0.121997
0 0 0 1
6.12323e-17 -1 -1.22465e-16 0.3
-1 -6.12323e-17 -7.4988e-33 -0.5
0 1.22465e-16 -1 0.119997
0 0 0 1
6.12323e-17 -1 0 0.3
-1 -6.12323e-17 1.22465e-16 -0.5
-1.22465e-16 -7.4988e-33 -1 0.117997
0 0 0 1
6.12323e-17 -1 -1.22465e-16 0.3
-1 -6.12323e-17 -7.4988e-33 -0.5
0 1.22465e-16 -1 0.115997
0 0 0 1
6.12323e-17 -1 0 0.3
-1 -6.12323e-17 1.22465e-16 -0.5
-1.22465e-16 -7.4988e-33 -1 0.113997
0 0 0 1
6.12323e-17 -1 -1.22465e-16 0.3
-1 -6.12323e-17 -7.4988e-33 -0.5
0 1.22465e-16 -1 0.111997
0 0 0 1
6.12323e-17 -1 0 0.3
-1 -6.12323e-17 1.22465e-16 -0.5
-1.22465e-16 -7.4988e-33 -1 0.109997
0 0 0 1
6.12323e-17 -1 -1.22465e-16 0.3
-1 -6.12323e-17 -7.4988e-33 -0.5
0 1.22465e-16 -1 0.107997
0 0 0 1
6.12323e-17 -1 0 0.3
-1 -6.12323e-17 1.22465e-16 -0.5
-1.22465e-16 -7.4988e-33 -1 0.105997
0 0 0 1
6.12323e-17 -1 -1.22465e-16 0.3
-1 -6.12323e-17 -7.4988e-33 -0.5
0 1.22465e-16 -1 0.103997
0 0 0 1
6.12323e-17 -1 0 0.3
-1 -6.12323e-17 1.22465e-16 -0.5
-1.22465e-16 -7.4988e-33 -1 0.101997
0 0 0 1
6.12323e-17 -1 -1.22465e-16 0.3
-1 -6.12323e-17 -7.4988e-33 -0.5
0 1.22465e-16 -1 0.0999966
0 0 0 1
6.12323e-17 -1 0 0.3
-1 -6.12323e-17 1.22465e-16 -0.5
-1.22465e-16 -7.4988e-33 -1 0.0979965
0 0 0 1
6.12323e-17 -1 -1.22465e-16 0.3
-1 -6.12323e-17 -7.4988e-33 -0.5
0 1.22465e-16 -1 0.0959965
0 0 0 1
6.12323e-17 -1 0 0.3
-1 -6.12323e-17 1.22465e-16 -0.5
-1.22465e-16 -7.4988e-33 -1 0.0939964
0 0 0 1
6.12323e-17 -1 -1.22465e-16 0.3
-1 -6.12323e-17 -7.4988e-33 -0.5
0 1.22465e-16 -1 0.0919964
0 0 0 1
6.12323e-17 -1 0 0.3
-1 -6.12323e-17 1.22465e-16 -0.5
-1.22465e-16 -7.4988e-33 -1 0.0899963
0 0 0 1
6.12323e-17 -1 -1.22465e-16 0.3
-1 -6.12323e-17 -7.4988e-33 -0.5
0 1.22465e-16 -1 0.0879963
0 0 0 1
6.12323e-17 -1 0 0.3
-1 -6.12323e-17 1.22465e-16 -0.5
-1.22465e-16 -7.4988e-33 -1 0.0859962
0 0 0 1
6.12323e-17 -1 -1.22465e-16 0.3
-1 -6.12323e-17 -7.4988e-33 -0.5
0 1.22465e-16 -1 0.0839962
0 0 0 1
6.12323e-17 -1 0 0.3
-1 -6.12323e-17 1.22465e-16 -0.5
-1.22465e-16 -7.4988e-33 -1 0.0819962
0 0 0 1
6.12323e-17 -1 -1.22465e-16 0.3
-1 -6.12323e-17 -7.4988e-33 -0.5
0 1.22465e-16 -1 0.0799961
0 0 0 1
6.12323e-17 -1 0 0.3
-1 -6.12323e-17 1.22465e-16 -0.5
-1.22465e-16 -7.4988e-33 -1 0.0779961
0 0 0 1
6.12323e-17 -1 -1.22465e-16 0.3
-1 -6.12323e-17 -7.4988e-33 -0.5
0 1.22465e-16 -1 0.075996
0 0 0 1
6.12323e-17 -1 0 0.3
-1 -6.12323e-17 1.22465e-16 -0.5
-1.22465e-16 -7.4988e-33 -1 0.073996
0 0 0 1
6.12323e-17 -1 -1.22465e-16 0.3
-1 -6.12323e-17 -7.4988e-33 -0.5
0 1.22465e-16 -1 0.0719959
0 0 0 1
6.12323e-17 -1 0 0.3
-1 -6.12323e-17 1.22465e-16 -0.5
-1.22465e-16 -7.4988e-33 -1 0.0699959
0 0 0 1
6.12323e-17 -1 -1.22465e-16 0.3
-1 -6.12323e-17 -7.4988e-33 -0.5
0 1.22465e-16 -1 0.0679958
0 0 0 1
6.12323e-17 -1 0 0.3
-1 -6.12323e-17 1.22465e-16 -0.5
-1.22465e-16 -7.4988e-33 -1 0.0659958
0 0 0 1
6.12323e-17 -1 -1.22465e-16 0.3
-1 -6.12323e-17 -7.4988e-33 -0.5
0 1.22465e-16 -1 0.0639957
0 0 0 1
6.12323e-17 -1 0 0.3
-1 -6.12323e-17 1.22465e-16 -0.5
-1.22465e-16 -7.4988e-33 -1 0.0619957
0 0 0 1
6.12323e-17 -1 -1.22465e-16 0.3
-1 -6.12323e-17 -7.4988e-33 -0.5
0 1.22465e-16 -1 0.0599957
0 0 0 1
6.12323e-17 -1 0 0.3
-1 -6.12323e-17 1.22465e-16 -0.5
-1.22465e-16 -7.4988e-33 -1 0.0579956
0 0 0 1
6.12323e-17 -1 -1.22465e-16 0.3
-1 -6.12323e-17 -7.4988e-33 -0.5
0 1.22465e-16 -1 0.0559956
0 0 0 1
6.12323e-17 -1 0 0.3
-1 -6.12323e-17 1.22465e-16 -0.5
-1.22465e-16 -7.4988e-33 -1 0.0539955
0 0 0 1
6.12323e-17 -1 -1.22465e-16 0.3
-1 -6.12323e-17 -7.4988e-33 -0.5
0 1.22465e-16 -1 0.0519955
0 0 0 1
6.12323e-17 -1 0 0.3
-1 -6.12323e-17 1.22465e-16 -0.5
-1.22465e-16 -7.4988e-33 -1 0.05
0 0 0 1
6.12323e-17 -1 -1.22465e-16 0.3
-1 -6.12323e-17 -7.4988e-33 -0.5
0 1.22465e-16 -1 0.052
0 0 0 1
6.12323e-17 -1 0 0.3
-1 -6.12323e-17 1.22465e-16 -0.5
-1.22465e-16 -7.4988e-33 -1 0.0540001
0 0 0 1
6.12323e-17 -1 -1.22465e-16 0.3
-1 -6.12323e-17 -7.4988e-33 -0.5
0 1.22465e-16 -1 0.0560001
0 0 0 1
6.12323e-17 -1 0 0.3
-1 -6.12323e-17 1.22465e-16 -0.5
-1.22465e-16 -7.4988e-33 -1 0.0580002
0 0 0 1
6.12323e-17 -1 -1.22465e-16 0.3
-1 -6.12323e-17 -7.4988e-33 -0.5
0 1.22465e-16 -1 0.0600002
0 0 0 1
6.12323e-17 -1 0 0.3
-1 -6.12323e-17 1.22465e-16 -0.5
-1.22465e-16 -7.4988e-33 -1 0.0620003
0 0 0 1
6.12323e-17 -1 -1.22465e-16 0.3
-1 -6.12323e-17 -7.4988e-33 -0.5
0 1.22465e-16 -1 0.0640003
0 0 0 1
6.12323e-17 -1 0 0.3
-1 -6.12323e-17 1.22465e-16 -0.5
-1.22465e-16 -7.4988e-33 -1 0.0660004
0 0 0 1
6.12323e-17 -1 -1.22465e-16 0.3
-1 -6.12323e-17 -7.4988e-33 -0.5
0 1.22465e-16 -1 0.0680004
0 0 0 1
6.12323e-17 -1 0 0.3
-1 -6.12323e-17 1.22465e-16 -0.5
-1.22465e-16 -7.4988e-33 -1 0.0700005
0 0 0 1
6.12323e-17 -1 -1.22465e-16 0.3
-1 -6.12323e-17 -7.4988e-33 -0.5
0 1.22465e-16 -1 0.0720005
0 0 0 1
6.12323e-17 -1 0 0.3
-1 -6.12323e-17 1.22465e-16 -0.5
-1.22465e-16 -7.4988e-33 -1 0.0740005
0 0 0 1
6.12323e-17 -1 -1.22465e-16 0.3
-1 -6.12323e-17 -7.4988e-33 -0.5
0 1.22465e-16 -1 0.0760006
0 0 0 1
6.12323e-17 -1 0 0.3
-1 -6.12323e-17 1.22465e-16 -0.5
-1.22465e-16 -7.4988e-33 -1 0.0780006
0 0 0 1
6.12323e-17 -1 -1.22465e-16 0.3
-1 -6.12323e-17 -7.4988e-33 -0.5
0 1.22465e-16 -1 0.0800007
0 0 0 1
6.12323e-17 -1 0 0.3
-1 -6.12323e-17 1.22465e-16 -0.5
-1.22465e-16 -7.4988e-33 -1 0.0820007
0 0 0 1
6.12323e-17 -1 -1.22465e-16 0.3
-1 -6.12323e-17 -7.4988e-33 -0.5
0 1.22465e-16 -1 0.0840008
0 0 0 1
6.12323e-17 -1 0 0.3
-1 -6.12323e-17 1.22465e-16 -0.5
-1.22465e-16 -7.4988e-33 -1 0.0860008
0 0 0 1
6.12323e-17 -1 -1.22465e-16 0.3
-1 -6.12323e-17 -7.4988e-33 -0.5
0 1.22465e-16 -1 0.0880009
0 0 0 1
6.12323e-17 -1 0 0.3
-1 -6.12323e-17 1.22465e-16 -0.5
-1.22465e-16 -7.4988e-33 -1 0.0900009
0 0 0 1
6.12323e-17 -1 -1.22465e-16 0.3
-1 -6.12323e-17 -7.4988e-33 -0.5
0 1.22465e-16 -1 0.092001
0 0 0 1
6.12323e-17 -1 0 0.3
-1 -6.12323e-17 1.22465e-16 -0.5
-1.22465e-16 -7.4988e-33 -1 0.094001
0 0 0 1
6.12323e-17 -1 -1.22465e-16 0.3
-1 -6.12323e-17 -7.4988e-33 -0.5
0 1.22465e-16 -1 0.0960011
0 0 0 1
6.12323e-17 -1 0 0.3
-1 -6.12323e-17 1.22465e-16 -0.5
-1.22465e-16 -7.4988e-33 -1 0.0980011
0 0 0 1
6.12323e-17 -1 -1.22465e-16 0.3
-1 -6.12323e-17 -7.4988e-33 -0.5
0 1.22465e-16 -1 0.100001
0 0 0 1
6.12323e-17 -1 0 0.3
-1 -6.12323e-17 1.22465e-16 -0.5
-1.22465e-16 -7.4988e-33 -1 0.102001
0 0 0 1
6.12323e-17 -1 -1.22465e-16 0.3
-1 -6.12323e-17 -7.4988e-33 -0.5
0 1.22465e-16 -1 0.104001
0 0 0 1
6.12323e-17 -1 0 0.3
-1 -6.12323e-17 1.22465e-16 -0.5
-1.22465e-16 -7.4988e-33 -1 0.106001
0 0 0 1
6.12323e-17 -1 -1.22465e-16 0.3
-1 -6.12323e-17 -7.4988e-33 -0.5
0 1.22465e-16 -1 0.108001
0 0 0 1
6.12323e-17 -1 0 0.3
-1 -6.12323e-17 1.22465e-16 -0.5
-1.22465e-16 -7.4988e-33 -1 0.110001
0 0 0 1
6.12323e-17 -1 -1.22465e-16 0.3
-1 -6.12323e-17 -7.4988e-33 -0.5
0 1.22465e-16 -1 0.112001
0 0 0 1
6.12323e-17 -1 0 0.3
-1 -6.12323e-17 1.22465e-16 -0.5
-1.22465e-16 -7.4988e-33 -1 0.114001
0 0 0 1
6.12323e-17 -1 -1.22465e-16 0.3
-1 -6.12323e-17 -7.4988e-33 -0.5
0 1.22465e-16 -1 0.116002
0 0 0 1
6.12323e-17 -1 0 0.3
-1 -6.12323e-17 1.22465e-16 -0.5
-1.22465e-16 -7.4988e-33 -1 0.118002
0 0 0 1
6.12323e-17 -1 -1.22465e-16 0.3
-1 -6.12323e-17 -7.4988e-33 -0.5
0 1.22465e-16 -1 0.120002
0 0 0 1
6.12323e-17 -1 0 0.3
-1 -6.12323e-17 1.22465e-16 -0.5
-1.22465e-16 -7.4988e-33 -1 0.122002
0 0 0 1
6.12323e-17 -1 -1.22465e-16 0.3
-1 -6.12323e-17 -7.4988e-33 -0.5
0 1.22465e-16 -1 0.124002
0 0 0 1
6.12323e-17 -1 0 0.3
-1 -6.12323e-17 1.22465e-16 -0.5
-1.22465e-16 -7.4988e-33 -1 0.126002
0 0 0 1
6.12323e-17 -1 -1.22465e-16 0.3
-1 -6.12323e-17 -7.4988e-33 -0.5
0 1.22465e-16 -1 0.128002
0 0 0 1
6.12323e-17 -1 0 0.3
-1 -6.12323e-17 1.22465e-16 -0.5
-1.22465e-16 -7.4988e-33 -1 0.130002
0 0 0 1
6.12323e-17 -1 -1.22465e-16 0.3
-1 -6.12323e-17 -7.4988e-33 -0.5
0 1.22465e-16 -1 0.132002
0 0 0 1
6.12323e-17 -1 0 0.3
-1 -6.12323e-17 1.22465e-16 -0.5
-1.22465e-16 -7.4988e-33 -1 0.134002
0 0 0 1
6.12323e-17 -1 -1.22465e-16 0.3
-1 -6.12323e-17 -7.4988e-33 -0.5
0 1.22465e-16 -1 0.136002
0 0 0 1
6.12323e-17 -1 0 0.3
-1 -6.12323e-17 1.22465e-16 -0.5
-1.22465e-16 -7.4988e-33 -1 0.138002
0 0 0 1
6.12323e-17 -1 -1.22465e-16 0.3
-1 -6.12323e-17 -7.4988e-33 -0.5
0 1.22465e-16 -1 0.140002
0 0 0 1
6.12323e-17 -1 0 0.3
-1 -6.12323e-17 1.22465e-16 -0.5
-1.22465e-16 -7.4988e-33 -1 0.142002
0 0 0 1
6.12323e-17 -1 -1.22465e-16 0.3
-1 -6.12323e-17 -7.4988e-33 -0.5
0 1.22465e-16 -1 0.144002
0 0 0 1
6.12323e-17 -1 0 0.3
-1 -6.12323e-17 1.22465e-16 -0.5
-1.22465e-16 -7.4988e-33 -1 0.146002
0 0 0 1
6.12323e-17 -1 -1.22465e-16 0.3
-1 -6.12323e-17 -7.4988e-33 -0.5
0 1.22465e-16 -1 0.148002
0 0 0 1
6.12323e-17 -1 0 0.3
-1 -6.12323e-17 1.22465e-16 -0.5
-1.22465e-16 -7.4988e-33 -1 0.150002
0 0 0 1
6.12323e-17 -1 -1.22465e-16 0.3
-1 -6.12323e-17 -7.4988e-33 -0.5
0 1.22465e-16 -1 0.152002
0 0 0 1
6.12323e-17 -1 0 0.3
-1 -6.12323e-17 1.22465e-16 -0.5
-1.22465e-16 -7.4988e-33 -1 0.154002
0 0 0 1
6.12323e-17 -1 -1.22465e-16 0.3
-1 -6.12323e-17 -7.4988e-33 -0.5
0 1.22465e-16 -1 0.156002
0 0 0 1
6.12323e-17 -1 0 0.3
-1 -6.12323e-17 1.22465e-16 -0.5
-1.22465e-16 -7.4988e-33 -1 0.158002
0 0 0 1
6.12323e-17 -1 -1.22465e-16 0.3
-1 -6.12323e-17 -7.4988e-33 -0.5
0 1.22465e-16 -1 0.160003
0 0 0 1
6.12323e-17 -1 0 0.3
-1 -6.12323e-17 1.22465e-16 -0.5
-1.22465e-16 -7.4988e-33 -1 0.162003
0 0 0 1
6.12323e-17 -1 -1.22465e-16 0.3
-1 -6.12323e-17 -7.4988e-33 -0.5
0 1.22465e-16 -1 0.164003
0 0 0 1
6.12323e-17 -1 0 0.3
-1 -6.12323e-17 1.22465e-16 -0.5
-1.22465e-16 -7.4988e-33 -1 0.166003
0 0 0 1
6.12323e-17 -1 -1.22465e-16 0.3
-1 -6.12323e-17 -7.4988e-33 -0.5
0 1.22465e-16 -1 0.168003
0 0 0 1
6.12323e-17 -1 0 0.3
-1 -6.12323e-17 1.22465e-16 -0.5
-1.22465e-16 -7.4988e-33 -1 0.170003
0 0 0 1
6.12323e-17 -1 -1.22465e-16 0.3
-1 -6.12323e-17 -7.4988e-33 -0.5
0 1.22465e-16 -1 0.172003
0 0 0 1
6.12323e-17 -1 0 0.3
-1 -6.12323e-17 1.22465e-16 -0.5
-1.22465e-16 -7.4988e-33 -1 0.174003
0 0 0 1
6.12323e-17 -1 -1.22465e-16 0.3
-1 -6.12323e-17 -7.4988e-33 -0.5
0 1.22465e-16 -1 0.176003
0 0 0 1
6.12323e-17 -1 0 0.3
-1 -6.12323e-17 1.22465e-16 -0.5
-1.22465e-16 -7.4988e-33 -1 0.178003
0 0 0 1
6.12323e-17 -1 -1.22465e-16 0.3
-1 -6.12323e-17 -7.4988e-33 -0.5
0 1.22465e-16 -1 0.180003
0 0 0 1
6.12323e-17 -1 0 0.3
-1 -6.12323e-17 1.22465e-16 -0.5
-1.22465e-16 -7.4988e-33 -1 0.182003
0 0 0 1
6.12323e-17 -1 -1.22465e-16 0.3
-1 -6.12323e-17 -7.4988e-33 -0.5
0 1.22465e-16 -1 0.184003
0 0 0 1
6.12323e-17 -1 0 0.3
-1 -6.12323e-17 1.22465e-16 -0.5
-1.22465e-16 -7.4988e-33 -1 0.186003
0 0 0 1
6.12323e-17 -1 -1.22465e-16 0.3
-1 -6.12323e-17 -7.4988e-33 -0.5
0 1.22465e-16 -1 0.188003
0 0 0 1
6.12323e-17 -1 0 0.3
-1 -6.12323e-17 1.22465e-16 -0.5
-1.22465e-16 -7.4988e-33 -1 0.190003
0 0 0 1
6.12323e-17 -1 -1.22465e-16 0.3
-1 -6.12323e-17 -7.4988e-33 -0.5
0 1.22465e-16 -1 0.192003
0 0 0 1
6.12323e-17 -1 0 0.3
-1 -6.12323e-17 1.22465e-16 -0.5
-1.22465e-16 -7.4988e-33 -1 0.194003
0 0 0 1
6.12323e-17 -1 -1.22465e-16 0.3
-1 -6.12323e-17 -7.4988e-33 -0.5
0 1.22465e-16 -1 0.196003
0 0 0 1
6.12323e-17 -1 0 0.3
-1 -6.12323e-17 1.22465e-16 -0.5
-1.22465e-16 -7.4988e-33 -1 0.198003
0 0 0 1
6.12323e-17 -1 -1.22465e-16 0.3
-1 -6.12323e-17 -7.4988e-33 -0.5
0 1.22465e-16 -1 0.200003
0 0 0 1
6.12323e-17 -1 0 0.3
-1 -6.12323e-17 1.22465e-16 -0.5
-1.22465e-16 -7.4988e-33 -1 0.202003
0 0 0 1
6.12323e-17 -1 -1.22465e-16 0.3
-1 -6.12323e-17 -7.4988e-33 -0.5
0 1.22465e-16 -1 0.204004
0 0 0 1
6.12323e-17 -1 0 0.3
-1 -6.12323e-17 1.22465e-16 -0.5
-1.22465e-16 -7.4988e-33 -1 0.206004
0 0 0 1
6.12323e-17 -1 -1.22465e-16 0.3
-1 -6.12323e-17 -7.4988e-33 -0.5
0 1.22465e-16 -1 0.208004
0 0 0 1
6.12323e-17 -1 0 0.3
-1 -6.12323e-17 1.22465e-16 -0.5
-1.22465e-16 -7.4988e-33 -1 0.210004
0 0 0 1
6.12323e-17 -1 -1.22465e-16 0.3
-1 -6.12323e-17 -7.4988e-33 -0.5
0 1.22465e-16 -1 0.212004
0 0 0 1
6.12323e-17 -1 0 0.3
-1 -6.12323e-17 1.22465e-16 -0.5
-1.22465e-16 -7.4988e-33 -1 0.214004
0 0 0 1
6.12323e-17 -1 -1.22465e-16 0.3
-1 -6.12323e-17 -7.4988e-33 -0.5
0 1.22465e-16 -1 0.216004
0 0 0 1
6.12323e-17 -1 0 0.3
-1 -6.12323e-17 1.22465e-16 -0.5
-1.22465e-16 -7.4988e-33 -1 0.218004
0 0 0 1
6.12323e-17 -1 -1.22465e-16 0.3
-1 -6.12323e-17 -7.4988e-33 -0.5
0 1.22465e-16 -1 0.220004
0 0 0 1
6.12323e-17 -1 0 0.3
-1 -6.12323e-17 1.22465e-16 -0.5
-1.22465e-16 -7.4988e-33 -1 0.222004
0 0 0 1
6.12323e-17 -1 -1.22465e-16 0.3
-1 -6.12323e-17 -7.4988e-33 -0.5
0 1.22465e-16 -1 0.224004
0 0 0 1
6.12323e-17 -1 0 0.3
-1 -6.12323e-17 1.22465e-16 -0.5
-1.22465e-16 -7.4988e-33 -1 0.226004
0 0 0 1
6.12323e-17 -1 -1.22465e-16 0.3
-1 -6.12323e-17 -7.4988e-33 -0.5
0 1.22465e-16 -1 0.228004
0 0 0 1
6.12323e-17 -1 0 0.3
-1 -6.12323e-17 1.22465e-16 -0.5
-1.22465e-16 -7.4988e-33 -1 0.230004
0 0 0 1
6.12323e-17 -1 -1.22465e-16 0.3
-1 -6.12323e-17 -7.4988e-33 -0.5
0 1.22465e-16 -1 0.232004
0 0 0 1
6.12323e-17 -1 0 0.3
-1 -6.12323e-17 1.22465e-16 -0.5
-1.22465e-16 -7.4988e-33 -1 0.234004
0 0 0 1
6.12323e-17 -1 -1.22465e-16 0.3
-1 -6.12323e-17 -7.4988e-33 -0.5
0 1.22465e-16 -1 0.236004
0 0 0 1
6.12323e-17 -1 0 0.3
-1 -6.12323e-17 1.22465e-16 -0.5
-1.22465e-16 -7.4988e-33 -1 0.238004
0 0 0 1
6.12323e-17 -1 -1.22465e-16 0.3
-1 -6.12323e-17 -7.4988e-33 -0.5
0 1.22465e-16 -1 0.240004
0 0 0 1
6.12323e-17 -1 0 0.3
-1 -6.12323e-17 1.22465e-16 -0.5
-1.22465e-16 -7.4988e-33 -1 0.242004
0 0 0 1
6.12323e-17 -1 -1.22465e-16 0.3
-1 -6.12323e-17 -7.4988e-33 -0.5
0 1.22465e-16 -1 0.244004
0 0 0 1
6.12323e-17 -1 0 0.3
-1 -6.12323e-17 1.22465e-16 -0.5
-1.22465e-16 -7.4988e-33 -1 0.246004
0 0 0 1
6.12323e-17 -1 -1.22465e-16 0.3
-1 -6.12323e-17 -7.4988e-33 -0.5
0 1.22465e-16 -1 0.248005
0 0 0 1
1.24338e-07 -0.999999 0.00122208 0.3
-1 -1.24491e-07 -1.24338e-07 -0.5
1.24491e-07 -0.00122208 -0.999999 0.25
0 0 0 1
0.0157096 -0.999876 -0.00121878 0.298089
-0.999877 -0.0157096 -1.26506e-05 -0.490145
-6.49752e-06 0.00121883 -0.999999 0.25082
0 0 0 1
0.0314157 -0.999506 0.00120879 0.296178
-0.999506 -0.0314157 3.16679e-05 -0.48029
6.32261e-06 -0.00120918 -0.999999 0.25164
0 0 0 1
0.0471135 -0.998889 -0.00121158 0.294266
-0.99889 -0.0471135 -3.80375e-05 -0.470435
-1.90868e-05 0.00121203 -0.999999 0.25246
0 0 0 1
0.0628002 -0.998025 0.0011945 0.292355
-0.998026 -0.0628002 6.30267e-05 -0.46058
1.21126e-05 -0.0011961 -0.999999 0.253279
0 0 0 1
0.0784709 -0.996916 -0.00120359 0.290444
-0.996916 -0.0784709 -6.31857e-05 -0.450724
-3.14562e-05 0.00120484 -0.999999 0.254099
0 0 0 1
0.0941227 -0.99556 0.00117924 0.288533
-0.995561 -0.0941227 9.39213e-05 -0.440869
1.74886e-05 -0.00118284 -0.999999 0.254919
0 0 0 1
0.109751 -0.993958 -0.00119482 0.286622
-0.993959 -0.109751 -8.80705e-05 -0.431014
-4.35937e-05 0.00119726 -0.999999 0.255739
0 0 0 1
0.125352 -0.992112 0.00116301 0.28471
-0.992112 -0.125352 0.000124321 -0.421159
2.24454e-05 -0.00116942 -0.999999 0.256559
0 0 0 1
0.140922 -0.99002 -0.00118526 0.282799
-0.990021 -0.140922 -0.000112667 -0.411304
-5.54871e-05 0.00118931 -0.999999 0.257379
0 0 0 1
0.156458 -0.987684 0.00114584 0.280888
-0.987685 -0.156458 0.000154196 -0.401449
2.69782e-05 -0.00115585 -0.999999 0.258199
0 0 0 1
0.171955 -0.985104 -0.00117494 0.278977
-0.985105 -0.171955 -0.000136952 -0.391594
-6.71249e-05 0.00118099 -0.999999 0.259018
0 0 0 1
0.18741 -0.982281 0.00112773 0.277066
-0.982282 -0.18741 0.000183517 -0.381739
3.10824e-05 -0.00114214 -0.999999 0.259838
0 0 0 1
0.202818 -0.979216 -0.00116386 0.275154
-0.979217 -0.202818 -0.0001609 -0.371884
-7.84954e-05 0.0011723 -0.999999 0.260658
0 0 0 1
0.218176 -0.975909 0.00110871 0.273243
-0.975909 -0.218176 0.000212254 -0.362028
3.47539e-05 -0.00112831 -0.999999 0.261478
0 0 0 1
0.23348 -0.972361 -0.00115203 0.271332
-0.972362 -0.23348 -0.000184488 -0.352173
-8.95874e-05 0.00116327 -0.999999 0.262298
0 0 0 1
0.248727 -0.968573 0.0010888 0.269421
-0.968574 -0.248727 0.00024038 -0.342318
3.79892e-05 -0.00111438 -0.999999 0.263118
0 0 0 1
0.263912 -0.964546 -0.00113947 0.26751
-0.964547 -0.263912 -0.000207693 -0.332463
-0.00010039 0.00115388 -0.999999 0.263937
0 0 0 1
0.279033 -0.960281 0.00106802 0.265598
-0.960282 -0.279033 0.000267867 -0.322608
4.07851e-05 -0.00110034 -0.999999 0.264757
0 0 0 1
0.294084 -0.955779 -0.00112618 0.263687
-0.95578 -0.294084 -0.000230492 -0.312753
-0.000110893 0.00114417 -0.999999 0.265577
0 0 0 1
0.309063 -0.951041 0.00104638 0.261776
-0.951042 -0.309063 0.000294687 -0.302898
4.31387e-05 -0.00108623 -0.999999 0.266397
0 0 0 1
0.323965 -0.946068 -0.00111219 0.259865
-0.946069 -0.323965 -0.000252862 -0.293043
-0.000121085 0.00113413 -0.999999 0.267217
0 0 0 1
0.338788 -0.940862 0.00102392 0.257954
-0.940863 -0.338787 0.000320814 -0.283188
4.50478e-05 -0.00107205 -0.999999 0.268037
0 0 0 1
0.353526 -0.935424 -0.0010975 0.256042
-0.935425 -0.353526 -0.000274782 -0.273332
-0.000130956 0.00112377 -0.999999 0.268857
0 0 0 1
0.368178 -0.929755 0.00100064 0.254131
-0.929755 -0.368178 0.000346222 -0.263477
4.65106e-05 -0.00105782 -0.999999 0.269676
0 0 0 1
0.382739 -0.923856 -0.00108213 0.25222
-0.923857 -0.382739 -0.000296229 -0.253622
-0.000140498 0.00111311 -0.999999 0.270496
0 0 0 1
0.397205 -0.917729 0.000976572 0.250309
-0.91773 -0.397205 0.000370887 -0.243767
4.75254e-05 -0.00104355 -0.999999 0.271316
0 0 0 1
0.411573 -0.911376 -0.00106609 0.248398
-0.911377 -0.411573 -0.000317183 -0.233912
-0.0001497 0.00110215 -0.999999 0.272136
0 0 0 1
0.42584 -0.904798 0.000951744 0.246486
-0.904798 -0.42584 0.000394783 -0.224057
4.80914e-05 -0.00102925 -0.999999 0.272956
0 0 0 1
0.440001 -0.897996 -0.0010494 0.244575
-0.897997 -0.440001 -0.000337623 -0.214202
-0.000158553 0.00109091 -0.999999 0.273776
0 0 0 1
0.454055 -0.890973 0.000926177 0.242664
-0.890974 -0.454054 0.000417888 -0.204347
4.8208e-05 -0.00101494 -0.999999 0.274596
0 0 0 1
0.467995 -0.88373 -0.00103208 0.240753
-0.883731 -0.467995 -0.000357528 -0.194492
-0.000167048 0.0010794 -0.999999 0.275415
0 0 0 1
0.481821 -0.876269 0.000899897 0.238842
-0.87627 -0.481821 0.000440178 -0.184636
4.78751e-05 -0.00100064 -0.999999 0.276235
0 0 0 1
0.495527 -0.868592 -0.00101414 0.23693
-0.868592 -0.495527 -0.000376879 -0.174781
-0.000175178 0.00106762 -0.999999 0.277055
0 0 0 1
0.509112 -0.8607 0.00087293 0.235019
-0.860701 -0.509111 0.000461631 -0.164926
4.70929e-05 -0.000986353 -1 0.277875
0 0 0 1
0.52257 -0.852596 -0.000995597 0.233108
-0.852596 -0.52257 -0.000395657 -0.155071
-0.000182934 0.0010556 -0.999999 0.278695
0 0 0 1
0.5359 -0.844281 0.000845302 0.231197
-0.844282 -0.535899 0.000482226 -0.145216
4.58624e-05 -0.000972098 -1 0.279515
0 0 0 1
0.549097 -0.835758 -0.000976478 0.229286
-0.835759 -0.549097 -0.000413843 -0.135361
-0.000190308 0.00104334 -0.999999 0.280335
0 0 0 1
0.562159 -0.827029 0.000817041 0.227374
-0.827029 -0.562159 0.000501944 -0.125506
4.41846e-05 -0.000957889 -1 0.281154
0 0 0 1
0.575082 -0.818096 -0.000956797 0.225463
-0.818096 -0.575081 -0.00043142 -0.115651
-0.000197293 0.00103085 -0.999999 0.281974
0 0 0 1
0.587863 -0.80896 0.000788175 0.223552
-0.808961 -0.587863 0.000520764 -0.105796
4.20612e-05 -0.00094374 -1 0.282794
0 0 0 1
0.600499 -0.799625 -0.000936573 0.221641
-0.799626 -0.600499 -0.00044837 -0.0959404
-0.000203883 0.00101815 -0.999999 0.283614
0 0 0 1
0.612987 -0.790093 0.000758731 0.21973
-0.790093 -0.612986 0.000538667 -0.0860853
3.94944e-05 -0.000929664 -1 0.284434
0 0 0 1
0.625323 -0.780366 -0.000915827 0.217818
-0.780366 -0.625323 -0.000464676 -0.0762302
-0.00021007 0.00100525 -0.999999 0.285254
0 0 0 1
0.637505 -0.770446 0.000728739 0.215907
-0.770446 -0.637505 0.000555637 -0.0663751
3.64867e-05 -0.000915676 -1 0.286073
0 0 0 1
0.64953 -0.760336 -0.000894579 0.213996
-0.760336 -0.64953 -0.000480322 -0.05652
-0.00021585 0.000992164 -0.999999 0.286893
0 0 0 1
0.661395 -0.750038 0.00069823 0.212085
-0.750038 -0.661394 0.000571657 -0.0466649
3.3041e-05 -0.000901789 -1 0.287713
0 0 0 1
0.673096 -0.739555 -0.000872849 0.210174
-0.739555 -0.673096 -0.000495293 -0.0368098
-0.000221215 0.0009789 -0.999999 0.288533
0 0 0 1
0.684631 -0.72889 0.000667231 0.208262
-0.72889 -0.684631 0.000586709 -0.0269546
2.91608e-05 -0.000888018 -1 0.289353
0 0 0 1
0.695997 -0.718044 -0.00085066 0.206351
-0.718045 -0.695997 -0.000509574 -0.0170995
-0.00022616 0.000965474 -1 0.290173
0 0 0 1
0.707192 -0.707022 0.000635776 0.20444
-0.707022 -0.707191 0.000600781 -0.00724442
2.48498e-05 -0.000874375 -1 0.290993
0 0 0 1
0.718211 -0.695825 -0.000828034 0.202529
-0.695825 -0.718211 -0.000523151 0.00261069
-0.000230682 0.0009519 -1 0.291812
0 0 0 1
0.729054 -0.684456 0.000603894 0.200618
-0.684456 -0.729054 0.000613858 0.0124658
2.01124e-05 -0.000860874 -1 0.292632
0 0 0 1
0.739716 -0.672918 -0.000804992 0.198706
-0.672919 -0.739716 -0.00053601 0.0223209
-0.000234775 0.00093819 -1 0.293452
0 0 0 1
0.750197 -0.661214 0.000571616 0.196795
-0.661215 -0.750196 0.000625926 0.032176
1.49531e-05 -0.000847529 -1 0.294272
0 0 0 1
0.760491 -0.649347 -0.000781558 0.194884
-0.649348 -0.760491 -0.000548139 0.0420311
-0.000238435 0.000924358 -1 0.295092
0 0 0 1
0.770599 -0.63732 0.000538976 0.192973
-0.637321 -0.770599 0.000636975 0.0518862
9.37717e-06 -0.000834352 -1 0.295912
0 0 0 1
0.780516 -0.625136 -0.000757754 0.191062
-0.625136 -0.780516 -0.000559526 0.0617414
-0.000241659 0.000910418 -1 0.296732
0 0 0 1
0.79024 -0.612797 0.000506004 0.18915
-0.612797 -0.79024 0.000646992 0.0715965
3.39003e-06 -0.000821357 -1 0.297551
0 0 0 1
0.799769 -0.600307 -0.000733604 0.187239
-0.600307 -0.799769 -0.00057016 0.0814516
-0.000244443 0.000896384 -1 0.298371
0 0 0 1
0.809102 -0.587669 0.000472735 0.185328
-0.587669 -0.809101 0.000655969 0.0913067
-3.0024e-06 -0.000808557 -1 0.299191
0 0 0 1
0.818234 -0.574885 -0.000709131 0.183417
-0.574886 -0.818233 -0.000580029 0.101162
-0.000246785 0.000882269 -1 0.300011
0 0 0 1
0.827164 -0.56196 0.000439199 0.181506
-0.56196 -0.827164 0.000663896 0.111017
-9.7938e-06 -0.000795964 -1 0.300831
0 0 0 1
0.83589 -0.548896 -0.000684361 0.179594
-0.548897 -0.83589 -0.000589125 0.120872
-0.000248682 0.000868088 -1 0.301651
0 0 0 1
0.84441 -0.535697 0.000405431 0.177683
-0.535697 -0.84441 0.000670766 0.130727
-1.69775e-05 -0.00078359 -1 0.302471
0 0 0 1
0.852721 -0.522365 -0.000659318 0.175772
-0.522366 -0.852721 -0.000597438 0.140582
-0.000250133 0.000853853 -1 0.30329
0 0 0 1
0.860823 -0.508905 0.000371464 0.173861
-0.508905 -0.860822 0.000676572 0.150437
-2.45463e-05 -0.000771448 -1 0.30411
0 0 0 1
0.868711 -0.495319 -0.000634025 0.17195
-0.495319 -0.868711 -0.000604961 0.160292
-0.000251136 0.000839581 -1 0.30493
0 0 0 1
0.876385 -0.481611 0.000337331 0.170038
-0.481611 -0.876385 0.000681307 0.170148
-3.24929e-05 -0.00075955 -1 0.30575
0 0 0 1
0.883843 -0.467783 -0.000608509 0.168127
-0.467784 -0.883843 -0.000611685 0.180003
-0.00025169 0.000825284 -1 0.30657
0 0 0 1
0.891083 -0.453841 0.000303067 0.166216
-0.453841 -0.891082 0.000684968 0.189858
-4.08093e-05 -0.000747907 -1 0.30739
0 0 0 1
0.898102 -0.439786 -0.000582794 0.164305
-0.439786 -0.898102 -0.000617604 0.199713
-0.000251795 0.000810976 -1 0.308209
0 0 0 1
0.904901 -0.425623 0.000268704 0.162394
-0.425623 -0.9049 0.000687551 0.209568
-4.94874e-05 -0.000736532 -1 0.309029
0 0 0 1
0.911475 -0.411355 -0.000556906 0.160482
-0.411355 -0.911475 -0.000622712 0.219423
-0.00025145 0.000796673 -1 0.309849
0 0 0 1
0.917825 -0.396985 0.000234277 0.158571
-0.396985 -0.917825 0.000689053 0.229278
-5.85186e-05 -0.000725435 -1 0.310669
0 0 0 1
0.923948 -0.382517 -0.00053087 0.15666
-0.382517 -0.923948 -0.000627005 0.239133
-0.000250656 0.000782387 -1 0.311489
0 0 0 1
0.929844 -0.367955 0.00019982 0.154749
-0.367955 -0.929843 0.000689473 0.248988
-6.78939e-05 -0.000714626 -1 0.312309
0 0 0 1
0.935509 -0.353302 -0.000504712 0.152838
-0.353302 -0.935509 -0.000630477 0.258844
-0.000249414 0.000768133 -1 0.313129
0 0 0 1
0.940944 -0.338562 0.000165366 0.150926
-0.338562 -0.940944 0.00068881 0.268699
-7.76042e-05 -0.000704118 -1 0.313948
0 0 0 1
0.946147 -0.323738 -0.000478458 0.149015
-0.323738 -0.946146 -0.000633126 0.278554
-0.000247725 0.000753926 -1 0.314768
0 0 0 1
0.951116 -0.308835 0.000130951 0.147104
-0.308835 -0.951116 0.000687064 0.288409
-8.76397e-05 -0.00069392 -1 0.315588
0 0 0 1
0.95585 -0.293855 -0.000452134 0.145193
-0.293855 -0.95585 -0.000634949 0.298264
-0.00024559 0.000739778 -1 0.316408
0 0 0 1
0.960348 -0.278802 9.66074e-05 0.143282
-0.278802 -0.960348 0.000684239 0.308119
-9.79908e-05 -0.000684042 -1 0.317228
0 0 0 1
0.96461 -0.263681 -0.000425766 0.14137
-0.263681 -0.96461 -0.000635944 0.317974
-0.000243011 0.000725704 -1 0.318048
0 0 0 1
0.968633 -0.248495 6.23694e-05 0.139459
-0.248495 -0.968633 0.000680336 0.327829
-0.000108647 -0.000674495 -1 0.318868
0 0 0 1
0.972417 -0.233247 -0.000399379 0.137548
-0.233247 -0.972417 -0.00063611 0.337684
-0.000239992 0.000711719 -1 0.319687
0 0 0 1
0.975962 -0.217942 2.8271e-05 0.135637
-0.217942 -0.975961 0.000675359 0.34754
-0.000119598 -0.000665286 -1 0.320507
0 0 0 1
0.979265 -0.202583 -0.000373 0.133726
-0.202583 -0.979265 -0.000635447 0.357395
-0.000236535 0.000697835 -1 0.321327
0 0 0 1
0.982327 -0.187174 -5.65426e-06 0.131814
-0.187174 -0.982327 0.000669314 0.36725
-0.000130833 -0.000656427 -1 0.322147
0 0 0 1
0.985146 -0.171719 -0.000346655 0.129903
-0.171719 -0.985146 -0.000633956 0.377105
-0.000232643 0.000684067 -1 0.322967
0 0 0 1
0.987722 -0.156221 -3.93728e-05 0.127992
-0.156221 -0.987722 0.000662206 0.38696
-0.00014234 -0.000647924 -1 0.323787
0 0 0 1
0.990054 -0.140685 -0.000320369 0.126081
-0.140685 -0.990054 -0.000631638 0.396815
-0.000228321 0.000670427 -1 0.324607
0 0 0 1
0.992142 -0.125115 -7.28515e-05 0.12417
-0.125114 -0.992142 0.000654042 0.40667
-0.000154109 -0.000639788 -1 0.325426
0 0 0 1
0.993985 -0.109513 -0.00029417 0.122258
-0.109513 -0.993985 -0.000628495 0.416525
-0.000223572 0.00065693 -1 0.326246
0 0 0 1
0.995583 -0.0938841 -0.000106057 0.120347
-0.093884 -0.995583 0.00064483 0.42638
-0.000166128 -0.000632025 -1 0.327066
0 0 0 1
0.996935 -0.0782321 -0.000268082 0.118436
-0.0782323 -0.996935 -0.000624531 0.436236
-0.000218402 0.00064359 -1 0.327886
0 0 0 1
0.998041 -0.062561 -0.000138957 0.116525
-0.0625609 -0.998041 0.00063458 0.446091
-0.000178385 -0.000624644 -1 0.328706
0 0 0 1
0.998901 -0.0468742 -0.000242131 0.114614
-0.0468744 -0.998901 -0.000619749 0.455946
-0.000212815 0.000630418 -1 0.329526
0 0 0 1
0.999514 -0.0311761 -0.000171519 0.112702
-0.031176 -0.999514 0.000623301 0.465801
-0.000190867 -0.000617651 -1 0.330346
0 0 0 1
0.99988 -0.0154701 -0.000216344 0.110791
-0.0154702 -0.99988 -0.000614154 0.475656
-0.000206817 0.000617428 -1 0.331165
0 0 0 1
